443,3651156,213973,3865129
53027,2767108,9,2767117
22,1528471,0,1528471
47940,1367160,6,1367166
80,1012689,2,1012691
1900,2,495297,495299
53852,488057,5,488062
53839,422778,5,422783
53918,374383,7,374390
5222,315893,2,315895
49153,279729,530,280259
49152,246006,11,246017
1935,245068,0,245068
60757,224783,71,224854
40767,216912,4,216916
10001,1,212913,212914
53,312,153231,153543
46330,142664,23,142687
2179,134120,0,134120
50901,132566,12,132578
33434,17,119770,119787
57125,109579,9,109588
58387,109017,4,109021
38035,104706,4,104710
123,2,101714,101716
60745,97610,6,97616
4500,278,94587,94865
38461,88660,4,88664
59960,31,79593,79624
5228,79554,2,79556
47747,71139,1,71140
49908,59676,5,59681
53935,59370,12,59382
67,2,53108,53110
56700,40371,12291,52662
2173,52480,0,52480
3080,344,52107,52451
50443,51333,15,51348
68,2,48690,48692
50323,48362,9,48371
57107,46452,6,46458
3478,25952,20191,46143
8080,40213,1,40214
40179,37914,4,37918
40933,36486,9,36495
53544,35074,7,35081
56118,33334,6,33340
42284,32852,8,32860
62049,32447,0,32447
58285,137,31538,31675
54720,30145,4,30149
54623,27903,1,27904
62463,27535,0,27535
61399,5,26732,26737
465,26243,0,26243
3910,25775,2,25777
55955,28,25320,25348
55572,25328,14,25342
64307,24501,0,24501
62127,5,24214,24219
48305,24,23864,23888
5000,23823,25,23848
25050,22393,0,22393
37802,21776,10,21786
58375,21734,26,21760
993,21171,0,21171
57644,58,19593,19651
54709,19625,4,19629
49873,19402,9,19411
46656,27,19313,19340
50619,62,18284,18346
3222,300,17814,18114
48868,18019,4,18023
57976,44,17167,17211
55005,16862,1,16863
48967,16570,0,16570
52805,16403,5,16408
8443,16332,0,16332
57400,16142,2,16144
35332,16110,7,16117
49918,15972,3,15975
50844,15829,4,15833
52131,15244,11,15255
58042,102,14864,14966
3063,14961,0,14961
62032,14904,0,14904
54713,14552,8,14560
54462,29,14371,14400
21787,14299,0,14299
1443,14095,2,14097
26740,11,14002,14013
53239,13655,7,13662
55576,13268,11,13279
47282,13263,7,13270
2869,12963,0,12963
49154,12407,8,12415
36858,4,12199,12203
54118,12109,9,12118
60162,12062,6,12068
2181,11976,0,11976
53160,11226,2,11228
2180,11201,0,11201
45276,11183,3,11186
34230,11135,8,11143
51740,11083,2,11085
5353,7,10836,10843
61024,10734,2,10736
56382,10593,4,10597
52239,10481,8,10489
49835,10464,15,10479
52467,10332,5,10337
62856,11,10204,10215
58527,10160,2,10162
34680,9946,3,9949
48901,7,9904,9911
48969,9860,3,9863
57032,9850,8,9858
64215,9840,4,9844
49802,9710,10,9720
8090,9679,2,9681
10000,1,9508,9509
43379,39,9299,9338
42488,26,9235,9261
137,2,9238,9240
3702,376,8718,9094
54213,8905,3,8908
36181,8336,2,8338
45262,8263,3,8266
52478,8144,12,8156
49792,8035,44,8079
50890,8058,14,8072
36314,9,8051,8060
47660,10,8036,8046
27477,7802,0,7802
46699,7697,2,7699
28046,7563,0,7563
54638,7542,9,7551
50908,16,7470,7486
46563,7398,1,7399
49195,7368,6,7374
58868,7307,25,7332
38307,12,7232,7244
28987,7076,0,7076
53436,6923,7,6930
50161,6802,10,6812
56008,6723,3,6726
55915,6693,0,6693
46194,14,6679,6693
57545,102,6352,6454
57026,6429,7,6436
52974,6279,9,6288
2952,6233,0,6233
35792,6144,3,6147
56378,6033,86,6119
53487,6004,15,6019
52466,5838,9,5847
49171,5707,12,5719
62531,5703,4,5707
59279,5604,5,5609
63937,5595,11,5606
50805,5559,14,5573
49882,5507,0,5507
54820,5310,26,5336
49317,9,5321,5330
57275,5207,16,5223
61969,13,5072,5085
45485,10,5066,5076
57278,5016,6,5022
40647,4981,6,4987
25587,1,4935,4936
61375,4901,0,4901
57619,4831,14,4845
50623,4816,7,4823
50179,4797,9,4806
57618,4780,10,4790
56898,4784,5,4789
7399,4784,1,4785
58671,4777,2,4779
58792,34,4702,4736
62550,4705,1,4706
49897,4691,5,4696
43385,4661,16,4677
43296,4667,10,4677
52956,23,4634,4657
17500,1,4629,4630
58103,15,4592,4607
54251,4541,14,4555
54818,4547,4,4551
51882,4519,2,4521
48986,4518,3,4521
34862,19,4463,4482
48934,11,4419,4430
50221,4425,4,4429
49559,84,4337,4421
49709,4395,11,4406
34846,4393,4,4397
49944,4384,5,4389
36768,40,4338,4378
57559,4359,3,4362
52925,27,4242,4269
40571,4223,5,4228
49801,4202,15,4217
48999,1,4205,4206
46096,1,4197,4198
60258,4107,9,4116
57793,4015,13,4028
33735,4025,1,4026
58841,3430,591,4021
63869,4019,0,4019
52640,3978,12,3990
47520,20,3827,3847
59458,3826,12,3838
59081,22,3775,3797
63864,3737,1,3738
64528,3732,0,3732
58876,3696,4,3700
36859,21,3666,3687
51533,3643,14,3657
50080,3589,4,3593
61803,17,3573,3590
49858,3570,9,3579
50384,3568,10,3578
51896,3229,312,3541
36869,3524,0,3524
41333,3473,5,3478
53685,3440,26,3466
138,2,3401,3403
33800,12,3300,3312
54113,42,3225,3267
54738,3234,7,3241
5223,3226,2,3228
57066,3155,29,3184
57040,3161,20,3181
46224,3146,7,3153
59039,3144,8,3152
54063,3139,11,3150
51530,3109,27,3136
54812,3124,4,3128
50776,3123,2,3125
56528,3115,7,3122
51217,64,3030,3094
65096,3083,1,3084
40788,11,3068,3079
51575,44,3034,3078
49904,3058,10,3068
44011,3054,7,3061
55686,3049,9,3058
63591,5,3044,3049
35231,3034,4,3038
61591,3026,1,3027
60958,17,3003,3020
50806,2923,82,3005
50564,2966,16,2982
44135,12,2965,2977
57881,2955,5,2960
28978,2946,0,2946
61849,25,2907,2932
58142,47,2880,2927
61785,2902,0,2902
49825,2802,5,2807
58000,2603,185,2788
50068,2779,2,2781
61276,2766,0,2766
42337,2739,17,2756
7275,2747,1,2748
60332,2713,8,2721
29812,1,2691,2692
37601,10,2662,2672
55317,2647,5,2652
52422,13,2613,2626
56922,2614,2,2616
47789,65,2524,2589
56116,2570,10,2580
37616,9,2558,2567
57564,2535,5,2540
55969,2519,5,2524
60199,53,2470,2523
37366,2507,4,2511
51099,83,2412,2495
58327,2464,15,2479
38762,8,2425,2433
50291,2425,8,2433
53231,2418,9,2427
52030,2422,5,2427
44246,28,2399,2427
57551,2414,9,2423
45966,14,2400,2414
57522,2401,5,2406
63610,18,2378,2396
33842,2367,7,2374
54416,39,2302,2341
50203,2305,5,2310
58259,2274,10,2284
57799,2254,6,2260
35110,21,2233,2254
53164,2245,5,2250
60187,2229,20,2249
57565,2222,19,2241
49888,2227,5,2232
55965,2205,5,2210
42147,2206,0,2206
58107,2199,7,2206
53480,2201,3,2204
36346,2188,8,2196
57737,2190,5,2195
40117,2183,11,2194
64063,2159,0,2159
57003,2136,8,2144
57563,2055,6,2061
57651,2058,3,2061
55901,6,2045,2051
59523,37,2011,2048
58304,2033,6,2039
49161,2008,29,2037
41919,9,2018,2027
58473,2017,7,2024
39732,2015,1,2016
61805,1991,6,1997
41712,11,1971,1982
59253,85,1897,1982
59231,1967,9,1976
57590,1964,8,1972
60562,10,1961,1971
39064,9,1953,1962
61296,1956,0,1956
52232,1943,8,1951
64297,1923,1,1924
59986,1914,7,1921
53714,1907,5,1912
49427,1895,16,1911
58838,1883,18,1901
54346,1890,6,1896
58343,1868,13,1881
43048,1873,4,1877
57488,1863,8,1871
11095,1870,0,1870
44391,1862,3,1865
59105,1855,6,1861
50500,1840,20,1860
54528,13,1845,1858
57735,1840,8,1848
50219,30,1805,1835
57957,1813,4,1817
57500,1792,12,1804
50218,1787,12,1799
40649,1771,7,1778
56125,1754,17,1771
52779,1758,4,1762
50520,1749,7,1756
57305,32,1723,1755
49729,1733,10,1743
54582,1718,14,1732
51864,1717,6,1723
48835,1699,2,1701
57567,1681,12,1693
61156,1664,9,1673
54218,23,1637,1660
48468,5,1652,1657
56642,50,1593,1643
64295,1608,29,1637
54618,1619,5,1624
48360,11,1612,1623
64359,1622,0,1622
26376,10,1606,1616
42223,1612,1,1613
56182,18,1587,1605
57471,1142,441,1583
64430,1565,10,1575
59088,1566,9,1575
60328,48,1515,1563
52433,1542,5,1547
57379,28,1511,1539
52746,1522,12,1534
18081,1,1528,1529
57964,122,1405,1527
23596,1526,0,1526
54987,1519,3,1522
37966,14,1504,1518
49890,1503,9,1512
57179,1490,4,1494
56427,1481,9,1490
43100,1475,4,1479
48498,1476,2,1478
40673,23,1447,1470
57165,1465,4,1469
36897,1450,7,1457
57191,1419,36,1455
60095,219,1231,1450
57795,1440,4,1444
56112,1431,4,1435
57649,1320,104,1424
60298,115,1306,1421
51678,1394,24,1418
65361,5,1409,1414
51103,1396,9,1405
64553,1389,0,1389
61784,1385,1,1386
47983,1375,4,1379
51781,38,1338,1376
55295,1367,8,1375
58526,1361,12,1373
34100,1349,17,1366
61524,1361,3,1364
53074,1342,21,1363
50851,1345,15,1360
60989,21,1334,1355
36478,10,1342,1352
63942,1349,0,1349
53444,16,1320,1336
55001,1331,3,1334
59850,1003,328,1331
41385,20,1309,1329
49167,1324,4,1328
56168,1319,3,1322
47783,30,1251,1281
33485,3,1271,1274
49726,1261,8,1269
58664,1263,5,1268
50850,1252,13,1265
45710,93,1172,1265
54613,1249,7,1256
52481,1240,11,1251
49185,1222,14,1236
54579,1225,9,1234
39216,1227,2,1229
58254,1223,5,1228
42965,1212,14,1226
46398,1215,8,1223
57502,1221,1,1222
60942,1199,19,1218
59914,17,1195,1212
43761,26,1179,1205
55630,236,967,1203
59194,1182,9,1191
61171,1184,1,1185
1119,1183,0,1183
49688,1169,11,1180
55025,1169,8,1177
50834,1163,7,1170
58464,1149,6,1155
57108,1146,5,1151
53534,1129,10,1139
43114,1133,2,1135
34575,1134,0,1134
50371,1121,6,1127
60413,21,1103,1124
50329,1106,13,1119
56418,1113,4,1117
49156,1106,7,1113
53683,1109,3,1112
57739,1077,30,1107
53048,1087,12,1099
59350,1085,8,1093
53208,1058,15,1073
56167,1071,1,1072
63552,14,1055,1069
49880,1059,8,1067
50018,1043,15,1058
48586,84,970,1054
49567,1040,10,1050
65360,5,1044,1049
50792,865,178,1043
53995,424,617,1041
46234,1,1033,1034
52966,120,909,1029
58501,1023,5,1028
50872,14,1013,1027
57508,1014,7,1021
53229,1013,6,1019
62997,88,922,1010
57510,1006,1,1007
8089,1,989,990
55188,984,5,989
58638,982,6,988
60456,975,9,984
53308,15,965,980
53383,16,962,978
60280,969,8,977
61065,17,957,974
59750,960,4,964
60629,11,952,963
52595,36,927,963
57801,957,5,962
58454,128,815,943
59013,934,8,942
48685,12,926,938
57127,530,408,938
50178,933,4,937
33492,928,8,936
55279,922,10,932
51105,924,6,930
49631,53,875,928
57506,907,16,923
64158,916,2,918
43176,914,3,917
51999,889,12,901
52439,55,844,899
37531,3,890,893
52812,50,840,890
49716,41,842,883
51104,874,3,877
53980,38,839,877
44458,13,863,876
58481,867,8,875
56281,52,822,874
59291,852,21,873
58825,847,18,865
6881,1,863,864
49693,848,9,857
55097,852,2,854
3911,850,3,853
49191,848,4,852
49300,511,341,852
34235,838,7,845
54571,834,9,843
51984,6,837,843
51906,838,3,841
19358,840,0,840
53510,830,7,837
49878,830,2,832
56517,825,5,830
25067,1,826,827
57711,716,110,826
63343,5,817,822
51106,814,7,821
59326,810,6,816
61881,18,798,816
56228,809,5,814
46704,812,2,814
49335,805,8,813
50055,779,34,813
57120,807,6,813
57851,795,14,809
38012,39,758,797
41590,791,5,796
53902,505,290,795
59504,786,7,793
62626,12,780,792
60189,777,15,792
49570,781,10,791
51540,783,7,790
54718,775,1,776
53690,758,16,774
54750,766,8,774
49892,766,5,771
59074,752,18,770
57293,766,3,769
53282,750,19,769
50598,425,342,767
42730,41,726,767
57622,750,15,765
62708,19,746,765
58360,761,3,764
55292,750,7,757
58279,755,1,756
60121,25,731,756
50788,634,109,743
60508,35,708,743
50354,728,14,742
38501,731,10,741
58255,523,214,737
58407,167,569,736
54976,39,696,735
53073,27,708,735
53086,722,8,730
55218,717,8,725
57705,701,20,721
57592,688,31,719
57016,701,11,712
49686,710,2,712
55294,697,14,711
53737,63,647,710
55910,688,21,709
33716,701,6,707
4927,705,2,707
59287,253,453,706
38361,695,11,706
62396,704,1,705
57291,685,20,705
57193,691,9,700
57721,696,2,698
50001,63,634,697
63665,693,2,695
58488,689,6,695
57699,666,28,694
33666,685,9,694
3339,693,0,693
54039,679,11,690
46028,686,3,689
56171,678,8,686
56226,665,20,685
4070,685,0,685
58328,671,12,683
50833,662,20,682
64232,682,0,682
57266,647,34,681
54953,670,9,679
55555,64,613,677
4014,675,2,677
59294,661,12,673
58379,57,616,673
64014,672,0,672
56766,28,644,672
53724,658,12,670
54345,25,643,668
57873,661,6,667
60155,649,13,662
49024,467,195,662
4041,662,0,662
49884,657,4,661
58636,622,38,660
3514,658,2,660
58231,647,13,660
52896,654,5,659
3323,658,0,658
43194,653,4,657
60426,656,1,657
59874,652,4,656
51574,643,12,655
54804,651,4,655
5355,1,653,654
51102,648,4,652
49860,640,12,652
4370,650,2,652
46058,649,3,652
50624,643,7,650
34343,647,3,650
48822,645,1,646
56998,639,7,646
64697,15,629,644
4603,641,2,643
53020,23,620,643
43752,633,8,641
3609,640,0,640
64530,9,631,640
59834,633,6,639
52000,629,9,638
3258,634,2,636
52556,61,573,634
4778,630,2,632
50848,619,12,631
56284,626,5,631
3952,631,0,631
37029,20,611,631
3617,631,0,631
51337,21,609,630
3893,625,0,625
4131,623,1,624
51936,27,597,624
52557,618,5,623
54996,614,9,623
48958,24,598,622
3324,621,0,621
3512,620,0,620
55176,619,0,619
43188,611,5,616
57534,614,1,615
49696,610,5,615
60708,8,607,615
3245,612,1,613
57671,607,5,612
4682,606,4,610
4544,608,2,610
4055,609,1,610
54059,607,2,609
45092,23,585,608
3556,605,2,607
49691,576,30,606
4677,601,2,603
65202,13,589,602
4104,598,1,599
54331,66,532,598
55620,42,556,598
50583,406,192,598
63626,23,574,597
57070,25,569,594
62159,11,583,594
36394,592,0,592
49927,588,4,592
54447,25,566,591
3780,590,0,590
3621,590,0,590
56950,588,1,589
49184,579,10,589
4124,587,1,588
4861,585,3,588
49694,576,10,586
59507,562,22,584
3685,582,1,583
61303,64,519,583
43117,579,4,583
59819,571,10,581
62624,579,1,580
57036,43,537,580
3302,576,2,578
51040,556,22,578
4023,577,0,577
59280,558,18,576
53895,455,120,575
36172,568,6,574
37212,24,548,572
31156,1,571,572
3848,570,0,570
50790,550,20,570
55307,557,11,568
40698,561,5,566
39759,553,13,566
47821,477,89,566
55116,560,6,566
62800,25,540,565
52245,502,62,564
61078,32,531,563
36135,558,5,563
50812,549,10,559
62217,554,2,556
47781,548,7,555
50571,550,5,555
49382,548,6,554
49942,543,11,554
3847,553,0,553
5351,1,552,553
58444,546,6,552
41101,545,5,550
53202,545,5,550
43130,542,6,548
59068,66,481,547
56435,538,9,547
53631,37,510,547
45568,150,396,546
61036,23,523,546
57530,543,3,546
3205,543,2,545
55065,538,7,545
55408,532,11,543
55022,532,9,541
61162,537,2,539
57641,530,6,536
44198,21,514,535
54243,529,6,535
59717,149,386,535
63639,25,509,534
55300,532,1,533
58781,500,32,532
4079,532,0,532
60660,520,9,529
59365,520,9,529
56058,519,10,529
192,2,527,529
59207,5,523,528
52938,523,5,528
58796,522,5,527
57212,515,12,527
56187,509,15,524
50786,505,19,524
63836,10,513,523
45711,1,520,521
60472,514,7,521
57184,500,20,520
60306,487,33,520
49690,514,6,520
49763,514,4,518
57688,513,5,518
50461,505,11,516
49393,497,18,515
52419,505,9,514
58005,504,9,513
58593,55,457,512
53700,507,5,512
3859,512,0,512
62733,8,504,512
51913,495,16,511
34047,29,482,511
56213,26,485,511
58586,28,482,510
59555,492,18,510
55766,478,31,509
50749,55,454,509
3186,507,2,509
34373,506,3,509
55174,489,18,507
60237,500,7,507
58732,504,3,507
49692,499,8,507
55322,502,4,506
58443,72,432,504
57675,493,11,504
40234,498,5,503
54908,488,15,503
64462,471,31,502
52793,439,62,501
58692,489,11,500
49249,475,23,498
47559,492,6,498
46065,489,8,497
49444,485,12,497
49291,321,176,497
58338,490,6,496
58840,490,6,496
58329,459,37,496
53237,478,17,495
61161,494,0,494
57503,476,18,494
41364,485,9,494
50062,484,9,493
56055,483,9,492
49684,484,8,492
48010,485,7,492
62215,490,1,491
58391,489,1,490
47830,478,12,490
34075,7,483,490
55092,121,368,489
37707,484,5,489
55293,480,9,489
44305,480,8,488
54392,480,6,486
59147,473,13,486
51615,480,6,486
51620,477,8,485
56908,479,6,485
45689,479,5,484
58986,476,8,484
51184,471,13,484
53019,476,8,484
55786,477,7,484
44993,475,9,484
52115,473,10,483
3724,482,0,482
51369,474,8,482
55745,453,28,481
57437,468,12,480
60973,477,3,480
52548,459,21,480
4287,477,2,479
41959,471,7,478
50918,468,10,478
57894,434,44,478
49448,61,416,477
59077,474,3,477
64467,477,0,477
40170,471,5,476
42418,469,7,476
56959,471,5,476
51091,474,2,476
17767,1,475,476
32819,465,10,475
52691,37,438,475
54932,467,8,475
43392,399,76,475
52380,461,13,474
52424,448,25,473
57441,468,5,473
58148,466,7,473
49821,464,9,473
53521,468,4,472
43097,466,5,471
56917,464,7,471
57174,458,13,471
59209,452,19,471
33881,468,3,471
55539,469,2,471
17102,1,470,471
33967,466,4,470
39891,463,6,469
41262,462,6,468
39251,437,31,468
60646,455,12,467
49855,458,9,467
59475,458,9,467
50007,49,417,466
40383,463,1,464
4685,462,2,464
50633,444,20,464
35605,458,6,464
38903,449,14,463
48663,457,6,463
46713,459,4,463
36748,460,2,462
57911,448,14,462
37925,18,443,461
52863,54,407,461
55137,80,381,461
52866,72,388,460
49527,455,5,460
49473,456,4,460
38890,457,3,460
57457,451,8,459
38252,447,12,459
49649,446,12,458
45250,453,4,457
38333,446,10,456
42244,449,7,456
3226,360,95,455
60122,444,10,454
45671,449,4,453
47486,447,6,453
61115,5,448,453
57186,439,14,453
39882,443,10,453
50829,27,426,453
60127,448,5,453
57244,451,2,453
33377,5,447,452
46607,448,4,452
59543,436,16,452
45535,446,5,451
55210,26,425,451
55746,444,7,451
42214,442,8,450
50159,441,9,450
44237,443,6,449
49437,426,23,449
36407,442,6,448
46169,445,3,448
50745,24,424,448
3686,446,2,448
4267,446,2,448
37766,440,7,447
53338,445,1,446
59877,230,216,446
49695,438,8,446
59703,440,6,446
50765,429,17,446
52565,437,9,446
46875,437,8,445
50959,441,4,445
11101,1,444,445
33626,441,4,445
53151,438,6,444
40842,439,4,443
56206,51,392,443
50460,436,7,443
55855,438,5,443
53547,432,11,443
56993,437,6,443
3529,442,0,442
46387,433,9,442
47981,435,6,441
59478,435,6,441
56375,434,7,441
52469,435,6,441
45017,437,4,441
54589,430,10,440
42683,429,11,440
53025,20,420,440
38303,434,6,440
36359,431,9,440
59020,426,13,439
58438,429,10,439
42586,435,4,439
58560,434,4,438
54062,432,6,438
33938,431,6,437
35334,435,2,437
51046,410,27,437
51236,429,8,437
55027,420,16,436
42894,430,6,436
49687,419,17,436
39652,435,1,436
59346,425,10,435
49607,431,4,435
53298,425,10,435
43741,434,1,435
56426,429,5,434
44063,431,3,434
54043,423,11,434
62347,17,417,434
57532,419,14,433
35889,426,7,433
42957,424,9,433
60953,416,17,433
47315,421,11,432
42932,428,4,432
49976,416,16,432
49288,82,350,432
3291,431,0,431
58245,414,17,431
65364,5,426,431
50664,31,400,431
35689,426,5,431
52964,37,393,430
50714,421,9,430
43475,422,7,429
56545,422,7,429
49386,425,4,429
53586,46,383,429
33010,424,5,429
57172,419,10,429
52323,418,10,428
57156,423,5,428
55275,200,228,428
54912,423,5,428
44617,426,2,428
50794,413,15,428
57233,416,12,428
53913,420,8,428
58113,424,3,427
57292,420,7,427
34305,415,12,427
54442,422,5,427
38729,423,4,427
37696,424,3,427
33573,425,1,426
4717,424,2,426
39996,418,8,426
51693,339,87,426
49772,413,13,426
49302,382,43,425
64463,419,6,425
33281,423,2,425
3603,424,0,424
49920,419,5,424
35061,414,10,424
54561,16,408,424
44228,419,4,423
56694,414,9,423
63791,416,6,422
33530,403,19,422
52689,408,14,422
55303,412,10,422
47043,410,11,421
58911,411,10,421
44920,409,12,421
40457,421,0,421
45926,411,10,421
58290,417,4,421
39432,405,16,421
43139,413,7,420
56933,416,4,420
46280,414,6,420
59225,408,12,420
50646,417,3,420
37083,415,4,419
33955,412,7,419
64846,16,403,419
53554,416,2,418
59179,409,9,418
60056,39,379,418
54526,408,10,418
59115,412,5,417
59584,408,9,417
3234,347,70,417
37502,409,8,417
37828,406,10,416
47027,406,10,416
40260,409,6,415
44889,410,5,415
59069,7,408,415
35266,409,6,415
46763,409,6,415
59182,414,1,415
38060,412,2,414
59571,401,13,414
4115,413,1,414
43524,410,4,414
57207,403,11,414
39313,410,3,413
38930,409,4,413
57128,395,18,413
33569,408,5,413
59869,390,23,413
43052,412,1,413
54092,408,4,412
52596,79,333,412
52046,361,51,412
3082,319,93,412
60998,397,15,412
42766,404,8,412
60880,402,9,411
50405,408,3,411
61480,26,385,411
51171,403,8,411
51959,400,11,411
57282,400,10,410
55190,9,401,410
50063,406,4,410
50737,408,2,410
55935,401,8,409
50227,403,6,409
49937,400,9,409
61292,241,168,409
65290,5,404,409
47261,405,3,408
33771,400,8,408
33461,397,11,408
58229,382,26,408
35072,401,7,408
55153,401,6,407
54398,400,7,407
35747,400,6,406
52728,393,13,406
54545,399,7,406
41187,398,7,405
56894,399,6,405
3235,339,66,405
57660,48,357,405
45400,396,8,404
59677,393,11,404
52325,398,6,404
57469,94,310,404
54961,397,7,404
34698,400,4,404
34670,400,4,404
60268,401,3,404
61202,19,385,404
38217,390,13,403
52737,390,13,403
46701,397,6,403
59474,387,16,403
54126,395,8,403
47216,401,1,402
50357,400,2,402
3123,259,143,402
3331,400,2,402
4792,400,2,402
34808,375,27,402
42783,398,3,401
40844,398,3,401
35202,398,3,401
3342,399,2,401
62532,395,6,401
40838,399,2,401
51496,396,4,400
54517,393,7,400
48754,394,6,400
40850,394,5,399
47060,395,4,399
37181,389,10,399
34380,395,4,399
33367,396,3,399
52909,387,12,399
44667,397,2,399
37365,397,2,399
49119,399,0,399
44377,392,7,399
60385,394,4,398
58249,76,322,398
54663,388,10,398
43984,393,5,398
43914,391,6,397
36440,391,6,397
50458,395,2,397
3227,371,26,397
4229,395,2,397
60316,389,8,397
60167,388,9,397
43721,390,6,396
37844,386,10,396
46772,395,1,396
48975,389,7,396
4363,394,2,396
3931,394,2,396
52783,392,4,396
36693,384,11,395
33565,387,8,395
4109,394,1,395
32983,394,1,395
37072,388,6,394
51573,387,7,394
43635,392,2,394
39703,392,2,394
47833,386,8,394
34451,392,2,394
45972,390,3,393
37026,387,6,393
59872,383,10,393
52175,383,10,393
49795,391,2,393
36347,376,17,393
57717,385,8,393
43105,390,3,393
34419,390,3,393
43678,381,12,393
48252,386,6,392
65119,392,0,392
34510,386,6,392
37765,384,8,392
49594,388,4,392
39081,386,5,391
44839,386,4,390
41233,384,6,390
4784,386,4,390
61984,11,379,390
37136,384,5,389
46367,380,9,389
4777,387,2,389
63512,389,0,389
41656,385,3,388
52510,380,8,388
59089,376,12,388
3531,386,2,388
3600,388,0,388
4110,385,3,388
52043,377,11,388
54817,381,7,388
40184,382,6,388
48212,381,6,387
57492,378,9,387
50013,381,6,387
56383,26,360,386
59590,382,4,386
49360,370,16,386
3340,386,0,386
42051,380,6,386
41525,377,8,385
40420,382,3,385
58507,384,1,385
60259,365,20,385
49096,381,4,385
50125,39,346,385
59461,231,154,385
3890,213,172,385
51243,15,370,385
45630,384,0,384
3996,384,0,384
35723,371,13,384
52894,316,68,384
42898,378,6,384
57047,375,8,383
49698,374,9,383
4085,381,2,383
3410,383,0,383
54756,376,7,383
37990,379,4,383
46963,380,3,383
9100,383,0,383
42304,379,3,382
3594,382,0,382
51862,369,12,381
3108,334,47,381
3994,381,0,381
48203,378,2,380
54079,376,4,380
4359,378,2,380
3799,380,0,380
4849,378,2,380
4547,378,2,380
4786,378,2,380
42773,369,10,379
52179,13,366,379
3428,377,2,379
4223,377,2,379
52498,367,12,379
4789,377,2,379
4870,375,4,379
45006,375,4,379
48742,377,1,378
49073,367,11,378
54949,370,8,378
3601,378,0,378
4545,376,2,378
34447,371,7,378
51405,374,3,377
48960,376,1,377
3341,376,1,377
34635,375,2,377
3599,375,2,377
4330,372,5,377
59440,368,9,377
48567,368,8,376
43892,374,2,376
4929,374,2,376
3351,376,0,376
3720,376,0,376
3597,376,0,376
50782,367,9,376
55297,364,11,375
59281,366,9,375
4367,373,2,375
4107,372,3,375
3602,374,1,375
36266,371,3,374
4773,372,2,374
4611,371,3,374
52597,354,20,374
3346,374,0,374
34678,370,4,374
60335,371,3,374
57424,371,2,373
49675,358,15,373
3271,373,0,373
35286,368,5,373
4528,369,4,373
4045,373,0,373
43950,365,8,373
4501,371,2,373
55063,366,7,373
46059,366,7,373
52097,360,12,372
55773,99,273,372
4098,371,1,372
53358,365,7,372
37796,362,10,372
57147,355,16,371
50599,368,3,371
38228,362,9,371
59880,360,11,371
3141,325,46,371
3328,371,0,371
4790,367,4,371
4925,369,2,371
3329,371,0,371
3325,369,2,371
41190,365,5,370
57185,357,13,370
3592,369,1,370
53112,362,8,370
40084,366,4,370
4793,368,2,370
45963,362,7,369
54688,353,16,369
59506,362,7,369
3760,367,2,369
3231,335,34,369
3355,369,0,369
3272,362,6,368
4249,364,4,368
55563,65,303,368
49697,363,4,367
3502,365,2,367
49674,349,18,367
56744,363,4,367
53454,361,6,367
52664,353,13,366
3106,288,78,366
4541,364,2,366
42218,364,2,366
33605,361,4,365
3294,365,0,365
3539,365,0,365
3624,365,0,365
4004,365,0,365
4851,363,2,365
60981,361,4,365
36622,359,5,364
61060,354,10,364
3386,364,0,364
3927,362,2,364
4832,362,2,364
3359,361,3,364
4128,362,2,364
3225,334,30,364
4224,362,2,364
4712,361,3,364
49886,350,13,363
3596,363,0,363
4791,359,4,363
37410,358,4,362
3124,328,34,362
3096,342,20,362
4080,361,1,362
49445,347,15,362
4787,358,4,362
3614,361,1,362
3969,362,0,362
55498,94,268,362
36637,357,5,362
3233,313,48,361
60257,49,312,361
4003,361,0,361
58262,352,9,361
44793,356,5,361
56353,353,7,360
61563,30,330,360
53120,344,16,360
3109,341,19,360
3119,216,144,360
3701,360,0,360
4924,356,4,360
54110,357,2,359
49169,341,18,359
3577,357,2,359
4356,356,3,359
64115,359,0,359
4714,356,3,359
4137,358,1,359
3595,359,0,359
37658,357,1,358
51413,65,293,358
3269,356,2,358
3521,356,2,358
3824,358,0,358
4008,354,4,358
3372,358,0,358
54007,351,7,358
4802,355,2,357
4214,353,4,357
50917,352,5,357
62546,344,12,356
4040,356,0,356
3611,356,0,356
52731,351,5,356
4108,354,2,356
58374,345,11,356
43489,352,4,356
4803,353,2,355
53016,347,8,355
4469,350,5,355
3399,355,0,355
4788,349,6,355
4177,353,2,355
48059,351,4,355
54983,346,8,354
44689,352,2,354
40394,350,4,354
4121,353,1,354
35182,351,3,354
3812,353,1,354
3425,354,0,354
4053,352,2,354
3757,354,0,354
35264,348,6,354
16403,1,353,354
55368,337,17,354
4396,351,2,353
3538,351,2,353
3436,353,0,353
56260,116,237,353
53679,351,2,353
4765,351,2,353
57063,347,6,353
39291,348,4,352
44442,348,4,352
55820,347,5,352
41112,344,8,352
53738,48,304,352
4471,350,2,352
4904,350,2,352
56438,332,20,352
4643,348,4,352
3430,352,0,352
55694,38,313,351
49637,351,0,351
4302,349,2,351
3371,351,0,351
3086,305,46,351
4700,347,4,351
4841,347,4,351
4411,347,4,351
53281,344,6,350
3107,274,76,350
49468,339,11,350
3079,350,0,350
4474,348,2,350
4051,350,0,350
3373,350,0,350
62254,346,4,350
50355,344,5,349
55066,343,6,349
3213,349,0,349
3332,347,2,349
3522,347,2,349
4479,345,4,349
4846,345,4,349
52893,327,22,349
3953,349,0,349
4231,346,2,348
4697,343,5,348
3716,348,0,348
4800,346,2,348
3625,344,4,348
58150,53,295,348
4930,345,2,347
4928,344,3,347
3604,347,0,347
4815,345,2,347
3283,347,0,347
3607,347,0,347
3942,310,37,347
4412,344,2,346
54265,319,27,346
3102,240,106,346
50102,341,5,346
4716,344,2,346
50827,339,7,346
4719,344,2,346
49673,330,16,346
4633,344,2,346
4783,344,2,346
41397,338,7,345
4082,344,1,345
4475,343,2,345
4118,344,1,345
4478,343,2,345
4175,341,4,345
3526,345,0,345
3618,345,0,345
4086,343,2,345
3593,343,2,345
3967,343,2,345
37620,343,2,345
59508,336,9,345
4781,342,2,344
4662,340,4,344
4323,342,2,344
3767,343,1,344
4043,342,2,344
45818,337,6,343
4102,342,1,343
4081,340,3,343
4119,340,3,343
4230,339,4,343
3785,343,0,343
4970,341,2,343
3255,343,0,343
59464,49,294,343
4872,341,2,343
4576,341,2,343
64897,26,316,342
55818,234,108,342
4876,336,6,342
3792,342,0,342
49783,327,15,342
3077,341,1,342
4809,340,2,342
52772,342,0,342
3228,244,98,342
3094,329,13,342
3158,340,2,342
3496,341,1,342
19317,1,341,342
3374,339,2,341
4487,337,4,341
4116,338,3,341
3534,339,2,341
3970,341,0,341
3721,341,0,341
4009,341,0,341
3326,341,0,341
27699,11,330,341
4874,340,1,341
54946,327,13,340
3424,338,2,340
3432,340,0,340
4019,340,0,340
4372,336,4,340
3435,338,2,340
4955,336,4,340
4975,338,2,340
3613,339,1,340
3396,339,0,339
4935,337,2,339
4756,335,4,339
4083,339,0,339
3699,337,2,339
4112,336,3,339
4485,337,2,339
4675,337,2,339
4959,335,4,339
3192,337,2,339
4091,337,2,339
58498,334,5,339
60407,37,301,338
3160,338,0,338
4559,336,2,338
3286,338,0,338
38914,336,2,338
3926,338,0,338
59708,333,5,338
50880,38,299,337
4001,335,2,337
3257,337,0,337
3431,335,2,337
4101,336,1,337
3747,335,2,337
4105,334,3,337
3232,317,20,337
3640,337,0,337
3684,336,1,337
3735,335,2,337
55013,331,6,337
53565,18,319,337
46290,331,5,336
3787,336,0,336
3362,336,0,336
3115,238,98,336
4550,334,2,336
4417,332,4,336
4480,334,2,336
4413,334,2,336
4088,336,0,336
4362,332,4,336
3270,336,0,336
4386,334,2,336
4377,334,2,336
3390,335,1,336
4873,332,4,336
4785,332,4,336
3230,297,38,335
3450,335,0,335
63925,333,2,335
4218,333,2,335
4767,331,4,335
3261,335,0,335
59387,315,20,335
4006,334,1,335
38788,332,3,335
60437,329,5,334
4087,333,1,334
3712,334,0,334
4919,330,4,334
4069,333,1,334
4169,332,2,334
3330,334,0,334
4613,332,2,334
4251,332,2,334
4113,333,1,334
3369,334,0,334
4926,330,4,334
60554,30,303,333
3353,333,0,333
3268,333,0,333
4482,331,2,333
3504,331,2,333
49702,33,300,333
4090,333,0,333
60848,22,311,333
4591,331,2,333
3954,333,0,333
3598,333,0,333
3405,330,2,332
4012,330,2,332
4384,330,2,332
3150,332,0,332
3357,332,0,332
3590,332,0,332
3930,332,0,332
4035,332,0,332
3366,332,0,332
3088,255,76,331
55073,328,3,331
4992,329,2,331
3533,329,2,331
4400,327,4,331
3924,331,0,331
3912,331,0,331
3090,293,38,331
3761,331,0,331
3922,331,0,331
4673,327,4,331
4002,331,0,331
54760,326,4,330
52775,326,4,330
3078,330,0,330
4196,328,2,330
4745,327,3,330
3527,328,2,330
3704,330,0,330
3905,326,4,330
4956,328,2,330
4987,326,4,330
58409,160,170,330
4916,327,2,329
3129,287,42,329
51569,52,277,329
58317,322,7,329
62383,320,9,329
4746,327,2,329
3928,329,0,329
4095,329,0,329
3409,327,2,329
3454,325,4,329
3698,329,0,329
4695,324,5,329
4769,324,4,328
4280,324,4,328
57547,310,18,328
4814,327,1,328
3786,326,2,328
3093,306,22,328
4228,326,2,328
3537,328,0,328
4447,324,4,328
3265,328,0,328
52031,14,314,328
4397,326,2,328
4974,325,3,328
3196,327,0,327
3615,325,2,327
4078,327,0,327
3692,327,0,327
3754,325,2,327
3367,327,0,327
4724,325,2,327
3120,231,96,327
4711,325,2,327
4693,323,4,327
4213,322,4,326
52159,27,299,326
3915,324,2,326
4868,324,2,326
3485,326,0,326
4416,324,2,326
59363,315,11,326
3408,326,0,326
4931,324,2,326
3681,326,0,326
4271,324,2,326
3990,325,0,325
3164,324,1,325
3606,325,0,325
55495,317,8,325
4797,323,2,325
3279,325,0,325
4843,321,4,325
4969,323,2,325
59505,290,35,325
17341,1,324,325
32924,317,7,324
3242,324,0,324
4054,324,0,324
3727,324,0,324
4442,321,3,324
3711,324,0,324
4335,320,4,324
3815,324,0,324
3250,322,2,324
50256,322,2,324
4713,322,2,324
3929,323,0,323
3907,323,0,323
4710,321,2,323
3391,323,0,323
3360,323,0,323
4164,320,3,323
3991,323,0,323
3275,323,0,323
3370,321,2,323
4831,321,2,323
57591,63,260,323
4683,317,5,322
3497,322,0,322
4037,321,1,322
3334,319,3,322
4166,320,2,322
4546,320,2,322
4612,320,2,322
4923,320,2,322
4084,322,0,322
61825,322,0,322
4151,320,1,321
4726,319,2,321
4364,319,2,321
4771,319,2,321
4005,321,0,321
4352,316,5,321
4848,312,9,321
3993,319,2,321
4951,319,2,321
3652,319,2,321
4227,319,2,321
51216,320,1,321
58910,319,1,320
4801,316,4,320
4692,317,3,320
50796,302,18,320
4114,319,1,320
3737,320,0,320
3916,320,0,320
3229,314,6,320
3220,320,0,320
3694,320,0,320
3174,320,0,320
3649,320,0,320
3375,319,0,319
62977,12,307,319
3936,319,0,319
3798,319,0,319
4632,317,2,319
4401,313,6,319
4408,317,2,319
4743,317,2,319
4099,318,1,319
3941,319,0,319
3932,319,0,319
60288,29,289,318
62301,11,307,318
3973,318,0,318
3507,317,1,318
4220,316,2,318
3095,294,24,318
4298,316,2,318
3671,318,0,318
4599,316,2,318
52161,23,295,318
3083,295,22,317
4289,315,2,317
4589,315,2,317
3461,317,0,317
4539,312,5,317
3605,315,2,317
3544,316,1,317
3691,317,0,317
4625,313,4,317
35796,6,311,317
4947,315,2,317
3800,311,6,317
3429,316,0,316
3707,316,0,316
3395,316,0,316
3781,316,0,316
4523,301,15,316
3452,316,0,316
4329,313,3,316
4592,314,2,316
3097,275,40,315
3657,315,0,315
3519,315,0,315
3875,315,0,315
4217,313,2,315
3771,309,6,315
3218,315,0,315
3441,315,0,315
3246,315,0,315
3802,315,0,315
3206,315,0,315
4878,313,2,315
4332,313,2,315
4358,313,2,315
4235,313,2,315
58543,310,4,314
51112,305,9,314
3285,313,1,314
3988,314,0,314
54901,294,20,314
49376,308,6,314
49731,300,14,314
3632,314,0,314
3140,308,6,314
4468,311,3,314
3163,314,0,314
3263,311,3,314
4296,310,4,314
3510,311,3,314
4260,312,2,314
4248,311,2,313
3914,313,0,313
4456,312,1,313
51347,300,13,313
3818,313,0,313
3791,312,1,313
3338,313,0,313
3172,312,1,313
50324,309,4,313
3881,313,0,313
3147,313,0,313
3336,313,0,313
4737,309,4,313
3790,313,0,313
57974,299,13,312
4957,310,2,312
3365,308,4,312
3293,312,0,312
3473,312,0,312
4836,308,4,312
3582,310,2,312
4899,310,2,312
3540,310,2,312
3986,309,3,312
4089,312,0,312
3404,310,2,312
4906,308,4,312
3566,310,2,312
3723,310,2,312
4409,310,2,312
3995,312,0,312
4636,310,2,312
4701,310,2,312
4155,310,2,312
4920,310,2,312
58768,302,10,312
4449,309,2,311
51375,25,286,311
50551,15,296,311
4669,309,2,311
3101,276,35,311
55805,308,3,311
4948,309,2,311
3513,311,0,311
3552,311,0,311
4808,307,4,311
3421,311,0,311
4648,309,2,311
4058,309,2,311
4910,309,2,311
4718,307,4,311
61657,143,167,310
4875,308,2,310
4357,306,4,310
4176,304,6,310
49739,294,16,310
3563,310,0,310
4293,306,4,310
4147,309,1,310
3378,310,0,310
4806,308,2,310
4985,308,2,310
64314,308,2,310
4699,307,3,310
4606,308,2,310
4010,309,0,309
3274,309,0,309
4125,306,3,309
3347,309,0,309
3772,309,0,309
3549,307,2,309
4276,306,3,309
4561,307,2,309
3710,307,2,309
3718,309,0,309
3284,309,0,309
3348,309,0,309
3098,286,23,309
4492,305,4,309
3876,309,0,309
53916,300,8,308
4703,306,2,308
3104,278,30,308
3730,308,0,308
3207,308,0,308
4100,305,3,308
4705,302,6,308
4816,303,5,308
3918,308,0,308
3968,308,0,308
4664,306,2,308
3697,308,0,308
4631,304,4,308
63378,13,295,308
4322,305,3,308
41119,304,4,308
45069,305,2,307
56339,299,8,307
3138,257,50,307
3249,307,0,307
54884,303,4,307
3135,307,0,307
4319,303,4,307
4466,305,2,307
4847,301,6,307
3726,307,0,307
3524,307,0,307
3136,304,3,307
4552,301,6,307
3422,307,0,307
4845,305,2,307
4011,307,0,307
4211,305,2,307
4021,307,0,307
3380,307,0,307
4722,305,2,307
17468,1,306,307
4921,305,2,307
50809,302,5,307
55649,20,287,307
29963,1,306,307
3487,306,0,306
4964,302,4,306
4465,302,4,306
3127,294,12,306
3696,304,2,306
4604,304,2,306
57007,300,6,306
3557,306,0,306
4123,305,1,306
4907,303,3,306
43074,300,5,305
55056,208,97,305
4314,303,2,305
4476,303,2,305
3899,303,2,305
50200,106,199,305
4483,303,2,305
4191,303,2,305
4117,304,1,305
4015,305,0,305
4212,303,2,305
4161,303,2,305
4204,303,2,305
3789,301,4,305
3212,305,0,305
4174,301,4,305
4908,303,2,305
4645,303,2,305
57286,299,6,305
49689,296,8,304
54985,293,11,304
51570,300,4,304
4798,302,2,304
3629,302,2,304
4495,302,2,304
4415,302,2,304
3567,304,0,304
3587,304,0,304
3411,304,0,304
3752,304,0,304
4553,302,2,304
3118,270,34,304
49647,284,20,304
4018,304,0,304
3673,302,2,304
55724,13,291,304
3913,302,2,304
3259,304,0,304
4590,302,2,304
4142,301,3,304
4065,304,0,304
61852,32,272,304
4780,300,4,304
4103,303,1,304
41643,1,303,304
4477,301,2,303
50502,85,218,303
3814,300,3,303
3963,303,0,303
3281,301,2,303
3403,303,0,303
4605,299,4,303
4265,300,3,303
3546,303,0,303
4365,299,4,303
3110,291,12,303
3756,303,0,303
4933,301,2,303
4560,299,4,303
3958,301,2,303
4966,300,3,303
3641,303,0,303
3558,303,0,303
3784,303,0,303
4898,301,2,303
53236,299,3,302
4859,297,5,302
4696,299,3,302
3488,302,0,302
3999,292,10,302
4782,300,2,302
4946,298,4,302
3535,302,0,302
3773,302,0,302
4157,299,3,302
3713,302,0,302
3627,302,0,302
3343,302,0,302
4111,301,1,302
4245,299,3,302
3415,302,0,302
4145,300,2,302
3112,264,38,302
3170,302,0,302
60458,299,3,302
59401,294,8,302
3388,299,2,301
4824,299,2,301
4938,299,2,301
4407,299,2,301
3248,299,2,301
3536,301,0,301
3377,301,0,301
3099,281,20,301
3434,301,0,301
3448,301,0,301
4880,300,1,301
3413,301,0,301
3187,301,0,301
3923,301,0,301
4514,299,2,301
3898,300,1,301
4862,299,2,301
4610,299,2,301
3376,299,2,301
3956,299,2,301
60229,291,9,300
3439,298,2,300
3766,298,2,300
4317,298,2,300
3381,299,1,300
4141,299,1,300
4292,296,4,300
4542,298,2,300
3516,299,1,300
3223,300,0,300
4735,298,2,300
3706,300,0,300
3426,298,2,300
3210,298,2,300
4303,296,4,300
4160,298,2,300
4715,295,5,300
4170,297,3,300
3111,298,2,300
50751,293,7,300
59873,278,21,299
3732,299,0,299
3363,297,2,299
4720,297,2,299
3776,299,0,299
3731,299,0,299
4637,297,2,299
57061,41,258,299
4731,295,4,299
4850,295,4,299
3126,253,46,299
4531,297,2,299
3518,298,1,299
4050,299,0,299
3874,297,2,299
3278,297,2,299
4770,298,1,299
3247,299,0,299
4221,296,2,298
4198,296,2,298
4073,298,0,298
4375,296,2,298
4914,294,4,298
4459,296,2,298
3805,296,2,298
3976,298,0,298
3769,296,2,298
4884,294,4,298
4702,294,4,298
4903,296,2,298
4779,295,3,298
3289,297,0,297
57188,126,171,297
4269,295,2,297
3904,297,0,297
3946,297,0,297
3861,295,2,297
4918,295,2,297
3959,297,0,297
4340,294,3,297
4345,293,4,297
3834,297,0,297
4556,295,2,297
3700,297,0,297
3530,297,0,297
3573,297,0,297
4017,297,0,297
4674,295,2,297
3262,297,0,297
4320,295,2,297
4883,295,2,297
58301,127,170,297
53276,290,7,297
3801,297,0,297
54798,282,14,296
3148,294,2,296
3103,226,70,296
3479,293,3,296
4106,295,1,296
4305,294,2,296
3639,296,0,296
4318,294,2,296
3739,296,0,296
3738,296,0,296
4530,295,1,296
4402,294,2,296
3506,296,0,296
4805,292,4,296
3327,296,0,296
4046,296,0,296
3955,296,0,296
4952,294,2,296
4122,295,1,296
4171,291,5,296
57464,291,4,295
4506,291,4,295
4990,293,2,295
4143,292,3,295
4888,292,3,295
4461,291,4,295
4379,293,2,295
4813,293,2,295
3722,295,0,295
3709,295,0,295
3908,295,0,295
4313,293,2,295
4646,291,4,295
4494,293,2,295
4361,293,2,295
3589,295,0,295
4725,293,2,295
3171,295,0,295
4972,293,2,295
3584,295,0,295
40066,292,2,294
4922,290,4,294
54022,277,17,294
4869,289,5,294
4158,290,4,294
53278,275,19,294
3180,293,1,294
4138,291,3,294
3490,294,0,294
4096,286,8,294
4216,292,2,294
4522,292,2,294
4834,292,2,294
4734,292,2,294
4666,292,2,294
4960,290,4,294
3356,294,0,294
3560,294,0,294
3885,294,0,294
50766,289,5,294
4167,290,4,294
59838,292,2,294
3869,293,0,293
4829,289,4,293
4728,291,2,293
4529,291,2,293
4404,289,4,293
3383,290,3,293
3511,293,0,293
4263,291,2,293
3076,293,0,293
3610,291,2,293
4132,292,1,293
3541,293,0,293
4481,290,3,293
3337,291,2,293
4071,293,0,293
4997,291,2,293
3823,291,2,293
4163,291,2,293
3471,293,0,293
4879,287,6,293
4902,290,3,293
3580,291,1,292
3938,292,0,292
4389,290,2,292
4383,288,4,292
3243,292,0,292
4826,290,2,292
3925,292,0,292
3528,292,0,292
3703,290,2,292
57163,47,245,292
4270,289,3,292
4942,288,4,292
60195,279,13,292
3957,292,0,292
4865,290,2,292
3832,290,2,292
4607,290,2,292
3401,290,2,292
4575,288,4,292
4256,289,3,292
4721,290,2,292
4840,289,2,291
3523,291,0,291
4835,289,2,291
3364,291,0,291
3555,291,0,291
3089,263,28,291
3084,244,47,291
4013,291,0,291
3451,291,0,291
3822,291,0,291
4406,289,2,291
4311,287,4,291
4423,287,4,291
49685,288,3,291
4165,289,2,291
4207,286,5,291
4368,289,2,291
4659,289,2,291
4120,290,1,291
4621,287,4,291
4739,282,9,291
4000,289,2,291
3074,291,0,291
3872,283,8,291
4324,286,4,290
4891,288,2,290
51566,34,256,290
58108,288,2,290
4152,287,3,290
3503,290,0,290
4958,288,2,290
3520,290,0,290
60799,283,7,290
4437,286,4,290
4638,288,2,290
4598,286,4,290
4148,289,1,290
50045,52,238,290
3714,290,0,290
4833,286,4,290
3134,289,1,290
4508,287,3,290
4325,288,2,290
3565,290,0,290
4057,290,0,290
40718,12,277,289
61468,23,266,289
61301,103,186,289
4857,285,4,289
4242,283,6,289
3197,287,2,289
4294,287,2,289
50100,282,7,289
4498,287,2,289
3588,289,0,289
4064,287,2,289
4988,287,2,289
4369,287,2,289
4978,285,4,289
4614,285,4,289
4758,287,2,289
4844,288,1,289
40920,280,8,288
4068,286,2,288
3393,288,0,288
4346,286,2,288
4652,286,2,288
3477,288,0,288
4775,284,4,288
3660,288,0,288
4403,286,2,288
4517,286,2,288
3542,288,0,288
3612,288,0,288
4639,286,2,288
3273,288,0,288
4077,285,3,288
4007,288,0,288
3203,288,0,288
4574,284,4,288
4059,286,2,288
3951,286,2,288
3920,288,0,288
52496,280,8,288
4776,286,2,288
51815,284,4,288
58027,17,270,287
3282,287,0,287
3297,287,0,287
4649,283,4,287
4853,282,5,287
4630,285,2,287
3149,287,0,287
3072,287,0,287
4291,285,2,287
3746,287,0,287
3733,287,0,287
3825,287,0,287
4549,285,2,287
3693,287,0,287
3221,285,2,287
4822,285,2,287
4578,286,1,287
3981,287,0,287
3427,287,0,287
4989,285,2,287
3252,287,0,287
59290,285,2,287
4642,284,3,287
52930,279,8,287
51432,283,3,286
59366,270,16,286
4524,283,3,286
3886,286,0,286
4895,282,4,286
4932,284,2,286
3498,285,1,286
3725,286,0,286
3648,284,2,286
50785,266,20,286
4414,282,4,286
3998,286,0,286
3972,286,0,286
3796,286,0,286
59614,91,195,286
4226,282,4,286
3216,286,0,286
57692,278,8,286
4534,283,2,285
3288,285,0,285
3185,285,0,285
50101,278,7,285
3935,283,2,285
4172,283,2,285
4887,283,2,285
3085,280,5,285
4491,283,2,285
4945,283,2,285
3659,285,0,285
3763,285,0,285
3350,283,2,285
3813,285,0,285
4237,283,2,285
64218,269,16,285
4572,283,2,285
3414,282,3,285
3896,285,0,285
4159,283,2,285
3865,283,2,285
4093,285,0,285
3574,283,2,285
4173,283,2,285
4954,281,4,285
4308,283,2,285
4825,281,4,285
44687,278,6,284
59240,178,106,284
4241,281,3,284
4297,282,2,284
3793,282,2,284
4772,280,4,284
3980,281,3,284
3081,282,2,284
3759,283,1,284
4838,282,2,284
4568,280,4,284
3690,282,2,284
4301,280,4,284
4915,283,1,284
4327,282,2,284
36392,265,18,283
53412,21,262,283
54128,23,260,283
3919,281,2,283
51761,21,262,283
3561,280,3,283
55428,278,5,283
3361,283,0,283
3677,281,2,283
4410,281,2,283
3564,283,0,283
3762,283,0,283
4380,279,4,283
3794,283,0,283
4707,281,2,283
4830,279,4,283
3344,281,2,283
3654,283,0,283
3420,283,0,283
55506,266,16,282
52709,25,257,282
57897,268,14,282
4490,280,2,282
58835,13,269,282
4842,280,2,282
4234,280,2,282
3774,280,2,282
4754,280,2,282
49365,269,13,282
3303,282,0,282
4537,280,2,282
3982,282,0,282
3143,266,16,282
3548,282,0,282
4134,281,1,282
3744,282,0,282
56641,115,167,282
3457,282,0,282
4555,278,4,282
62784,225,57,282
4331,280,2,282
4890,280,2,282
49603,270,12,282
57008,277,5,282
59361,275,7,282
4877,279,2,281
3921,281,0,281
4355,279,2,281
3827,279,2,281
4373,279,2,281
3491,281,0,281
3253,281,0,281
3992,281,0,281
4535,278,3,281
4140,280,1,281
3125,281,0,281
3705,281,0,281
4130,279,2,281
4640,279,2,281
4273,279,2,281
4326,279,2,281
4986,279,2,281
4202,278,3,281
4446,279,2,281
3437,281,0,281
3749,281,0,281
4768,280,1,281
4944,278,3,281
4650,279,2,281
58169,275,5,280
59765,277,3,280
54993,274,6,280
3091,261,19,280
4934,276,4,280
36525,276,4,280
4347,278,2,280
4818,278,2,280
60593,275,5,280
4583,276,4,280
3184,280,0,280
3532,280,0,280
3287,278,2,280
3591,280,0,280
4581,278,2,280
4551,276,4,280
3354,278,2,280
3219,279,1,280
3803,280,0,280
3884,280,0,280
4911,278,2,280
3683,278,2,280
4993,277,3,280
4588,278,2,280
3608,280,0,280
3828,280,0,280
4917,278,2,280
4858,278,2,280
3440,279,1,280
3394,277,2,279
3238,279,0,279
3173,277,2,279
3202,279,0,279
4020,277,2,279
3122,247,32,279
3975,279,0,279
3260,279,0,279
3466,279,0,279
4615,277,2,279
3407,279,0,279
3950,279,0,279
4299,276,3,279
61961,279,0,279
4762,276,2,278
49699,67,211,278
4470,276,2,278
49678,196,82,278
3352,278,0,278
3368,278,0,278
3934,278,0,278
3214,276,2,278
4663,276,2,278
4796,274,4,278
3891,277,1,278
4039,278,0,278
48407,266,11,277
3133,277,0,277
55662,47,230,277
4661,274,3,277
3782,277,0,277
3458,277,0,277
4316,275,2,277
3349,277,0,277
4509,274,3,277
4354,275,2,277
4755,274,3,277
4900,275,2,277
4828,277,0,277
4881,275,2,277
4467,275,2,277
3745,277,0,277
3748,277,0,277
4399,275,2,277
4126,276,1,277
4390,273,4,277
3550,277,0,277
3215,277,0,277
4794,275,2,277
4894,275,2,277
3695,277,0,277
4219,275,2,277
4936,275,2,277
4866,275,2,277
4540,273,4,277
4991,274,3,277
4067,277,0,277
62423,277,0,277
3188,276,0,276
3156,276,0,276
4129,273,3,276
4962,274,2,276
3423,276,0,276
3578,276,0,276
4371,274,2,276
4484,271,5,276
3092,250,26,276
3753,276,0,276
4183,274,2,276
3198,276,0,276
3937,274,2,276
4042,276,0,276
4030,276,0,276
53096,263,13,276
4300,273,3,276
4763,270,5,275
4460,273,2,275
42938,14,261,275
63303,5,270,275
4856,273,2,275
37295,271,4,275
49387,270,5,275
3264,274,1,275
4774,273,2,275
54770,270,5,275
4150,274,1,275
4732,273,2,275
3845,273,2,275
3830,275,0,275
4233,273,2,275
4268,271,4,275
3906,270,5,275
57371,36,239,275
63231,275,0,275
3137,272,2,274
4747,272,2,274
4135,271,3,274
4277,272,2,274
4609,270,4,274
3719,274,0,274
4405,272,2,274
3308,274,0,274
3645,274,0,274
4393,272,2,274
3775,274,0,274
4729,272,2,274
3764,274,0,274
4072,272,2,274
3572,274,0,274
4742,270,4,274
4426,272,2,274
3653,274,0,274
3316,274,0,274
3322,274,0,274
46060,268,5,273
3838,273,0,273
4860,271,2,273
4179,271,2,273
56546,19,254,273
3442,273,0,273
3494,273,0,273
4723,271,2,273
3515,273,0,273
3900,269,4,273
4940,271,2,273
4709,271,2,273
58429,122,151,273
49480,263,9,272
4259,268,4,272
4653,270,2,272
4905,268,4,272
65521,16,256,272
3113,242,30,272
4391,270,2,272
4153,270,2,272
3966,272,0,272
4889,268,4,272
4864,270,2,272
4804,270,2,272
3826,271,1,272
4594,268,4,272
4950,270,2,272
4038,270,2,272
3128,265,6,271
60150,263,8,271
4668,269,2,271
58347,262,9,271
3983,269,2,271
3623,271,0,271
3397,271,0,271
3412,269,2,271
54551,136,135,271
3319,271,0,271
4274,267,4,271
4186,269,2,271
4817,269,2,271
3585,271,0,271
4382,269,2,271
4016,271,0,271
4424,269,2,271
3419,271,0,271
50402,260,11,271
4626,269,2,271
3839,271,0,271
4977,267,4,271
4912,267,4,271
4759,269,2,271
64303,14,256,270
53368,56,214,270
4149,269,1,270
4472,268,2,270
3833,270,0,270
3804,270,0,270
3717,268,2,270
4893,265,5,270
4192,267,3,270
4451,268,2,270
3770,270,0,270
3443,270,0,270
4290,268,2,270
55538,264,6,270
3300,268,2,270
4736,268,2,270
50783,245,25,270
4691,268,2,270
4257,268,2,270
4973,268,1,269
3940,266,3,269
4338,267,2,269
4156,265,4,269
4282,267,2,269
3301,269,0,269
4686,267,2,269
3809,269,0,269
4749,267,2,269
4421,265,4,269
4283,267,2,269
3620,267,2,269
3385,269,0,269
4827,265,4,269
4374,267,2,269
3217,269,0,269
3678,269,0,269
4392,267,2,269
3647,267,2,269
4208,267,2,269
4961,267,2,269
3240,267,2,269
4998,267,2,269
3715,269,0,269
60320,24,245,269
3315,269,0,269
4896,267,2,269
3619,268,1,269
3831,266,3,269
3581,269,0,269
3866,269,0,269
41535,267,2,269
4971,264,4,268
60200,34,234,268
4965,266,2,268
3917,268,0,268
50832,256,12,268
3449,267,1,268
3417,268,0,268
4953,266,2,268
4885,266,2,268
3765,266,2,268
4061,268,0,268
3933,266,2,268
4310,266,2,268
4698,266,2,268
34295,266,2,268
3280,266,2,268
61379,249,18,267
55012,260,7,267
53789,255,12,267
3997,267,0,267
3655,267,0,267
4823,263,4,267
3854,267,0,267
3978,267,0,267
3979,267,0,267
4968,264,3,267
3159,267,0,267
3682,267,0,267
4620,265,2,267
4448,265,2,267
4066,266,1,267
4366,265,2,267
3883,267,0,267
4708,261,6,267
4554,262,4,266
4342,262,4,266
3142,250,16,266
3650,265,1,266
3486,266,0,266
3132,266,0,266
3989,266,0,266
3114,258,8,266
4180,264,2,266
4206,264,2,266
3755,266,0,266
3239,266,0,266
4761,264,2,266
4350,262,4,266
4097,263,3,266
4453,264,2,266
3901,266,0,266
4075,266,0,266
4963,264,2,266
3816,266,0,266
4976,264,2,266
3628,266,0,266
3961,264,2,266
59837,254,12,266
40692,260,6,266
45787,16,250,266
3468,265,0,265
4681,263,2,265
3438,265,0,265
4047,265,0,265
4215,261,4,265
3783,262,3,265
4601,262,3,265
3864,265,0,265
3144,240,25,265
4060,261,4,265
4432,263,2,265
50131,251,14,265
4307,263,2,265
60153,251,14,265
4162,263,2,265
53404,259,5,264
4690,262,2,264
43175,258,6,264
3460,264,0,264
3819,262,2,264
54629,256,8,264
4398,262,2,264
3292,262,2,264
4629,260,4,264
4344,263,1,264
4420,262,2,264
3547,263,1,264
3669,262,2,264
4044,260,4,264
50524,259,4,263
3256,263,0,263
56093,253,10,263
3575,263,0,263
4807,259,4,263
3909,263,0,263
3736,263,0,263
4671,261,2,263
4518,259,4,263
4513,259,4,263
3974,261,2,263
4567,261,2,263
4558,261,2,263
3644,260,3,263
4154,261,2,263
62385,262,1,263
4029,263,0,263
3562,263,0,263
3622,263,0,263
4499,259,3,262
3277,262,0,262
3406,262,0,262
3525,262,0,262
3945,262,0,262
3153,261,1,262
4139,261,1,262
4052,262,0,262
3675,262,0,262
4353,258,4,262
3949,259,3,262
38454,251,11,262
58950,253,8,261
54615,258,3,261
56619,42,219,261
51362,231,30,261
55064,249,12,261
60240,252,9,261
3688,261,0,261
4197,259,2,261
4032,259,2,261
3962,260,1,261
3335,261,0,261
4819,259,2,261
4706,257,4,261
3651,261,0,261
50784,246,15,261
57849,244,17,261
4795,258,2,260
3821,260,0,260
60707,33,227,260
54992,254,6,260
44893,255,5,260
3658,258,2,260
4757,258,2,260
4496,258,2,260
4512,256,4,260
4564,258,2,260
4760,254,6,260
53819,249,11,260
4672,258,2,260
3456,260,0,260
3626,260,0,260
4941,257,3,260
3817,260,0,260
3873,260,0,260
57586,246,14,260
4262,257,3,260
4250,256,4,260
61504,7,252,259
60191,32,227,259
52766,35,224,259
4146,258,1,259
59385,251,8,259
3157,259,0,259
3493,259,0,259
3168,259,0,259
4394,255,4,259
4497,255,4,259
4587,257,2,259
4557,257,2,259
50037,253,6,259
3960,259,0,259
4867,257,2,259
4341,256,3,259
51523,11,247,258
3161,258,0,258
4388,254,4,258
3313,258,0,258
4034,258,0,258
4839,256,2,258
3296,258,0,258
56030,28,230,258
4753,256,2,258
3402,257,1,258
4543,256,2,258
3943,258,0,258
4429,254,4,258
3100,222,36,258
3835,257,1,258
3679,258,0,258
61333,258,0,258
56283,36,222,258
4943,256,2,258
56113,257,1,258
55464,250,7,257
55067,253,4,257
4452,253,4,257
4586,252,5,257
3309,255,2,257
4351,255,2,257
4521,253,4,257
3643,257,0,257
4871,255,2,257
3453,255,2,257
4600,254,3,257
4507,253,4,257
3267,256,1,257
4730,255,2,257
4462,253,4,257
57669,250,7,257
38959,252,4,256
59409,243,13,256
60039,40,216,256
4252,254,2,256
4837,254,2,256
4136,255,1,256
4580,252,4,256
3971,256,0,256
3175,254,2,256
3501,256,0,256
3400,256,0,256
4304,252,4,256
3806,256,0,256
3416,256,0,256
4740,254,2,256
3676,256,0,256
3965,254,2,256
33012,252,4,256
4967,254,2,256
4635,254,2,256
43204,247,8,255
57496,247,8,255
4378,253,2,255
4996,253,2,255
3317,255,0,255
3166,253,2,255
4455,253,2,255
3266,255,0,255
4422,253,2,255
34298,250,5,255
4306,253,2,255
4688,253,2,255
4516,251,4,255
4619,253,2,255
3389,255,0,255
4502,251,4,255
3944,253,2,255
57294,247,8,255
3489,252,2,254
4983,252,2,254
50519,250,4,254
4205,250,4,254
4577,252,2,254
35135,246,8,254
3631,252,2,254
3807,252,2,254
3446,253,1,254
3902,254,0,254
3189,254,0,254
3571,254,0,254
4428,252,2,254
4622,252,2,254
4348,252,2,254
4333,252,2,254
4949,250,4,254
3459,252,2,254
3576,254,0,254
3903,254,0,254
63473,254,0,254
55331,250,4,254
51279,25,228,253
4463,249,4,253
50337,243,10,253
4634,249,4,253
3199,253,0,253
3742,253,0,253
4454,251,2,253
4339,249,4,253
41396,248,5,253
3741,253,0,253
60156,246,7,253
41938,247,5,252
61164,251,1,252
3777,252,0,252
3985,252,0,252
3162,250,2,252
4766,250,2,252
3224,250,2,252
3662,250,2,252
3740,252,0,252
4094,252,0,252
53937,20,232,252
50501,44,208,252
4579,250,2,252
3392,243,9,252
60248,246,6,252
3251,251,0,251
4628,249,2,251
4056,251,0,251
50430,245,6,251
53003,246,5,251
3829,251,0,251
4360,249,2,251
3616,251,0,251
4510,247,4,251
4027,249,2,251
3545,249,2,251
3320,249,2,251
3734,251,0,251
3846,251,0,251
3674,247,4,251
3191,251,0,251
4246,247,4,251
3987,251,0,251
4295,248,3,251
3860,251,0,251
3398,251,0,251
57603,239,12,251
62829,251,0,251
58480,246,5,251
3551,251,0,251
4562,249,2,251
4748,247,4,251
55309,56,195,251
3849,248,2,250
4913,248,2,250
3165,250,0,250
3636,250,0,250
4144,249,1,250
3075,250,0,250
3708,250,0,250
3211,250,0,250
3307,250,0,250
3633,250,0,250
4660,245,5,250
50866,236,14,250
62961,5,245,250
37926,16,233,249
4503,247,2,249
55945,243,6,249
64912,5,244,249
3470,248,1,249
3201,249,0,249
3145,249,0,249
4321,247,2,249
4185,245,4,249
3310,249,0,249
4617,245,4,249
49255,231,18,249
3152,249,0,249
4022,248,1,249
49506,241,8,249
3117,231,18,249
63269,11,238,249
4937,245,4,249
59388,242,7,249
4651,244,4,248
4811,246,2,248
3244,246,2,248
3495,246,2,248
4445,246,2,248
4752,246,2,248
3183,248,0,248
3333,248,0,248
4209,246,2,248
3630,248,0,248
3870,248,0,248
55627,138,110,248
4395,244,4,248
56225,241,7,248
4909,246,2,248
58943,27,221,248
4312,245,2,247
58141,11,236,247
59261,241,6,247
57819,125,122,247
4243,245,2,247
3858,247,0,247
4278,244,3,247
3750,246,1,247
3146,245,2,247
4188,245,2,247
3379,247,0,247
3743,245,2,247
4387,245,2,247
3469,245,2,247
4536,245,2,247
4641,243,4,247
4694,245,2,247
4655,244,3,247
3433,247,0,247
4744,245,2,247
4255,245,2,247
3646,244,3,247
4678,245,2,247
4253,243,4,247
17090,1,246,247
48775,233,13,246
64378,5,241,246
3897,246,0,246
3345,246,0,246
3482,246,0,246
4504,244,2,246
4225,242,4,246
3656,246,0,246
3517,246,0,246
4195,244,2,246
4443,244,2,246
3087,242,4,246
3788,246,0,246
4984,241,5,246
37812,234,12,246
4901,242,4,246
4654,242,4,246
3318,246,0,246
4240,237,8,245
59887,234,11,245
3667,245,0,245
3116,215,30,245
3964,245,0,245
4381,241,4,245
4573,241,4,245
4281,243,2,245
4548,242,3,245
57843,240,5,245
4505,243,2,245
4596,243,2,245
3820,245,0,245
4821,243,2,245
55020,119,126,245
56440,217,28,245
60454,239,6,245
4679,240,4,244
4892,241,3,244
3209,244,0,244
52364,243,1,244
4799,242,2,244
3689,244,0,244
3984,244,0,244
4569,240,4,244
3208,244,0,244
3570,244,0,244
53684,236,8,244
21372,1,243,244
3384,243,0,243
4764,241,2,243
52384,24,219,243
4464,241,2,243
4048,242,1,243
3484,241,2,243
4199,239,4,243
4595,241,2,243
3121,217,26,243
3778,241,2,243
3795,243,0,243
3810,240,3,243
3508,242,1,243
3947,243,0,243
54446,223,19,242
62986,237,5,242
56437,224,18,242
4727,238,4,242
3204,242,0,242
4488,240,2,242
3444,242,0,242
3728,242,0,242
4538,241,1,242
58691,223,19,242
53235,233,9,242
55827,234,7,241
60154,233,8,241
55264,217,24,241
49343,229,12,241
4189,237,4,241
3670,241,0,241
4704,239,2,241
4585,239,2,241
4563,239,2,241
60099,127,114,241
3729,239,2,241
3131,241,0,241
4820,237,4,241
4244,238,3,241
4049,239,2,241
43711,241,0,241
4852,239,2,241
50665,234,7,241
46627,115,126,241
3290,240,0,240
3382,240,0,240
3559,240,0,240
3314,238,2,240
3167,240,0,240
4750,238,2,240
4286,238,2,240
3668,240,0,240
4473,236,4,240
3779,240,0,240
4810,236,4,240
4812,238,2,240
53979,185,55,240
3073,240,0,240
4982,238,2,240
4343,238,2,240
50198,231,9,240
57210,233,7,240
3500,240,0,240
39187,230,9,239
4616,237,2,239
3634,239,0,239
3151,239,0,239
3358,239,0,239
53200,223,16,239
3306,239,0,239
63285,5,234,239
54207,17,221,238
49507,234,4,238
48734,136,102,238
49261,231,7,238
4187,236,2,238
3464,238,0,238
3867,237,1,238
3176,238,0,238
4644,236,2,238
59999,31,207,238
55889,223,15,238
43113,212,25,237
58545,229,8,237
50819,228,9,237
4076,237,0,237
4680,233,4,237
3311,237,0,237
4074,237,0,237
4261,233,4,237
3200,237,0,237
3889,234,3,237
4994,235,2,237
3887,236,1,237
3463,237,0,237
61341,237,0,237
4181,235,2,237
50641,224,12,236
3465,234,2,236
3481,235,1,236
4458,234,2,236
4882,234,2,236
4597,234,2,236
52687,222,14,236
55278,224,12,236
4939,232,4,236
4689,231,4,235
4028,235,0,235
3455,235,0,235
4418,233,2,235
4275,233,2,235
4658,233,2,235
3139,235,0,235
4684,226,9,235
4031,232,3,235
62026,16,219,235
43137,35,199,234
58230,207,27,234
4284,233,1,234
4751,230,4,234
3276,232,2,234
3672,234,0,234
4532,232,2,234
4127,233,1,234
4168,232,2,234
4733,232,2,234
58149,229,5,234
40908,229,5,234
56439,225,8,233
47793,99,134,233
50275,224,9,233
54024,39,194,233
3836,231,2,233
4676,229,4,233
4182,229,4,233
3948,233,0,233
3687,233,0,233
4525,231,2,233
4886,230,3,233
4062,230,3,233
3842,233,0,233
3476,233,0,233
57454,229,3,232
56472,12,220,232
4995,228,4,232
4450,230,2,232
50099,226,6,232
3387,232,0,232
3840,232,0,232
3583,232,0,232
3462,232,0,232
40597,228,4,232
4285,229,2,231
3851,230,1,231
3241,231,0,231
3467,231,0,231
3837,231,0,231
56951,224,7,231
4897,229,2,231
50504,223,8,231
3509,231,0,231
57365,34,197,231
57863,224,6,230
47579,223,7,230
4239,228,2,230
4026,230,0,230
3665,230,0,230
3586,230,0,230
55845,221,9,230
5357,228,2,230
4618,228,2,230
3194,230,0,230
55296,220,9,229
60755,15,214,229
3475,227,2,229
55089,226,3,229
63963,33,196,229
4349,225,4,229
3299,229,0,229
4376,225,4,229
4571,227,2,229
4526,227,2,229
3977,229,0,229
62392,218,11,229
4602,227,2,229
4033,229,0,229
4593,227,2,229
59265,226,3,229
59196,35,193,228
58448,217,11,228
52782,209,19,228
4670,224,4,228
4519,223,5,228
4328,226,2,228
4486,226,2,228
3418,226,2,228
63417,16,212,228
4980,224,4,228
53837,226,1,227
61237,12,215,227
4741,225,2,227
3797,227,0,227
3543,227,0,227
49543,54,173,227
3130,227,0,227
4210,223,4,227
55032,187,40,227
3880,227,0,227
4667,223,4,227
4092,226,1,227
52734,9,217,226
4656,222,4,226
59289,224,2,226
58794,217,9,226
58471,219,7,226
4315,222,4,226
3312,226,0,226
3321,226,0,226
3236,226,0,226
49452,43,183,226
3483,226,0,226
4582,224,2,226
52520,29,197,226
63218,221,5,226
51084,213,13,226
16605,1,225,226
23213,1,225,226
60857,223,2,225
4232,222,3,225
4024,225,0,225
4435,223,2,225
4981,223,2,225
3638,225,0,225
3568,225,0,225
3637,225,0,225
3853,225,0,225
4334,223,2,225
4863,218,6,224
4855,222,2,224
4431,222,2,224
4184,222,2,224
51668,220,4,224
51165,18,206,224
54972,217,7,224
4203,222,2,224
59070,42,182,224
3182,224,0,224
55173,197,26,223
43864,214,9,223
59726,215,8,223
55122,211,12,223
54752,217,6,223
36182,215,8,223
3445,223,0,223
4266,218,4,222
59255,217,5,222
3499,222,0,222
3857,222,0,222
3758,222,0,222
4533,220,2,222
51686,207,15,222
61957,37,185,222
60739,74,147,221
4665,219,2,221
54791,30,191,221
4584,219,2,221
4288,217,4,221
4309,219,2,221
4193,217,4,221
3298,220,1,221
4190,218,3,221
56540,221,0,221
3877,217,4,221
4247,215,6,221
58271,202,18,220
58494,217,3,220
3579,220,0,220
50380,60,160,220
6889,1,219,220
3862,220,0,220
49564,35,185,220
4434,218,2,220
3855,218,2,220
3181,218,2,220
59853,208,12,220
49784,209,11,220
3661,219,0,219
3895,219,0,219
3474,219,0,219
4570,217,2,219
3154,217,2,219
62843,24,195,219
43082,212,7,219
54639,24,194,218
59842,210,8,218
40295,214,4,218
62786,218,0,218
57637,54,164,218
4194,216,2,218
4627,216,2,218
4444,213,5,218
34512,20,198,218
53930,200,18,218
4457,214,4,218
60610,43,175,218
41752,214,4,218
55298,210,8,218
64464,217,1,218
59292,212,6,218
57555,212,6,218
52785,197,20,217
59841,212,5,217
3193,215,2,217
3868,215,2,217
3871,215,2,217
3894,217,0,217
4979,215,2,217
58474,207,10,217
4527,215,2,217
4254,215,2,217
40924,211,5,216
4433,212,4,216
38275,63,153,216
3480,210,6,216
3892,216,0,216
3492,213,3,216
4520,214,2,216
4489,214,2,216
3505,216,0,216
59226,41,175,216
40755,12,204,216
63183,216,0,216
33019,210,5,215
60152,211,4,215
4178,213,2,215
57627,76,139,215
4337,213,2,215
4493,213,2,215
57198,206,9,215
56702,37,178,215
61306,211,4,215
55947,16,199,215
57099,22,193,215
58330,207,8,215
3879,215,0,215
61816,208,7,215
29808,1,214,215
44149,214,1,215
3105,210,4,214
51120,172,42,214
50911,201,13,214
51397,10,203,213
60171,98,115,213
51588,23,190,213
4738,211,2,213
3666,213,0,213
53931,202,11,213
46740,209,3,212
55954,21,191,212
50056,204,8,212
58447,208,4,212
53248,207,5,212
53121,203,9,212
49609,202,10,212
49419,127,85,212
61737,210,1,211
57396,205,6,211
44592,66,145,211
50778,198,13,211
3852,211,0,211
56552,203,8,211
43096,206,4,210
55835,199,11,210
4272,207,3,210
54647,204,6,210
51831,15,195,210
54998,195,15,210
3195,210,0,210
49876,200,10,210
4419,208,2,210
4854,205,5,210
4025,210,0,210
3177,210,0,210
52592,76,134,210
3844,208,2,210
4201,208,2,210
33059,203,7,210
42864,29,181,210
55288,201,9,210
50285,210,0,210
48338,200,9,209
58180,189,20,209
34307,205,4,209
60096,199,10,209
56585,192,17,209
56086,187,22,209
3179,209,0,209
49237,181,28,209
4133,208,1,209
3939,209,0,209
59800,204,5,209
34606,190,19,209
53999,206,3,209
58061,185,24,209
40699,208,1,209
3811,208,0,208
57906,136,72,208
37235,200,8,208
54362,36,172,208
49536,64,144,208
56682,203,5,208
39353,203,5,208
51228,205,3,208
25134,1,207,208
18765,1,207,208
45796,199,8,207
59577,26,181,207
4336,205,2,207
49743,201,6,207
55942,50,157,207
62785,201,6,207
60969,200,7,207
58479,196,11,207
34094,204,3,207
49118,206,1,207
40913,206,1,207
57944,189,17,206
59870,189,17,206
53275,197,9,206
60247,190,16,206
4427,204,2,206
4565,204,2,206
4385,202,4,206
3863,206,0,206
52754,193,13,206
4222,204,2,206
34556,205,1,206
36292,193,12,205
52171,199,6,205
3751,205,0,205
3304,205,0,205
51014,201,4,205
58028,94,111,205
57727,184,20,204
4647,202,2,204
4036,204,0,204
51325,198,6,204
59513,191,13,204
53241,54,150,204
63187,203,1,204
37825,200,4,204
50823,194,9,203
50009,190,13,203
54255,188,15,203
4200,201,2,203
60838,197,6,203
4441,201,2,203
36534,198,5,203
3569,203,0,203
38707,195,8,203
54223,33,170,203
52784,197,5,202
58071,10,192,202
3680,202,0,202
57480,122,80,202
63817,198,4,202
59138,37,165,202
3447,198,4,202
3472,201,1,202
57846,185,17,202
4238,198,4,202
4608,199,3,202
54653,186,16,202
53111,30,172,202
51850,29,172,201
51349,19,182,201
4623,198,3,201
4063,201,0,201
4430,199,2,201
60845,191,10,201
60466,193,8,201
60820,193,8,201
53512,165,35,200
50098,195,5,200
53272,197,3,200
56566,193,7,200
50446,18,182,200
57445,197,3,200
50374,199,1,200
50097,192,8,200
4438,199,1,200
55718,185,15,200
60251,195,5,200
51003,190,10,200
33050,189,11,200
51726,8,191,199
60923,24,175,199
57903,69,130,199
49155,196,3,199
5287,197,2,199
38659,192,7,199
49446,184,15,199
54404,184,15,199
43754,194,5,199
49465,28,171,199
58493,189,10,199
47908,106,93,199
43823,11,187,198
54622,194,4,198
52594,189,9,198
58476,194,4,198
52017,107,91,198
3305,198,0,198
60029,193,5,198
4279,196,2,198
50042,171,27,198
4264,196,2,198
57805,194,3,197
50932,188,9,197
3237,195,2,197
64411,196,1,197
3155,197,0,197
3169,197,0,197
58538,183,14,197
3664,197,0,197
63856,194,3,197
64403,197,0,197
3882,197,0,197
64074,197,0,197
59103,170,26,196
50276,175,21,196
49534,48,148,196
49491,186,10,196
53919,193,3,196
58300,31,165,196
54826,188,8,196
53218,194,2,196
4436,192,4,196
4440,194,2,196
59269,183,13,196
51002,176,20,196
53051,62,133,195
50079,20,175,195
57731,190,5,195
37835,192,3,195
59288,179,16,195
43120,194,1,195
56111,193,2,195
59785,188,6,194
55450,188,6,194
3254,194,0,194
3808,194,0,194
59150,180,14,194
58054,158,36,194
57678,188,5,193
61174,5,188,193
55055,170,23,193
50321,40,153,193
56108,179,14,193
55701,182,11,193
59751,185,8,193
39235,190,3,193
51528,188,4,192
51111,17,175,192
56570,187,5,192
4236,190,2,192
59868,182,10,192
34290,190,2,192
4258,190,2,192
49194,189,3,192
57879,187,5,192
52729,15,176,191
47876,183,8,191
49940,88,103,191
59875,157,34,191
49293,185,6,191
56389,185,6,191
3295,189,2,191
57583,178,13,191
53769,71,120,191
60151,185,6,191
40541,186,5,191
62264,190,1,191
53511,184,6,190
58339,188,2,190
56562,176,14,190
57602,181,9,190
57953,176,14,190
59809,179,11,190
49585,134,56,190
58247,101,89,190
56029,25,165,190
59876,183,7,190
59113,184,6,190
58307,15,175,190
55826,181,8,189
55693,67,122,189
59789,180,9,189
53740,66,123,189
58446,185,4,189
50928,187,2,189
4566,185,4,189
57009,175,14,189
54644,13,176,189
61877,5,184,189
17262,1,188,189
57001,185,3,188
59032,181,7,188
44912,184,4,188
44797,185,3,188
63182,188,0,188
57226,183,4,187
61348,186,1,187
44819,58,129,187
58762,183,4,187
55481,183,4,187
43136,182,4,186
4511,184,2,186
55825,167,19,186
55925,177,9,186
49422,171,15,186
59797,182,4,186
58806,177,9,186
59071,178,8,186
51782,173,13,186
61310,174,12,186
41943,114,71,185
52194,175,10,185
4624,183,2,185
51813,185,0,185
57073,182,2,184
50971,178,6,184
4687,182,2,184
61298,169,15,184
50835,178,6,184
59824,97,87,184
53206,173,11,184
61954,29,155,184
52716,46,138,184
55054,175,8,183
58263,174,9,183
55087,178,5,183
4439,179,4,183
3190,183,0,183
45192,166,17,183
58040,125,57,182
61611,21,161,182
57177,171,11,182
54726,47,135,182
50059,172,10,182
3635,180,2,182
53643,31,151,182
58085,16,166,182
46737,179,2,181
40885,16,165,181
46754,179,2,181
60653,138,43,181
58272,166,15,181
51482,173,8,181
49385,178,3,181
55636,177,4,181
3878,180,1,181
55886,176,5,181
58654,161,20,181
52607,38,143,181
3663,181,0,181
54117,172,9,181
59403,109,72,181
56229,175,5,180
48786,32,148,180
59678,169,11,180
54596,32,148,180
53861,25,155,180
32877,175,5,180
56892,93,87,180
53179,26,154,180
56014,162,17,179
46695,173,6,179
62434,5,174,179
53704,175,4,179
4425,175,4,179
3768,179,0,179
49488,175,4,179
53911,172,7,179
4515,175,4,179
62505,179,0,179
57661,168,10,178
37200,54,124,178
53996,172,6,178
55997,169,9,178
65184,178,0,178
55282,173,4,177
57607,156,21,177
49512,164,13,177
50381,26,151,177
3553,177,0,177
40927,171,6,177
55283,171,6,177
60732,161,16,177
47508,91,86,177
59283,169,8,177
57919,37,140,177
55905,176,1,177
46012,170,6,176
63230,172,4,176
52889,164,12,176
35239,26,150,176
58468,156,20,176
3888,176,0,176
58693,165,11,176
60374,173,3,176
9000,176,0,176
10965,1,175,176
46671,165,10,175
31009,1,174,175
58523,127,48,175
55665,165,10,175
55830,5,170,175
55629,166,9,175
57115,64,111,175
4657,173,2,175
58253,166,9,175
37005,172,3,175
54714,167,8,175
33206,170,5,175
43061,175,0,175
37389,166,8,174
36891,170,4,174
38467,26,148,174
64226,13,161,174
57363,150,24,174
49778,157,16,173
46765,169,4,173
60411,27,146,173
50292,18,155,173
57896,165,8,173
56230,165,8,173
54222,164,9,173
57759,19,154,173
58363,160,13,173
53062,168,5,173
53965,161,11,172
63514,5,167,172
58432,34,138,172
49866,168,4,172
54378,18,154,172
3554,171,1,172
60862,169,3,172
59445,161,11,172
56442,157,15,172
57963,164,8,172
55806,164,8,172
39031,10,162,172
25115,1,171,172
39111,166,5,171
56223,155,16,171
60245,159,12,171
59867,162,9,171
57351,63,108,171
51975,132,39,171
54261,134,37,171
57299,94,77,171
3178,171,0,171
32928,161,10,171
54763,166,5,171
41772,160,11,171
55290,165,5,170
40004,168,2,170
59298,166,4,170
59988,26,144,170
52475,156,14,170
49648,164,6,170
52396,165,5,170
56632,161,9,170
47195,157,13,170
59429,66,104,170
57398,156,14,170
55072,157,13,170
56227,164,6,170
49182,162,8,170
40551,169,1,170
42542,10,160,170
38106,7,162,169
55392,24,145,169
56368,157,12,169
59732,163,6,169
57892,157,12,169
49875,159,10,169
53888,151,18,169
53509,161,8,169
51451,163,6,169
59270,158,11,169
35992,164,5,169
45832,26,143,169
48757,157,11,168
55273,154,14,168
50903,165,3,168
57970,160,8,168
39660,163,5,168
59825,152,16,168
60462,159,9,168
57673,147,20,167
58419,158,9,167
42221,160,7,167
53963,149,18,167
55849,160,7,167
55434,157,10,167
46994,1,166,167
63478,166,1,167
32845,159,7,166
57452,165,1,166
50370,151,15,166
58836,80,86,166
3841,166,0,166
59144,62,104,166
49522,158,8,166
51000,151,15,166
33613,1,165,166
39177,159,6,165
45699,93,72,165
57632,80,85,165
61350,163,2,165
54281,162,3,165
50637,27,138,165
58416,162,3,165
61109,162,3,165
57702,148,17,165
41951,158,7,165
47461,157,8,165
57917,161,4,165
50994,164,1,165
45396,163,2,165
58495,68,97,165
54119,155,10,165
54006,161,3,164
53312,9,155,164
55312,135,29,164
62857,5,159,164
49736,158,6,164
49193,149,15,164
58639,161,3,164
60511,162,2,164
63862,5,159,164
55419,151,12,163
57347,156,7,163
59774,155,8,163
55775,107,56,163
51687,155,8,163
59793,154,9,163
47347,24,139,163
41536,158,5,163
20531,1,162,163
57228,156,6,162
46248,80,82,162
53362,155,7,162
52540,157,5,162
50771,80,82,162
3843,162,0,162
3856,162,0,162
49641,154,8,162
64076,161,1,162
46221,157,5,162
49388,157,5,162
61777,161,1,162
40800,155,7,162
57791,143,18,161
54994,135,26,161
60712,98,63,161
53831,154,7,161
50398,158,3,161
49178,150,11,161
56491,134,27,161
52910,154,7,161
49581,139,22,161
3850,161,0,161
62334,31,130,161
58274,154,7,161
43298,16,145,161
39481,42,118,160
57483,152,8,160
65507,12,148,160
49859,147,13,160
41395,152,8,160
58002,105,55,160
50076,156,4,160
52826,152,8,160
51070,154,6,160
38715,157,3,160
50715,153,6,159
58313,151,8,159
58349,147,12,159
55043,133,26,159
62822,159,0,159
55129,152,7,159
46616,151,8,159
57814,151,7,158
52946,151,7,158
62388,158,0,158
59449,137,21,158
58334,137,21,158
52809,150,8,158
53513,147,11,158
51818,153,5,158
60959,71,87,158
57382,148,10,158
55189,154,4,158
60399,155,3,158
55196,145,13,158
58893,119,39,158
46773,155,2,157
58849,153,4,157
62179,111,46,157
64900,5,152,157
63730,5,152,157
57840,148,9,157
55128,152,4,156
57930,150,6,156
49893,152,4,156
60666,141,15,156
51755,32,124,156
61444,52,104,156
49828,146,10,156
52200,154,2,156
62092,148,8,156
53212,141,15,156
50799,141,15,156
60244,59,97,156
52558,146,10,156
50802,132,24,156
59697,153,3,156
49745,148,7,155
60396,26,129,155
57476,115,40,155
54952,140,15,155
49462,151,4,155
49532,127,28,155
53957,149,6,155
45786,150,5,155
57419,152,3,155
50340,145,10,155
53768,151,4,155
60272,149,6,155
64446,142,13,155
51190,151,3,154
60246,145,9,154
49670,56,98,154
46049,147,7,154
59919,17,137,154
58775,147,7,154
59407,152,2,154
62089,153,1,154
49490,149,5,154
54030,145,9,154
53869,147,7,154
56508,135,19,154
54894,144,10,154
55349,146,8,154
60276,148,6,154
19605,1,153,154
17898,1,153,154
25902,10,144,154
59864,145,8,153
58810,137,16,153
57414,148,5,153
59343,141,12,153
64931,20,133,153
35278,24,129,153
49619,136,17,153
40654,150,3,153
58575,141,12,153
59891,148,5,153
46997,143,10,153
63482,153,0,153
54586,151,2,153
43032,149,3,152
53408,146,6,152
58269,144,8,152
49482,145,7,152
58333,137,15,152
50545,146,6,152
51953,145,7,152
58404,149,3,152
54991,144,8,152
34238,7,145,152
34838,136,16,152
65080,25,127,152
58635,145,7,152
50814,139,13,152
57952,139,13,152
60822,17,135,152
50695,141,11,152
55406,144,8,152
55124,149,3,152
46310,1,150,151
39598,5,146,151
41977,145,6,151
43195,141,10,151
51424,149,2,151
55266,105,46,151
54104,139,12,151
61042,147,4,151
59773,144,7,151
57862,149,2,151
58486,48,103,151
60588,143,8,151
57328,39,112,151
50280,146,5,151
57961,123,28,151
56550,145,6,151
55191,141,10,151
34274,94,57,151
57575,141,10,151
50798,131,20,151
56997,141,10,151
55018,146,5,151
50616,148,3,151
57837,149,2,151
59490,135,15,150
45309,146,4,150
57997,141,9,150
60670,140,10,150
58863,140,10,150
49148,142,8,150
49898,139,11,150
59827,127,23,150
59301,139,11,150
59760,146,4,150
39249,147,3,150
46909,131,19,150
43191,148,2,150
38895,143,6,149
40550,39,110,149
42225,138,11,149
48134,143,6,149
41281,23,126,149
58676,142,7,149
52819,136,13,149
57915,138,11,149
44910,138,11,149
58497,145,4,149
59820,133,16,149
50969,141,8,149
35576,144,5,149
62229,148,1,149
53967,132,17,149
39847,145,4,149
42182,144,5,149
58619,144,5,149
41527,141,8,149
58960,146,3,149
60839,42,106,148
55624,134,14,148
59079,140,8,148
59729,138,10,148
3642,146,2,148
62382,144,4,148
53873,51,97,148
57280,144,4,148
51033,93,55,148
57653,142,5,147
43119,146,1,147
55068,143,4,147
50852,132,15,147
63685,30,117,147
40087,144,3,147
58469,143,4,147
60254,136,11,147
53790,82,65,147
58385,70,77,147
59745,140,7,147
57803,136,11,147
60180,137,10,147
37769,138,9,147
21535,1,146,147
54919,50,97,147
7888,146,1,147
63007,5,142,147
55828,143,4,147
58286,136,11,147
58410,142,5,147
64466,145,2,147
37779,137,9,146
42292,143,3,146
60388,136,10,146
53997,144,2,146
58827,138,8,146
59725,136,10,146
55251,96,50,146
51288,141,5,146
60979,39,107,146
47859,138,8,146
57369,140,6,146
34730,37,109,146
58496,137,9,146
54129,43,103,146
57856,143,3,146
55351,140,6,146
57749,146,0,146
51389,143,2,145
59840,141,4,145
60749,133,12,145
58369,135,10,145
45749,135,10,145
60963,143,2,145
61818,145,0,145
58453,141,4,145
53203,134,11,145
21018,1,144,145
55949,132,12,144
42900,143,1,144
60484,140,4,144
40195,134,10,144
54269,37,107,144
59132,139,5,144
58799,132,12,144
53730,142,2,144
57710,137,7,144
59769,115,29,144
56513,89,55,144
53747,88,56,144
55426,132,12,144
59320,44,100,144
54190,53,91,144
58568,12,132,144
37746,140,3,143
55493,59,84,143
51580,142,1,143
58275,138,5,143
49771,127,16,143
61513,142,1,143
59878,125,18,143
53010,135,8,143
51024,129,14,143
49572,133,10,143
54831,138,5,143
59250,126,17,143
49158,138,5,143
57213,140,3,143
50586,132,11,143
56454,136,7,143
61050,103,40,143
53867,132,11,143
33035,138,5,143
55301,140,3,143
47909,111,31,142
45753,140,2,142
56151,136,6,142
62589,5,137,142
57416,136,6,142
54142,130,12,142
56952,106,36,142
60504,136,6,142
54878,129,13,142
49447,138,4,142
52176,46,96,142
45756,138,4,142
51696,134,8,142
39700,129,13,142
40475,132,10,142
56245,106,36,142
61851,142,0,142
54167,131,10,141
52109,20,121,141
56268,130,11,141
49252,31,110,141
52979,11,130,141
32958,135,6,141
58302,116,25,141
54107,71,70,141
60564,19,122,141
58467,139,2,141
37032,34,107,141
58344,120,21,141
59862,138,3,141
45608,138,3,141
47892,135,6,141
51885,132,9,141
63529,12,129,141
55422,125,16,141
46066,138,2,140
44076,133,7,140
61380,140,0,140
49740,135,5,140
50642,123,17,140
57966,124,16,140
53731,130,10,140
49991,109,31,140
48259,136,4,140
51977,8,132,140
53894,135,5,140
59373,138,2,140
56507,131,9,140
55441,133,7,140
56708,135,5,140
44028,107,33,140
60443,125,15,140
63494,135,5,140
57949,130,9,139
43173,134,5,139
45483,51,88,139
60098,125,14,139
59019,25,114,139
55057,70,69,139
59733,134,5,139
58695,134,5,139
59362,129,10,139
65188,139,0,139
49627,29,110,139
40058,127,12,139
52201,123,16,139
51817,138,1,139
59328,137,2,139
59488,122,17,139
51283,136,3,139
54285,135,4,139
51716,129,10,139
56885,130,9,139
40625,130,8,138
33719,136,2,138
45019,14,124,138
57767,130,8,138
45676,129,9,138
56083,128,10,138
53300,129,9,138
54277,130,8,138
50482,132,6,138
53129,135,3,138
59741,128,10,138
49401,133,5,138
59737,122,16,138
55180,11,127,138
34272,83,55,138
49530,135,3,138
49770,132,6,138
58780,121,17,138
53744,131,7,138
51823,59,79,138
58044,130,8,138
44838,135,3,138
55762,131,7,138
34061,134,4,138
55243,108,30,138
46644,130,7,137
47831,128,9,137
60840,134,3,137
46417,132,5,137
59618,128,9,137
53409,136,1,137
33446,130,7,137
42217,133,4,137
45784,122,15,137
49389,130,7,137
34255,130,7,137
52553,124,13,137
57242,104,33,137
36142,11,126,137
59154,134,3,137
57888,131,6,137
45606,134,3,137
64465,137,0,137
59863,120,17,137
60474,29,108,137
56634,124,13,137
41854,134,3,137
62976,12,124,136
59885,118,18,136
55808,133,3,136
53823,118,18,136
62218,136,0,136
60587,133,3,136
59096,130,6,136
33049,132,4,136
59327,127,9,136
49851,129,7,136
57745,125,11,136
57526,127,9,136
58126,128,8,136
59804,126,10,136
51697,133,3,136
57413,134,2,136
56643,132,3,135
59635,127,8,135
61678,135,0,135
52972,126,9,135
60260,121,14,135
52764,126,9,135
49810,131,4,135
51780,124,11,135
51747,119,16,135
58782,117,18,135
45640,133,2,135
65186,9,126,135
53779,129,6,135
49923,128,7,135
52130,118,17,135
58016,132,3,135
58466,130,5,135
62861,131,4,135
60977,121,14,135
63186,134,1,135
47886,129,5,134
43739,130,4,134
56309,127,7,134
62390,130,4,134
58869,86,48,134
58412,124,10,134
49145,126,8,134
46251,122,12,134
56686,133,1,134
60809,103,31,134
40064,132,1,133
60299,123,10,133
41389,127,6,133
55254,125,8,133
37090,128,5,133
52071,48,85,133
49919,44,89,133
60528,131,2,133
60639,123,10,133
61177,128,5,133
62258,126,7,133
42596,132,1,133
54928,122,11,133
51308,15,118,133
53198,124,9,133
63923,133,0,133
58355,121,12,133
57014,125,8,133
41847,124,9,133
53949,130,3,133
53085,123,10,133
49390,118,15,133
60832,126,7,133
45595,121,12,133
47761,127,6,133
56027,126,6,132
57557,119,13,132
59915,101,31,132
58829,95,37,132
57808,91,41,132
49423,124,8,132
54193,6,126,132
51632,59,73,132
49636,125,7,132
49553,123,9,132
44411,123,9,132
37808,104,28,132
59296,110,22,132
51822,128,4,132
48367,124,8,132
58402,124,8,132
35223,130,2,132
56466,59,72,131
45339,130,1,131
45745,121,10,131
59172,119,12,131
32834,121,10,131
53182,119,12,131
58600,126,5,131
50950,129,2,131
57173,128,3,131
50954,124,7,131
60307,37,94,131
57308,124,7,131
56627,116,15,131
46610,117,14,131
49432,126,5,131
58489,130,1,131
62539,123,8,131
53673,123,8,131
32818,125,6,131
55321,121,10,131
57214,130,1,131
40354,124,7,131
59713,120,11,131
45658,131,0,131
38970,124,6,130
63927,129,1,130
42398,125,5,130
38526,125,5,130
58024,120,10,130
52968,129,1,130
53273,114,16,130
56088,124,6,130
46064,129,1,130
61962,25,105,130
59276,120,10,130
59274,106,24,130
57978,107,23,130
47489,127,3,130
61281,129,1,130
51952,126,4,130
59285,120,10,130
58864,120,10,130
59822,115,15,130
33246,121,9,130
49384,124,6,130
57875,120,10,130
37816,123,7,130
51041,111,19,130
56739,116,14,130
54461,20,110,130
62824,123,7,130
57329,125,5,130
45755,120,10,130
57192,105,25,130
59723,128,2,130
55177,106,24,130
54004,122,8,130
60440,125,5,130
49181,121,9,130
59061,121,9,130
46561,34,96,130
42767,43,87,130
63472,130,0,130
60087,124,5,129
49364,119,10,129
52918,16,113,129
57247,127,2,129
61619,125,4,129
57196,120,9,129
60101,89,40,129
58450,122,7,129
45503,126,3,129
54900,117,12,129
60761,120,9,129
58353,120,9,129
50945,115,14,129
56255,113,16,129
34460,123,6,129
64296,18,111,129
59757,125,4,129
53274,119,10,129
56685,121,8,129
53964,123,6,129
52950,119,10,129
59714,121,8,129
49939,122,7,129
59184,71,58,129
58433,115,14,129
59753,124,5,129
40063,106,23,129
45773,125,4,129
58123,125,4,129
64459,129,0,129
65263,5,124,129
59895,105,23,128
40854,117,11,128
57743,117,11,128
54627,109,19,128
39590,123,5,128
57901,119,9,128
60016,119,9,128
52564,126,2,128
58470,122,6,128
47900,127,1,128
49504,127,1,128
45486,122,6,128
60038,32,96,128
49985,127,1,128
34240,124,4,128
51604,108,20,128
57459,114,14,128
46583,114,14,128
58246,116,12,128
53271,22,106,128
43469,112,16,128
62132,16,112,128
57708,122,6,128
21961,1,127,128
60433,121,6,127
59788,41,86,127
48760,121,6,127
57926,117,10,127
42598,117,10,127
43067,120,7,127
59526,49,78,127
56572,117,10,127
59718,81,46,127
58445,124,3,127
42173,122,5,127
51142,48,79,127
40609,124,3,127
46808,118,9,127
59839,118,9,127
33080,125,2,127
50366,52,75,127
56411,58,69,127
59658,117,10,127
53843,120,7,127
57573,116,11,127
59143,112,15,127
58637,115,12,127
33053,119,8,127
50801,113,14,127
58631,122,5,127
52037,71,56,127
55204,121,6,127
54843,125,2,127
60455,125,2,127
35013,126,1,127
18846,1,126,127
59035,121,5,126
58050,120,6,126
39694,118,8,126
57751,97,29,126
50095,117,9,126
56495,110,16,126
58867,124,2,126
58472,122,4,126
47205,116,10,126
46683,121,5,126
59481,108,18,126
45798,115,11,126
58482,123,3,126
56278,118,8,126
59364,113,13,126
34299,122,4,126
47346,119,7,126
52756,121,5,126
62980,16,110,126
60264,120,6,126
56651,115,11,126
59192,114,12,126
50998,119,7,126
51001,115,11,126
59858,115,11,126
47624,121,5,126
49157,126,0,126
47441,118,8,126
59499,123,3,126
55895,123,3,126
51320,123,2,125
47432,6,119,125
56990,118,7,125
59866,117,8,125
37703,121,4,125
40648,114,11,125
40303,117,8,125
55061,115,10,125
58032,24,101,125
57913,113,12,125
60894,102,23,125
58131,47,78,125
59794,110,15,125
60738,119,6,125
59536,38,87,125
48591,123,2,125
48765,113,12,125
55133,87,38,125
58656,100,25,125
49346,113,12,125
55772,101,24,125
51050,99,26,125
64077,124,1,125
38849,116,9,125
50060,51,74,125
34692,120,5,125
58621,113,12,125
59472,114,11,125
59620,111,14,125
58694,118,7,125
56221,116,9,125
59695,110,15,125
43615,14,111,125
50676,118,7,125
52490,115,10,125
50206,120,5,125
48721,125,0,125
59836,120,4,124
40658,121,3,124
58418,119,5,124
59166,115,9,124
57599,116,8,124
59610,113,11,124
55479,120,4,124
60813,43,81,124
62567,119,5,124
50441,50,74,124
55838,30,94,124
52440,122,2,124
59823,111,13,124
58724,17,107,124
59375,115,9,124
55023,113,11,124
49269,20,104,124
33054,115,9,124
63537,15,109,124
58081,111,13,124
43747,119,5,124
45610,103,21,124
55807,68,56,124
57923,111,13,124
58897,104,20,124
59616,98,26,124
49781,117,7,124
57362,117,7,124
57581,117,7,124
51007,117,7,124
43065,121,3,124
47915,106,18,124
47158,113,10,123
45470,22,101,123
45720,115,8,123
52984,121,2,123
52952,120,3,123
46615,117,6,123
49737,119,4,123
51624,116,7,123
42203,111,12,123
40562,114,9,123
45531,92,31,123
60805,120,3,123
51314,107,16,123
57817,116,7,123
54670,44,79,123
54014,115,8,123
50049,77,46,123
62162,5,118,123
57666,108,15,123
43762,116,7,123
58128,116,7,123
55286,121,2,123
60286,111,12,123
34659,114,9,123
33052,111,12,123
57816,117,6,123
41569,116,6,122
45628,119,3,122
52235,119,3,122
53299,107,15,122
54534,19,103,122
61259,122,0,122
60624,109,13,122
54266,107,15,122
54785,42,80,122
57968,112,10,122
57360,105,17,122
53826,36,86,122
49449,115,7,122
58011,113,9,122
32891,116,6,122
51043,109,13,122
60500,112,10,122
40599,112,10,122
47622,112,10,122
58352,26,96,122
49359,55,67,122
59685,114,8,122
49361,116,6,122
51052,106,16,122
32806,121,1,122
56450,103,19,122
55547,120,2,122
59470,115,7,122
55723,110,12,122
63260,122,0,122
47642,114,8,122
58037,108,14,122
55888,120,2,122
45781,122,0,122
56560,106,16,122
47921,117,5,122
46839,117,5,122
43607,35,87,122
57257,117,5,122
36520,118,3,121
44798,118,3,121
36863,116,5,121
41411,112,9,121
40619,117,4,121
47819,118,3,121
47911,114,7,121
52914,31,90,121
57927,111,10,121
58861,110,11,121
54103,103,18,121
55030,108,13,121
37068,112,9,121
51934,114,7,121
61003,119,2,121
58089,64,57,121
35380,112,9,121
57780,119,2,121
33889,118,3,121
50566,113,8,121
41838,115,6,121
58612,114,7,121
58420,111,10,121
60645,104,17,121
60048,118,3,121
54177,87,34,121
58721,114,7,121
53032,114,7,121
57141,107,14,121
59603,111,10,121
33323,28,93,121
47913,114,7,121
8899,121,0,121
47618,113,8,121
44929,31,89,120
58357,104,16,120
59530,115,5,120
32944,107,13,120
35973,110,10,120
54851,47,73,120
51127,114,6,120
50810,116,4,120
57381,112,8,120
53870,118,2,120
41846,118,2,120
51113,116,4,120
59845,112,8,120
59593,112,8,120
57015,120,0,120
54094,113,7,120
57844,110,10,120
60315,110,10,120
50780,113,7,120
57663,111,9,120
32854,115,5,120
49833,114,6,120
60117,115,5,120
57829,116,4,120
40779,113,7,120
45712,116,3,119
45558,6,113,119
47471,113,6,119
46080,37,82,119
41422,115,4,119
60551,114,5,119
59835,89,30,119
55990,70,49,119
57685,115,4,119
32915,114,5,119
61349,117,2,119
43206,114,5,119
54283,111,8,119
57929,110,9,119
57397,106,13,119
53985,117,2,119
61827,117,2,119
60812,115,4,119
56428,114,5,119
49669,102,17,119
58442,117,2,119
44512,117,2,119
46786,105,14,119
49679,100,19,119
50892,117,2,119
45559,111,8,119
59430,111,8,119
57538,115,4,119
56980,115,4,119
53726,93,26,119
47779,110,9,119
49172,115,4,119
56358,76,43,119
54175,100,19,119
60559,34,85,119
48714,98,21,119
58102,37,82,119
57470,115,4,119
59563,39,80,119
60574,112,7,119
60493,108,11,119
62359,119,0,119
46068,115,3,118
40636,107,11,118
59686,103,15,118
58151,108,10,118
57572,111,7,118
45705,116,2,118
40323,112,6,118
53415,108,10,118
58273,86,32,118
60438,113,5,118
59744,107,11,118
62975,10,108,118
58778,114,4,118
50084,111,7,118
59812,110,8,118
40873,12,106,118
56160,106,12,118
58351,103,15,118
59463,96,22,118
57077,56,62,118
55473,106,12,118
53214,83,35,118
57994,115,3,118
40056,117,1,118
61291,117,1,118
60304,116,2,118
21147,1,117,118
45776,108,9,117
40782,112,5,117
38015,111,6,117
47319,110,7,117
40349,110,7,117
45605,115,2,117
58267,111,6,117
49869,105,12,117
54169,42,75,117
40651,109,8,117
54437,112,5,117
52568,102,15,117
61032,99,18,117
61487,109,8,117
56811,36,81,117
61275,116,1,117
61481,26,91,117
55258,101,16,117
50711,114,3,117
56092,111,6,117
55494,111,6,117
57665,97,20,117
46667,108,9,117
55530,92,25,117
60696,106,11,117
34016,111,6,117
60626,107,10,117
53899,109,8,117
53966,110,7,117
56257,75,42,117
59158,112,5,117
54905,115,2,117
55252,44,73,117
57883,106,11,117
47516,88,29,117
56487,108,9,117
32831,109,8,117
54095,83,34,117
59851,109,8,117
47004,112,5,117
33702,113,4,117
41857,108,9,117
60567,17,100,117
41314,73,44,117
64460,116,1,117
40749,110,6,116
44502,109,7,116
59176,110,6,116
52951,113,3,116
60446,111,5,116
32904,107,9,116
60816,114,2,116
63889,11,105,116
61752,14,102,116
60032,106,10,116
59284,99,17,116
54264,105,11,116
40112,100,16,116
40655,109,7,116
46649,105,11,116
44257,105,11,116
54587,20,96,116
49428,100,16,116
50070,102,14,116
51042,104,12,116
50057,107,9,116
45794,106,10,116
34312,114,2,116
47064,24,92,116
55201,13,103,116
51629,34,82,116
53733,94,22,116
59232,113,3,116
55893,108,8,116
51005,105,11,116
56584,104,12,116
55314,111,5,116
56025,107,9,116
59814,100,16,116
48677,115,1,116
45687,112,4,116
56568,109,7,116
49173,113,3,116
9999,91,25,116
56247,112,4,116
45527,108,7,115
46509,113,2,115
46229,111,4,115
48241,112,3,115
60062,115,0,115
56408,69,46,115
50449,26,89,115
53723,106,9,115
50320,110,5,115
60509,104,11,115
37837,106,9,115
46778,66,49,115
45882,111,4,115
49900,106,9,115
47609,109,6,115
32864,106,9,115
59802,115,0,115
34253,108,7,115
49785,112,3,115
59682,109,6,115
49703,73,42,115
61342,115,0,115
55837,104,11,115
40043,1,114,115
59854,113,2,115
60672,113,2,115
41249,104,11,115
46056,114,1,115
60457,111,4,115
57712,109,6,115
57959,102,12,114
43080,110,4,114
45746,110,4,114
45788,108,6,114
41849,108,6,114
48283,30,84,114
53884,110,4,114
56977,112,2,114
59484,101,13,114
58886,106,8,114
60490,39,75,114
58437,106,8,114
51989,40,74,114
53752,110,4,114
47770,109,5,114
50793,82,32,114
51114,111,3,114
37848,109,5,114
58166,103,11,114
41850,110,4,114
60347,96,18,114
49259,108,6,114
51230,108,6,114
34329,104,10,114
51812,107,7,114
40627,85,29,114
47650,103,11,114
59426,97,17,114
58809,107,7,114
59833,71,43,114
58157,110,4,114
58234,108,6,114
58055,99,15,114
38950,107,6,113
41791,106,7,113
55856,105,8,113
60851,107,6,113
39852,106,7,113
58323,102,11,113
45601,111,2,113
57643,96,17,113
50420,111,2,113
59663,63,50,113
57281,20,93,113
32860,108,5,113
59185,101,12,113
60801,109,4,113
47894,109,4,113
59259,105,8,113
58879,100,13,113
57738,105,8,113
50305,91,22,113
49205,103,10,113
51093,109,4,113
54121,108,5,113
46914,110,3,113
45599,108,5,113
49725,106,7,113
50031,102,11,113
49602,92,21,113
33055,98,15,113
59724,103,10,113
57707,107,6,113
62823,113,0,113
59451,91,22,113
55958,103,10,113
59884,97,16,113
54149,63,50,113
52180,108,5,113
58573,102,11,113
51360,100,13,113
48712,102,11,113
48755,106,7,113
37679,105,8,113
47197,107,6,113
46412,108,4,112
42947,108,4,112
48753,109,3,112
57833,104,8,112
41592,107,5,112
45681,107,5,112
60550,16,96,112
60481,73,39,112
51581,39,73,112
56436,103,9,112
60789,105,7,112
50881,105,7,112
55570,92,20,112
58901,94,18,112
62257,107,5,112
40079,104,8,112
58871,102,10,112
58017,108,4,112
48197,109,3,112
60157,107,5,112
57839,94,18,112
51094,105,7,112
40101,109,3,112
37332,110,2,112
46768,106,6,112
55447,106,6,112
49714,92,20,112
57095,103,9,112
56524,104,8,112
55093,105,7,112
58536,103,9,112
62842,28,84,112
57556,111,1,112
51701,75,37,112
59883,104,8,112
57827,105,7,112
55438,103,9,112
59553,100,12,112
58165,105,7,112
54005,109,3,112
18989,1,111,112
40070,107,5,112
45738,102,9,111
53832,105,6,111
38164,11,100,111
47974,104,7,111
53907,56,55,111
55911,19,92,111
45592,110,1,111
56414,105,6,111
59826,53,58,111
56622,99,12,111
40210,107,4,111
41618,101,10,111
60235,88,23,111
54147,104,7,111
59483,94,17,111
55682,101,10,111
50418,86,25,111
59402,98,13,111
51286,104,7,111
45716,105,6,111
38712,103,8,111
45674,102,9,111
45751,106,5,111
58013,111,0,111
57478,80,31,111
53034,98,13,111
58756,95,16,111
50764,103,8,111
47505,109,2,111
46474,109,2,111
45043,28,83,111
62446,12,99,111
59894,107,4,111
55625,92,19,111
54469,24,86,110
45667,104,6,110
58319,105,5,110
59539,105,5,110
55887,99,11,110
45621,108,2,110
57982,102,8,110
53402,107,3,110
25366,1,109,110
50518,103,7,110
59040,108,2,110
55039,94,16,110
53715,104,6,110
57211,101,9,110
49803,101,9,110
60505,103,7,110
51083,104,6,110
45497,97,13,110
60974,21,89,110
57701,99,11,110
45492,101,9,110
50052,81,29,110
49921,107,3,110
57248,99,11,110
57935,102,8,110
33047,100,10,110
46611,105,5,110
55442,107,3,110
57722,105,5,110
49347,96,14,110
59482,101,9,110
45701,104,6,110
35886,101,9,110
45629,108,2,110
34624,16,94,110
47201,96,13,109
47882,102,7,109
45669,91,18,109
44112,21,88,109
57853,101,8,109
48917,98,11,109
56235,100,9,109
41922,105,4,109
32976,86,23,109
58434,61,48,109
52907,99,10,109
51715,105,4,109
52477,100,9,109
53195,96,13,109
60592,106,3,109
54821,95,14,109
45638,105,4,109
36718,28,81,109
50409,87,22,109
58119,103,6,109
46633,104,5,109
49431,105,4,109
59755,104,5,109
35064,105,4,109
55410,96,13,109
42210,101,8,109
49854,104,5,109
32870,104,5,109
54151,95,14,109
45703,102,7,109
50757,102,7,109
65280,5,104,109
38899,104,5,109
58435,98,11,109
52934,95,14,109
55036,106,3,109
57832,29,80,109
60164,53,56,109
58982,17,92,109
53405,101,8,109
57908,103,6,109
60290,71,38,109
47172,12,97,109
58361,107,2,109
49273,96,13,109
45723,105,4,109
39321,108,1,109
45717,106,2,108
45572,104,4,108
45574,98,10,108
40615,84,24,108
48262,18,90,108
51816,104,4,108
49718,98,10,108
46415,102,6,108
56505,103,5,108
58315,50,58,108
59459,104,4,108
59109,104,4,108
60489,96,12,108
59305,97,11,108
49582,93,15,108
33057,107,1,108
60110,94,14,108
49646,98,10,108
50096,101,7,108
43650,19,89,108
59964,99,9,108
53192,101,7,108
40157,12,96,108
61343,101,7,108
58154,105,3,108
52210,97,11,108
60479,98,10,108
54028,66,42,108
55310,73,35,108
60198,29,79,108
55553,101,7,108
57996,98,10,108
58554,80,28,108
57238,103,5,108
58440,102,6,108
52768,36,72,108
38962,105,3,108
32795,101,7,108
52366,12,96,108
60580,107,1,108
41479,33,75,108
57747,88,20,108
40116,104,4,108
45744,85,22,107
56459,103,4,107
48018,94,13,107
43649,31,76,107
37398,24,83,107
59325,100,7,107
57980,98,9,107
59492,87,20,107
53674,99,8,107
63845,5,102,107
56443,93,14,107
57187,76,31,107
60230,102,5,107
58946,98,9,107
58784,98,9,107
49705,89,18,107
50836,98,9,107
49406,105,2,107
57180,93,14,107
34257,101,6,107
54510,83,24,107
48891,105,2,107
42367,104,3,107
55416,99,8,107
36430,100,7,107
57728,99,8,107
57732,97,10,107
61295,94,13,107
50278,104,3,107
40690,96,11,107
55948,102,5,107
40642,95,12,107
45279,26,81,107
40670,103,4,107
56576,98,8,106
57101,91,15,106
41591,103,3,106
57251,97,9,106
60756,83,23,106
60677,99,7,106
45624,96,10,106
55425,88,18,106
57942,100,6,106
58022,104,2,106
57170,96,10,106
53378,36,70,106
57169,100,6,106
57456,41,65,106
58228,90,16,106
60617,96,10,106
32940,99,7,106
50180,99,7,106
59465,95,11,106
55613,98,8,106
37289,14,92,106
37840,100,6,106
64851,84,22,106
56929,87,19,106
49935,82,24,106
55982,95,11,106
34291,98,8,106
56577,93,13,106
34750,99,7,106
50498,97,9,106
55545,96,10,106
33046,97,9,106
62291,99,7,106
57842,104,2,106
57831,95,11,106
38503,105,1,106
58019,104,2,106
53691,104,2,106
55062,100,6,106
43720,1,105,106
54806,102,4,106
47459,104,2,106
55206,94,12,106
41588,99,7,106
42126,98,8,106
45502,104,2,106
55812,96,9,105
60948,93,12,105
47416,105,0,105
55622,93,12,105
56582,100,5,105
48336,98,7,105
40678,98,7,105
41334,102,3,105
54577,40,65,105
55175,93,12,105
32776,88,17,105
47212,96,9,105
45733,101,4,105
46881,101,4,105
47479,99,6,105
58512,97,8,105
40324,98,7,105
37082,19,86,105
52572,15,90,105
56579,97,8,105
37066,102,3,105
58406,99,6,105
61135,104,1,105
45790,99,6,105
60116,97,8,105
60185,96,9,105
57753,97,8,105
50046,83,22,105
37732,100,5,105
45588,83,22,105
49477,97,8,105
53742,84,21,105
50014,99,6,105
40802,102,3,105
51053,94,11,105
34414,100,5,105
34437,17,88,105
57680,97,8,105
49354,90,15,105
57777,102,3,105
56035,101,4,105
59104,97,8,105
44745,99,6,105
55977,91,14,105
57985,102,3,105
50667,88,17,105
45670,98,7,105
60282,94,11,105
57741,102,3,105
46405,104,1,105
45622,99,5,104
60656,88,16,104
40630,101,3,104
39213,98,6,104
46240,98,6,104
39918,18,86,104
45765,100,4,104
59497,97,7,104
59489,75,29,104
49053,98,6,104
55260,75,29,104
59728,82,22,104
62766,102,2,104
54850,29,75,104
52941,86,18,104
53716,99,5,104
50268,95,9,104
55253,99,5,104
34663,99,5,104
42380,96,8,104
43180,96,8,104
57760,89,15,104
55186,91,13,104
34651,102,2,104
58803,100,4,104
60649,94,10,104
34331,94,10,104
55520,98,6,104
57368,97,7,104
45757,102,2,104
39897,100,4,104
35309,100,4,104
43410,90,14,104
49180,87,17,104
55528,99,5,104
59162,101,3,104
51979,94,10,104
59547,96,8,104
45769,95,9,104
56593,98,6,104
50758,89,15,104
60146,53,51,104
57092,90,14,104
50781,51,53,104
56612,88,16,104
59083,96,8,104
40366,101,3,104
57570,100,4,104
44931,96,8,104
47867,100,4,104
45706,95,9,104
41966,100,4,104
62030,103,1,104
63481,104,0,104
58345,101,3,104
45763,100,3,103
42413,102,1,103
46309,86,17,103
37822,98,5,103
42400,99,4,103
46369,93,10,103
57297,23,80,103
58942,31,72,103
57940,93,10,103
55281,98,5,103
60160,90,13,103
60308,21,82,103
54995,97,6,103
58779,96,7,103
60521,65,38,103
50207,48,55,103
43975,98,5,103
58767,95,8,103
50926,88,15,103
34280,95,8,103
46393,92,11,103
34259,97,6,103
64075,103,0,103
56262,93,10,103
47434,93,10,103
49941,97,6,103
58516,92,11,103
34194,98,5,103
37231,92,11,103
32868,96,7,103
52752,100,3,103
59386,96,7,103
53527,95,8,103
45479,89,14,103
47638,90,13,103
58026,100,3,103
58615,100,3,103
35506,94,9,103
47873,103,0,103
55109,102,1,103
50996,98,5,103
51032,91,12,103
60292,36,67,103
51292,13,90,103
39917,96,7,103
44902,10,93,103
53039,93,10,103
41608,99,4,103
56191,89,14,103
40682,98,5,103
45493,101,2,103
38633,11,92,103
56523,101,2,103
40061,91,11,102
45161,97,5,102
47904,100,2,102
58004,97,5,102
45578,100,2,102
45665,99,3,102
58952,90,12,102
42752,7,95,102
58278,100,2,102
59491,94,8,102
49744,62,40,102
59890,96,6,102
33403,93,9,102
32799,95,7,102
40866,97,5,102
41652,99,3,102
60010,89,13,102
59122,95,7,102
58928,92,10,102
58883,90,12,102
53830,94,8,102
53196,81,21,102
53136,96,6,102
50797,79,23,102
55276,69,33,102
60993,91,11,102
49539,83,19,102
52593,87,15,102
49650,95,7,102
56351,86,16,102
49159,93,9,102
59580,61,41,102
49282,96,6,102
52487,89,13,102
49164,91,11,102
53956,98,4,102
52845,92,10,102
57134,9,93,102
51092,92,10,102
58773,95,7,102
60524,102,0,102
59180,95,7,102
54917,73,29,102
56332,97,5,102
60652,88,14,102
60990,93,9,102
59588,92,10,102
55313,99,3,102
51718,90,12,102
58857,98,4,102
50939,101,1,102
51331,79,23,102
45509,95,7,102
35739,98,4,102
41595,97,5,102
40322,99,3,102
62364,102,0,102
59170,92,9,101
45698,100,1,101
42267,11,90,101
45505,96,5,101
45570,89,12,101
55863,85,16,101
48517,22,79,101
46800,98,3,101
63171,5,96,101
57921,91,10,101
53411,90,11,101
55263,78,23,101
60613,95,6,101
60206,97,4,101
59157,101,0,101
46070,94,7,101
46631,99,2,101
35477,94,7,101
58641,93,8,101
34098,98,3,101
32988,95,6,101
58125,85,16,101
42260,30,71,101
40988,96,5,101
50047,94,7,101
40668,95,6,101
49951,91,10,101
56479,91,10,101
58084,49,52,101
37923,95,6,101
58309,94,7,101
53523,97,4,101
34311,96,5,101
47890,86,15,101
59558,91,10,101
56591,53,48,101
47815,99,2,101
56645,92,9,101
50800,79,22,101
51031,90,11,101
41142,42,59,101
37613,98,3,101
45685,95,6,101
41969,98,3,101
55125,98,3,101
45886,101,0,101
41958,91,9,100
53154,94,6,100
40222,93,7,100
60283,52,48,100
41305,92,8,100
47902,99,1,100
53882,90,10,100
47865,94,6,100
38634,71,29,100
60463,93,7,100
53244,97,3,100
50138,83,17,100
54997,90,10,100
54918,96,4,100
54240,98,2,100
49748,96,4,100
50342,92,8,100
58922,95,5,100
57910,75,25,100
55074,90,10,100
9101,7,93,100
42801,1,99,100
53866,94,6,100
35128,96,4,100
57110,79,21,100
41653,63,37,100
41852,93,7,100
34339,94,6,100
50139,81,19,100
52981,94,6,100
57999,96,4,100
32780,98,2,100
54740,85,15,100
50590,89,11,100
59117,95,5,100
55060,95,5,100
43779,95,5,100
59359,62,38,100
55033,97,3,100
40686,94,6,100
33386,96,4,100
41258,92,8,100
47869,89,11,100
60522,96,4,100
49925,96,4,100
40603,98,2,100
45524,96,4,100
40050,97,3,100
55938,21,79,100
59510,83,17,100
41603,97,3,100
57579,98,2,100
57703,93,6,99
46822,91,8,99
60398,82,17,99
49163,84,15,99
46748,92,7,99
45580,94,5,99
55353,93,6,99
41544,92,7,99
47804,49,50,99
33675,95,4,99
45678,96,3,99
45727,99,0,99
53934,88,11,99
40672,96,3,99
37140,38,61,99
52302,91,8,99
60945,80,19,99
62389,99,0,99
50575,85,14,99
51753,45,54,99
60294,89,10,99
43708,95,4,99
58890,80,19,99
58478,98,1,99
50496,89,10,99
53632,89,10,99
55601,92,7,99
51677,54,45,99
55256,91,8,99
34029,88,11,99
53868,95,4,99
55975,91,8,99
51814,94,5,99
49209,82,17,99
63634,16,83,99
40807,91,8,99
60996,8,91,99
59420,35,64,99
51015,95,4,99
50137,86,13,99
34027,38,61,99
32912,93,6,99
59120,90,9,99
53981,96,3,99
54393,95,4,99
53774,98,1,99
56971,94,5,99
57636,81,18,99
59299,88,11,99
58015,94,5,99
52995,6,93,99
57303,79,20,99
41633,93,6,99
50170,41,58,99
48725,96,3,99
33042,98,1,99
56724,94,5,99
35770,99,0,99
32857,89,10,99
57736,94,5,99
45672,95,4,99
44495,99,0,99
59236,65,34,99
41629,96,2,98
47203,95,3,98
36606,94,4,98
41498,95,3,98
55497,97,1,98
58159,94,4,98
36258,95,3,98
36550,94,4,98
45767,89,9,98
57050,88,10,98
45619,88,10,98
59076,38,60,98
49351,93,5,98
49711,94,4,98
50144,89,9,98
49524,96,2,98
49479,86,12,98
40201,93,5,98
60741,95,3,98
60806,91,7,98
60609,91,7,98
40437,90,8,98
50528,90,8,98
57460,90,8,98
60952,92,6,98
55681,90,8,98
53105,94,4,98
34260,92,6,98
58625,78,20,98
50709,91,7,98
56250,94,4,98
57659,92,6,98
60444,93,5,98
48718,94,4,98
49606,93,5,98
35146,93,5,98
39697,95,3,98
38920,87,11,98
47926,89,9,98
59133,84,14,98
62783,93,5,98
44537,78,20,98
54825,86,12,98
34285,89,9,98
43047,90,8,98
56515,91,7,98
48142,15,83,98
52073,93,5,98
59630,82,16,98
51717,94,4,98
45737,94,4,98
56573,92,6,98
55142,85,13,98
45708,90,8,98
45771,93,5,98
41826,96,2,98
38776,96,2,98
43006,8,90,98
42373,95,3,98
45501,94,4,98
38570,93,5,98
62253,98,0,98
57225,95,3,98
40792,80,17,97
45567,92,5,97
48740,90,7,97
46037,95,2,97
49786,85,12,97
41502,89,8,97
60451,91,6,97
32784,96,1,97
57542,88,9,97
41322,86,11,97
32925,87,10,97
55780,90,7,97
48909,12,85,97
55318,89,8,97
61183,92,5,97
62259,89,8,97
47850,93,4,97
59183,86,11,97
58873,81,16,97
56637,86,11,97
53864,86,11,97
49933,86,11,97
49910,61,36,97
60012,89,8,97
49823,87,10,97
50244,93,4,97
37107,30,67,97
56295,88,9,97
62828,97,0,97
49831,82,15,97
49577,88,9,97
58008,83,14,97
53634,85,12,97
60529,57,40,97
58277,88,9,97
59816,93,4,97
32837,94,3,97
41402,92,5,97
47695,14,83,97
45515,92,5,97
40605,88,9,97
50997,85,12,97
57006,88,9,97
47155,91,6,97
27385,11,86,97
33520,83,14,97
57129,87,10,97
45617,95,2,97
55320,96,1,97
45742,94,3,97
32880,97,0,97
40644,95,2,97
51939,92,4,96
37910,91,5,96
47294,81,15,96
36484,93,3,96
41599,94,2,96
55107,90,6,96
58685,86,10,96
54822,73,23,96
41991,88,8,96
57965,86,10,96
47906,91,5,96
59257,83,13,96
59114,77,19,96
53717,85,11,96
50608,43,53,96
60266,89,7,96
39876,89,7,96
47502,90,6,96
58393,82,14,96
52555,89,7,96
44905,82,14,96
60469,57,39,96
58342,65,31,96
58909,83,13,96
58381,76,20,96
40036,88,8,96
54914,78,18,96
48414,90,6,96
59177,78,18,96
57130,91,5,96
50408,25,71,96
50088,85,11,96
50438,78,18,96
56197,86,10,96
53686,60,36,96
53655,92,4,96
62991,95,1,96
65014,89,7,96
60785,93,3,96
57234,91,5,96
53833,93,3,96
47811,92,4,96
58749,88,8,96
45520,89,7,96
51420,86,10,96
57552,94,2,96
47452,86,10,96
56370,90,6,96
52949,11,85,96
51339,87,9,96
41418,93,3,96
47945,92,4,96
53663,93,3,96
37782,93,3,96
43205,86,10,96
64485,95,1,96
40764,91,5,96
41790,86,10,96
32972,87,9,96
40278,93,3,96
37649,93,2,95
41360,88,7,95
41956,87,8,95
41947,87,8,95
42390,89,6,95
45709,92,3,95
60432,86,9,95
38910,85,10,95
36694,94,1,95
56498,84,11,95
33301,92,3,95
52807,83,12,95
60929,87,8,95
63004,95,0,95
30722,1,94,95
50556,22,73,95
56587,90,5,95
60382,86,9,95
57890,83,12,95
59893,87,8,95
63427,7,88,95
58862,82,13,95
49759,86,9,95
59357,87,8,95
62680,92,3,95
51762,81,14,95
54397,85,10,95
33344,89,6,95
34264,92,3,95
45883,86,9,95
49367,83,12,95
34268,86,9,95
32884,85,10,95
58744,86,9,95
55963,90,5,95
49461,90,5,95
56304,51,44,95
59629,88,7,95
50592,91,4,95
47785,88,7,95
57934,91,4,95
50693,92,3,95
45603,94,1,95
40787,84,11,95
32814,82,13,95
47919,89,6,95
45496,89,6,95
56556,93,2,95
49286,81,14,95
45529,90,5,95
34219,91,4,95
41758,90,5,95
38704,91,4,95
45495,90,5,95
57740,94,1,95
32824,89,6,95
63181,91,4,95
38947,86,8,94
41332,92,2,94
56483,83,11,94
55115,91,3,94
47807,87,7,94
59502,83,11,94
59908,90,4,94
47648,86,8,94
52658,22,72,94
48840,81,13,94
55839,86,8,94
60688,88,6,94
41622,86,8,94
56090,86,8,94
55951,37,57,94
59569,78,16,94
56580,51,43,94
58283,89,5,94
61346,82,12,94
60824,74,20,94
59763,75,19,94
54635,11,83,94
49451,89,5,94
52861,90,4,94
59121,87,7,94
60547,74,20,94
54140,88,6,94
53721,85,9,94
53709,89,5,94
47298,89,5,94
59148,61,33,94
54904,18,76,94
55658,26,68,94
55134,83,11,94
49420,91,3,94
49538,82,12,94
57004,83,11,94
55047,87,7,94
53216,89,5,94
60131,87,7,94
45612,92,2,94
45511,87,7,94
54751,30,64,94
60532,78,16,94
53081,88,6,94
57694,88,6,94
60582,92,2,94
56862,93,1,94
52271,6,88,94
60956,83,11,94
59843,92,2,94
40611,87,7,94
63317,91,3,94
57595,77,17,94
51077,82,12,94
32895,91,3,94
44974,87,7,94
46121,14,80,94
59503,92,2,94
45471,89,5,94
34037,84,10,94
45199,89,5,94
59821,82,12,94
43063,92,2,94
41580,91,3,94
46783,91,2,93
46924,81,12,93
42377,87,6,93
44472,91,2,93
59811,89,4,93
41252,90,3,93
59467,81,12,93
52080,52,41,93
57337,88,5,93
60450,89,4,93
47463,88,5,93
54082,86,7,93
59795,88,5,93
37535,90,3,93
54159,89,4,93
42409,86,7,93
40068,88,5,93
52420,83,10,93
59282,72,21,93
51098,80,13,93
49529,88,5,93
50961,81,12,93
53021,79,14,93
45722,85,8,93
41988,88,5,93
49667,70,23,93
32779,88,5,93
49222,88,5,93
45319,90,3,93
50051,76,17,93
59787,62,31,93
55376,52,41,93
41799,86,7,93
34287,87,6,93
49849,88,5,93
61331,88,5,93
63960,92,1,93
51020,74,19,93
57920,70,23,93
62266,93,0,93
53835,88,5,93
60640,80,13,93
45783,89,4,93
55865,86,7,93
41394,90,3,93
57361,87,6,93
56249,90,3,93
58458,81,12,93
55081,86,7,93
49357,79,14,93
55112,90,3,93
45731,88,5,93
43710,88,5,93
56953,82,11,93
47386,73,20,93
46410,81,12,93
45679,89,4,93
57345,85,8,93
57761,92,1,93
56825,80,12,92
40081,83,9,92
41340,88,4,92
59653,84,8,92
40696,83,9,92
58415,82,10,92
45489,87,5,92
59313,75,17,92
60436,87,5,92
59527,82,10,92
45491,91,1,92
60644,83,9,92
51322,82,10,92
60722,79,13,92
56728,80,12,92
60744,85,7,92
48710,87,5,92
58750,82,10,92
47766,83,9,92
47749,89,3,92
47757,84,8,92
51857,20,72,92
52599,87,5,92
50053,76,16,92
59716,85,7,92
51699,81,11,92
45683,87,5,92
36498,86,6,92
52198,16,76,92
50401,80,12,92
64841,5,87,92
41212,77,15,92
38907,90,2,92
53944,89,3,92
35769,89,3,92
51995,80,12,92
63424,14,78,92
56536,87,5,92
56874,85,7,92
56222,89,3,92
55139,72,20,92
47354,82,10,92
59392,77,15,92
51074,91,1,92
40566,85,7,92
51193,91,1,92
55454,10,82,92
50696,80,12,92
51873,78,14,92
46472,88,4,92
33227,7,85,92
36144,16,76,92
58918,83,9,92
42396,91,1,92
40095,87,5,92
61958,29,63,92
40752,71,21,92
8777,91,1,92
40756,83,8,91
40059,85,6,91
46010,10,81,91
32980,85,6,91
58111,82,9,91
40666,82,9,91
45576,88,3,91
42152,91,0,91
39469,79,12,91
55732,84,7,91
47598,84,7,91
46254,90,1,91
40285,86,5,91
45582,88,3,91
41379,89,2,91
51950,83,8,91
58687,77,14,91
51140,74,17,91
61203,89,2,91
54106,72,19,91
60261,59,32,91
57993,84,7,91
59278,79,12,91
58914,82,9,91
58752,87,4,91
57451,83,8,91
50290,82,9,91
59067,73,18,91
34336,84,7,91
49179,84,7,91
58804,83,8,91
46074,89,2,91
49260,83,8,91
49226,75,16,91
57677,82,9,91
32827,85,6,91
34233,88,3,91
53743,78,13,91
34615,5,86,91
47475,84,7,91
57810,90,1,91
51973,71,20,91
51231,85,6,91
61391,86,5,91
56091,78,13,91
59165,78,13,91
56186,83,8,91
36835,20,71,91
53323,53,38,91
59293,86,5,91
55250,79,12,91
56650,10,81,91
61826,87,4,91
47483,89,2,91
45294,84,7,91
58652,76,15,91
60962,11,80,91
47837,91,0,91
54871,87,4,91
38978,87,4,91
51849,16,75,91
45695,87,4,91
41803,90,1,91
39358,86,5,91
54990,86,5,91
64733,5,86,91
46401,90,1,91
48745,85,6,91
57858,90,1,91
59831,89,2,91
38123,88,3,91
32522,1,90,91
57577,85,5,90
58295,83,7,90
41571,67,23,90
45632,77,13,90
45561,85,5,90
44631,79,11,90
62479,86,4,90
41973,87,3,90
46696,86,4,90
41573,80,10,90
47755,89,1,90
59311,86,4,90
58289,81,9,90
37817,87,3,90
57716,64,26,90
54077,74,16,90
50680,83,7,90
54984,84,6,90
56080,82,8,90
57734,83,7,90
59727,85,5,90
55455,78,12,90
58577,79,11,90
57507,87,3,90
54139,76,14,90
49773,78,12,90
53753,76,14,90
53574,84,6,90
60510,82,8,90
58888,79,11,90
49883,75,15,90
49677,72,18,90
50197,83,7,90
47753,82,8,90
49915,87,3,90
49247,69,21,90
34251,85,5,90
43084,81,9,90
42724,83,7,90
57380,32,58,90
43478,86,4,90
54824,76,14,90
52413,13,77,90
32932,83,7,90
47605,80,10,90
53745,81,9,90
58373,66,24,90
55677,72,18,90
59626,77,13,90
59776,74,16,90
60937,88,2,90
60808,82,8,90
59053,73,17,90
50707,82,8,90
39622,83,7,90
55377,83,7,90
56590,84,6,90
49368,56,34,90
62299,16,74,90
51011,79,11,90
51017,78,12,90
40646,87,3,90
58021,74,16,90
57960,82,8,90
60274,78,12,90
47680,85,5,90
40231,86,4,90
39342,5,85,90
47620,78,12,90
48738,85,5,90
55277,73,17,90
59746,89,1,90
60924,82,8,90
44507,81,9,90
46069,1,89,90
32810,87,3,90
57720,83,7,90
32887,86,4,90
46407,85,4,89
54418,6,83,89
40114,84,5,89
41825,83,6,89
49757,88,1,89
39228,84,5,89
41626,81,8,89
47329,82,7,89
48691,84,5,89
47874,81,8,89
46225,73,16,89
54100,79,10,89
53923,79,10,89
38260,85,4,89
60030,85,4,89
60005,80,9,89
50713,88,1,89
59272,85,4,89
59041,85,4,89
58399,82,7,89
58643,86,3,89
60412,41,48,89
58776,84,5,89
57548,80,9,89
60239,79,10,89
53540,72,17,89
51128,81,8,89
34282,79,10,89
50195,75,14,89
49573,77,12,89
51366,83,6,89
50335,79,10,89
57427,70,19,89
41637,81,8,89
34802,72,17,89
50386,87,2,89
53736,74,15,89
53808,71,18,89
52206,79,10,89
52196,70,19,89
54927,72,17,89
45729,81,8,89
59411,77,12,89
59647,84,5,89
53314,51,38,89
48402,88,1,89
47467,85,4,89
37013,81,8,89
58885,81,8,89
58452,85,4,89
53708,82,7,89
61615,88,1,89
60793,84,5,89
52801,70,19,89
59715,44,45,89
41143,82,7,89
53877,78,11,89
50217,86,3,89
47851,87,2,89
42874,1,88,89
33544,31,58,89
40258,6,83,89
34262,89,0,89
63163,87,2,89
32964,87,2,89
46498,87,1,88
58821,77,11,88
37753,82,6,88
49896,83,5,88
58834,78,10,88
57796,83,5,88
39220,81,7,88
43122,85,3,88
48636,18,70,88
41730,88,0,88
60118,49,39,88
45517,80,8,88
61159,88,0,88
39645,4,84,88
60638,71,17,88
57606,78,10,88
59469,81,7,88
58377,73,15,88
45542,81,7,88
57905,51,37,88
38827,17,71,88
56512,81,7,88
52449,26,62,88
41522,80,8,88
54278,75,13,88
58264,79,9,88
42417,83,5,88
53285,83,5,88
57676,82,6,88
53732,84,4,88
60701,22,66,88
50929,79,9,88
59466,74,14,88
49338,51,37,88
53936,83,5,88
34554,19,69,88
52781,79,9,88
37264,86,2,88
50328,73,15,88
60218,73,15,88
58187,86,2,88
58143,83,5,88
50250,59,29,88
41532,82,6,88
51028,69,19,88
49417,74,14,88
60253,82,6,88
50924,76,12,88
59719,78,10,88
60615,77,11,88
41471,79,9,88
58817,85,3,88
60797,79,9,88
40235,82,6,88
57410,45,43,88
46798,87,1,88
45827,79,9,88
60802,81,7,88
59390,46,42,88
57758,81,7,88
51025,77,11,88
51247,72,16,88
59846,58,30,88
53270,76,12,88
57490,76,12,88
57925,82,6,88
60664,81,7,88
55978,78,10,88
41546,85,3,88
56416,72,16,88
47880,86,2,88
47430,81,7,88
59636,79,9,88
61965,88,0,88
47055,18,69,87
41494,77,10,87
56019,79,8,87
46684,83,4,87
56219,80,7,87
56155,77,10,87
40745,81,6,87
54715,77,10,87
52537,80,7,87
57948,81,6,87
50033,82,5,87
40266,81,6,87
58261,78,9,87
60395,55,32,87
32921,81,6,87
61277,87,0,87
60401,81,6,87
50341,66,21,87
55558,32,55,87
54898,64,23,87
53755,81,6,87
57621,31,56,87
51097,80,7,87
45538,82,5,87
45526,83,4,87
32968,82,5,87
34918,81,6,87
50915,83,4,87
54163,77,10,87
34131,71,16,87
46366,81,6,87
55953,71,16,87
42186,71,16,87
53210,80,7,87
49398,81,6,87
47601,85,2,87
50871,25,62,87
59341,71,16,87
57778,82,5,87
55380,76,11,87
55523,65,22,87
52121,71,16,87
53190,85,2,87
54768,77,10,87
56554,76,11,87
55099,82,5,87
41414,81,6,87
56709,85,2,87
53515,82,5,87
32984,78,9,87
41426,80,7,87
43709,78,9,87
55284,79,8,87
56254,80,7,87
59768,77,9,86
56649,78,8,86
56241,84,2,86
56955,81,5,86
55090,81,5,86
53639,21,65,86
48695,83,3,86
59942,78,8,86
52881,82,4,86
58036,78,8,86
55475,85,1,86
54034,80,6,86
37364,82,4,86
49917,76,10,86
52771,78,8,86
40743,82,4,86
49381,85,1,86
56589,73,13,86
60868,58,28,86
50795,74,12,86
53117,83,3,86
54834,74,12,86
53024,61,25,86
45682,69,17,86
60975,76,10,86
54138,71,15,86
38744,71,15,86
49174,82,4,86
46237,82,4,86
57035,61,25,86
47898,68,18,86
49593,70,16,86
49929,83,3,86
50146,55,31,86
57691,82,4,86
32788,81,5,86
58346,79,7,86
51056,73,13,86
62826,85,1,86
52013,60,26,86
53739,74,12,86
42365,83,3,86
55083,73,13,86
57065,79,7,86
58408,75,11,86
46870,79,7,86
55316,71,15,86
55110,77,9,86
58818,82,4,86
50699,78,8,86
51079,84,2,86
47896,81,5,86
41268,77,9,86
41211,18,68,86
34303,74,12,86
40274,77,9,86
55974,79,7,86
56386,80,6,86
57472,82,4,86
56253,74,12,86
47951,3,83,86
42137,81,4,85
46751,80,5,85
59651,30,55,85
39839,77,8,85
47445,79,6,85
40886,83,2,85
57307,79,6,85
57615,77,8,85
58514,78,7,85
53373,70,15,85
36450,83,2,85
56105,72,13,85
54105,66,19,85
59781,47,38,85
59181,76,9,85
60731,74,11,85
50842,77,8,85
55041,66,19,85
60549,79,6,85
59256,79,6,85
58790,75,10,85
60321,62,23,85
58080,68,17,85
57448,80,5,85
60803,72,13,85
55154,75,10,85
59286,75,10,85
40108,81,4,85
54643,64,21,85
51981,71,14,85
54160,55,30,85
34427,68,17,85
49175,73,12,85
35126,7,78,85
34277,82,3,85
64967,18,67,85
61473,85,0,85
55079,77,8,85
50975,73,12,85
58241,78,7,85
63792,5,80,85
50286,75,10,85
41435,81,4,85
50767,79,6,85
53682,79,6,85
58812,52,33,85
59063,72,13,85
55461,80,5,85
61828,85,0,85
54146,77,8,85
40239,67,18,85
50772,69,16,85
42384,74,11,85
62395,80,5,85
42404,82,3,85
58075,53,32,85
34415,79,6,85
45881,81,4,85
40250,82,3,85
58902,68,17,85
55017,81,4,85
60408,70,15,85
37538,76,9,85
45555,83,2,85
40770,77,8,85
43488,3,82,85
45740,85,0,85
33014,13,71,84
47389,82,2,84
47127,80,4,84
41576,78,6,84
32772,76,8,84
47492,79,5,84
57612,75,9,84
58569,61,23,84
50140,66,18,84
58235,69,15,84
49761,81,3,84
41393,78,6,84
53702,46,38,84
60158,80,4,84
59661,33,51,84
55163,61,23,84
58411,84,0,84
58395,71,13,84
54790,74,10,84
57495,82,2,84
54144,80,4,84
54009,70,14,84
53713,81,3,84
53126,81,3,84
47006,79,5,84
62993,78,6,84
50304,70,14,84
50952,80,4,84
50942,65,19,84
52904,74,10,84
45761,80,4,84
34012,80,4,84
53856,82,2,84
50957,76,8,84
59722,72,12,84
49749,71,13,84
50350,73,11,84
41383,81,3,84
55111,77,7,84
54370,72,12,84
54252,76,8,84
53379,34,50,84
58718,76,8,84
45140,59,25,84
56984,78,6,84
57967,81,3,84
59881,58,26,84
56127,75,9,84
51044,71,13,84
45979,81,3,84
59360,78,6,84
59247,77,7,84
39085,78,6,84
56115,81,3,84
45779,81,3,84
47841,79,5,84
63165,84,0,84
40778,79,5,84
55899,75,8,83
41367,82,1,83
48326,76,7,83
56240,77,6,83
54116,48,35,83
49981,70,13,83
55941,43,40,83
54849,76,7,83
54879,63,20,83
53473,80,3,83
47823,76,7,83
53403,75,8,83
60941,78,5,83
58358,73,10,83
56954,62,21,83
32853,78,5,83
51357,78,5,83
61297,81,2,83
50824,76,7,83
62025,7,76,83
34323,71,12,83
49295,62,21,83
40893,79,4,83
50373,72,11,83
32908,79,4,83
49236,73,10,83
51271,64,19,83
58855,76,7,83
53951,81,2,83
34666,78,5,83
57989,80,3,83
52880,67,16,83
60678,74,9,83
49682,70,13,83
50804,73,10,83
47884,73,10,83
55877,75,8,83
59055,80,3,83
57568,70,13,83
55071,80,3,83
56349,60,23,83
59050,70,13,83
57384,66,17,83
55485,50,33,83
55034,70,13,83
63017,82,1,83
50756,29,54,83
50787,67,16,83
61880,5,78,83
51027,60,23,83
32768,78,5,83
55319,77,6,83
43826,7,76,83
48829,79,4,83
52034,77,6,83
42351,77,6,83
48687,78,5,83
38334,76,7,83
40110,81,2,83
45484,82,1,83
41241,79,4,83
47777,82,1,83
29390,83,0,83
55920,71,11,82
47657,75,7,82
46916,75,7,82
45569,28,54,82
57252,72,10,82
52340,35,47,82
44941,73,9,82
60683,74,8,82
45743,81,1,82
60782,76,6,82
51559,78,4,82
50537,72,10,82
59997,74,8,82
59034,74,8,82
49450,77,5,82
53080,74,8,82
45668,51,31,82
49404,78,4,82
59479,70,12,82
58891,39,43,82
52721,67,15,82
49508,79,3,82
59701,67,15,82
54909,64,18,82
34347,76,6,82
49441,71,11,82
56161,45,37,82
50921,75,7,82
38966,72,10,82
53624,51,31,82
49954,58,24,82
49583,70,12,82
53977,79,3,82
50723,75,7,82
35216,18,64,82
47455,78,4,82
46606,75,7,82
50577,75,7,82
52204,73,9,82
60870,71,11,82
58130,73,9,82
53416,78,4,82
55698,68,14,82
58460,69,13,82
51786,73,9,82
51057,70,12,82
53522,72,10,82
56639,81,1,82
48195,76,6,82
51887,8,74,82
41716,81,1,82
58626,80,2,82
56706,73,9,82
51023,71,11,82
41311,78,4,82
33333,72,10,82
60931,80,2,82
42392,80,2,82
15751,1,81,82
46258,80,2,82
57877,76,6,82
34204,80,2,82
23579,1,81,82
40662,82,0,82
41317,74,7,81
59509,76,5,81
48419,14,67,81
38401,73,8,81
60147,73,8,81
40150,75,6,81
45241,77,4,81
46055,74,7,81
45719,75,6,81
40560,71,10,81
56248,78,3,81
41556,71,10,81
46053,74,7,81
49752,78,3,81
59607,36,45,81
32849,75,6,81
55810,63,18,81
53688,55,26,81
60467,77,4,81
60249,67,14,81
60014,72,9,81
59710,74,7,81
50716,76,5,81
58579,74,7,81
58425,68,13,81
58422,73,8,81
57428,74,7,81
59468,63,18,81
53711,76,5,81
55571,75,6,81
64957,79,2,81
49355,68,13,81
49568,72,9,81
54284,51,30,81
50074,73,8,81
52873,70,11,81
60468,72,9,81
50838,70,11,81
59786,75,6,81
50234,71,10,81
60435,72,9,81
61265,81,0,81
53948,72,9,81
60866,69,12,81
59419,75,6,81
53729,79,2,81
50312,68,13,81
51485,74,7,81
49720,77,4,81
56169,66,15,81
53727,77,4,81
51075,42,39,81
49681,69,12,81
32970,77,4,81
55053,74,7,81
34033,76,5,81
32919,80,1,81
54809,34,47,81
46146,80,1,81
42102,79,2,81
57650,75,6,81
47775,78,3,81
41807,78,3,81
32791,78,2,80
41343,77,3,80
47144,72,8,80
45867,78,2,80
59111,59,21,80
37505,8,72,80
48735,76,4,80
55707,49,31,80
42394,70,10,80
57870,78,2,80
37590,28,52,80
54628,70,10,80
53245,77,3,80
57932,75,5,80
54108,64,16,80
60825,72,8,80
59264,73,7,80
50625,76,4,80
54819,72,8,80
50508,73,7,80
54137,52,28,80
53657,76,4,80
50339,53,27,80
52402,72,8,80
49592,71,9,80
49642,72,8,80
53851,76,4,80
51428,65,15,80
56638,56,24,80
57823,75,5,80
38979,80,0,80
46397,72,8,80
33556,76,4,80
40809,77,3,80
34249,75,5,80
41338,71,9,80
57359,63,17,80
42002,66,14,80
55774,51,29,80
34297,69,11,80
49528,75,5,80
40181,5,75,80
35668,65,15,80
42668,75,5,80
32802,80,0,80
58491,65,15,80
55529,77,3,80
57487,73,7,80
54383,74,6,80
54394,74,6,80
54555,58,22,80
51300,77,3,80
47646,72,8,80
50112,70,10,80
59417,54,26,80
59562,76,4,80
60351,68,12,80
34991,9,71,80
53759,70,10,80
55143,75,5,80
41489,76,4,80
39902,76,4,80
51169,58,22,80
58205,64,16,80
44175,39,41,80
57199,75,5,80
53669,75,5,80
48473,11,69,80
48013,74,6,80
34246,79,1,80
41865,78,2,80
32960,76,4,80
45168,76,4,80
38327,80,0,80
47661,75,5,80
42359,76,4,80
41406,80,0,80
37842,74,6,80
40301,77,3,80
32873,80,0,80
47848,78,2,80
39838,34,45,79
58001,72,7,79
48809,67,12,79
39562,76,3,79
41245,67,12,79
60442,70,9,79
55850,72,7,79
54130,71,8,79
40994,76,3,79
47971,72,7,79
52975,79,0,79
59454,64,15,79
50306,63,16,79
39072,69,10,79
49742,77,2,79
49166,74,5,79
55809,69,10,79
50966,73,6,79
33408,72,7,79
58875,77,2,79
49671,65,14,79
47854,72,7,79
50336,74,5,79
54856,58,21,79
47696,69,10,79
51141,43,36,79
58192,7,72,79
59622,77,2,79
50215,75,4,79
56458,12,67,79
58814,69,10,79
54153,73,6,79
49633,73,6,79
53914,71,8,79
34023,75,4,79
56239,73,6,79
34293,76,3,79
50991,66,13,79
54303,72,7,79
58581,73,6,79
50132,75,4,79
49565,66,13,79
58439,73,6,79
52094,53,26,79
53687,68,11,79
43367,69,10,79
39276,75,4,79
58614,73,6,79
51393,62,17,79
57216,67,12,79
60680,71,8,79
60754,61,18,79
50523,71,8,79
59758,56,23,79
59501,69,10,79
55198,12,67,79
54096,73,6,79
51026,53,26,79
46979,62,17,79
50779,75,4,79
52786,67,12,79
39624,74,5,79
59638,63,16,79
33888,72,7,79
41518,74,5,79
33327,73,6,79
54808,75,4,79
47955,70,9,79
58532,67,12,79
57161,69,10,79
61855,79,0,79
40674,75,3,78
47227,72,6,78
40071,73,5,78
39724,71,7,78
55405,67,11,78
46744,72,6,78
46099,70,8,78
37960,72,6,78
59655,51,27,78
59606,46,32,78
55096,72,6,78
50359,64,14,78
58475,75,3,78
50505,72,6,78
57411,78,0,78
49601,48,30,78
51004,68,10,78
56217,66,12,78
34020,71,7,78
52735,73,5,78
60486,72,6,78
50999,70,8,78
64868,5,73,78
41528,71,7,78
53845,70,8,78
52417,75,3,78
52749,30,48,78
51175,68,10,78
46383,62,16,78
56290,77,1,78
54687,22,56,78
53641,68,10,78
58256,61,17,78
62715,76,2,78
57969,61,17,78
35964,71,7,78
56548,72,6,78
56673,70,8,78
60422,68,10,78
54068,70,8,78
52205,70,8,78
34850,71,7,78
54101,66,12,78
58629,72,6,78
58640,76,2,78
55754,73,5,78
60250,72,6,78
51385,50,28,78
51651,41,37,78
49733,77,1,78
35710,75,3,78
53762,67,11,78
40472,74,4,78
62252,78,0,78
45770,1,77,78
43685,77,1,78
49871,22,55,77
39954,72,5,77
59015,72,5,77
59848,71,6,77
41763,64,13,77
56243,70,7,77
44291,73,4,77
60296,63,14,77
52851,30,47,77
56256,71,6,77
60423,74,3,77
38927,74,3,77
48702,73,4,77
59552,75,2,77
58292,63,14,77
53400,75,2,77
46468,72,5,77
49605,72,5,77
59371,71,6,77
32957,75,2,77
49842,68,9,77
55738,70,7,77
61053,14,63,77
55075,65,12,77
49284,54,23,77
53242,72,5,77
49436,61,16,77
58549,60,17,77
52843,71,6,77
57104,70,7,77
50930,68,9,77
59567,61,16,77
54155,65,12,77
58559,73,4,77
57765,65,12,77
53912,68,9,77
49271,74,3,77
49366,64,13,77
49391,74,3,77
49374,73,4,77
54136,70,7,77
50317,49,28,77
41157,73,4,77
34315,73,4,77
50226,56,21,77
56969,70,7,77
47654,70,7,77
62837,22,55,77
54556,70,7,77
47930,69,8,77
52905,69,8,77
61094,76,1,77
53253,72,5,77
53987,69,8,77
56731,31,46,77
53289,43,34,77
60220,75,2,77
52788,56,21,77
53057,56,21,77
41272,67,10,77
58441,68,9,77
60475,60,17,77
51096,70,7,77
60173,68,9,77
51258,54,23,77
51723,63,14,77
59699,41,36,77
48443,76,1,77
40416,73,4,77
41928,75,2,77
41557,70,7,77
46179,76,1,77
56178,67,10,77
63156,77,0,77
32936,77,0,77
49516,73,3,76
60410,70,6,76
60548,69,7,76
53046,70,6,76
46936,70,6,76
41624,76,0,76
59749,64,12,76
58522,75,1,76
44127,71,5,76
49766,68,8,76
46623,74,2,76
44462,67,9,76
41013,70,6,76
53828,69,7,76
47949,69,7,76
59486,59,17,76
55952,62,14,76
50038,69,7,76
54297,66,10,76
56018,14,62,76
51418,63,13,76
32951,73,3,76
56062,60,16,76
59090,62,14,76
60737,55,21,76
57190,55,21,76
60159,71,5,76
59123,69,7,76
51544,16,60,76
50645,66,10,76
58580,69,7,76
54141,57,19,76
55661,63,13,76
57850,67,9,76
50849,67,9,76
41123,65,11,76
51730,54,22,76
56595,52,24,76
59029,57,19,76
53827,48,28,76
49535,67,9,76
49661,70,6,76
49584,60,16,76
58845,71,5,76
55527,60,16,76
58518,69,7,76
58630,72,4,76
60476,68,8,76
58048,72,4,76
59496,48,28,76
58787,69,7,76
53983,72,4,76
59855,63,13,76
58127,55,21,76
59498,54,22,76
57255,70,6,76
32947,71,5,76
54626,59,17,76
46812,75,1,76
52612,70,6,76
50692,68,8,76
50721,70,6,76
58660,65,11,76
40543,72,4,76
54083,70,6,76
54214,70,6,76
47305,66,10,76
56527,66,10,76
45312,73,3,76
59564,74,2,76
64749,5,71,76
57797,73,3,76
59586,61,15,76
54981,73,3,76
56242,65,11,76
40789,75,1,76
46222,74,1,75
48942,26,49,75
58138,62,13,75
48349,69,6,75
44952,72,3,75
54124,71,4,75
55308,65,10,75
44593,71,4,75
49190,61,14,75
41074,65,10,75
55151,59,16,75
46884,73,2,75
59897,72,3,75
60434,66,9,75
55045,67,8,75
53407,72,3,75
58830,67,8,75
49846,55,20,75
60357,60,15,75
60277,61,14,75
50789,48,27,75
60197,53,22,75
59808,70,5,75
58423,67,8,75
60006,67,8,75
50376,75,0,75
54150,55,20,75
62391,74,1,75
50385,58,17,75
51101,66,9,75
58359,63,12,75
54772,53,22,75
47857,70,5,75
50379,53,22,75
55106,69,6,75
50201,66,9,75
58322,65,10,75
49805,71,4,75
53906,70,5,75
34810,49,26,75
49219,56,19,75
50177,72,3,75
51063,68,7,75
57587,63,12,75
49612,56,19,75
64127,75,0,75
50733,60,15,75
32993,67,8,75
49872,67,8,75
52903,55,20,75
50579,70,5,75
50920,58,17,75
33107,70,5,75
54828,71,4,75
61447,75,0,75
56691,71,4,75
60538,70,5,75
42252,64,11,75
56644,69,6,75
60473,43,32,75
45982,66,9,75
59935,54,21,75
58611,73,2,75
53710,67,8,75
51035,64,11,75
33051,58,17,75
57624,66,9,75
53238,67,8,75
55549,55,20,75
57034,74,1,75
49326,13,62,75
55126,67,8,75
59961,64,11,75
32962,74,1,75
39713,72,3,75
58853,69,6,75
59813,72,3,75
38974,73,1,74
37605,71,3,74
55496,68,6,74
55595,64,10,74
53138,68,6,74
38007,70,4,74
42491,68,6,74
55472,59,15,74
58570,73,1,74
57116,69,5,74
43125,67,7,74
50493,73,1,74
63060,5,69,74
50538,62,12,74
60111,66,8,74
57628,67,7,74
55559,51,23,74
61039,66,8,74
56126,59,15,74
60583,70,4,74
60579,66,8,74
54767,49,25,74
60404,66,8,74
50679,70,4,74
59116,70,4,74
50521,70,4,74
53703,68,6,74
50393,68,6,74
55141,66,8,74
58487,61,13,74
36143,71,3,74
54913,58,16,74
54583,61,13,74
36914,67,7,74
51345,66,8,74
54899,52,22,74
49213,65,9,74
58320,59,15,74
60201,69,5,74
42009,70,4,74
41848,42,32,74
49196,68,6,74
49464,68,6,74
61577,66,8,74
39912,57,17,74
42415,55,19,74
57159,57,17,74
53758,69,5,74
54242,63,11,74
50981,68,6,74
50507,71,3,74
55551,60,14,74
49369,59,15,74
38323,68,6,74
47472,59,15,74
35679,69,5,74
54897,69,5,74
49722,70,4,74
54881,70,4,74
59251,53,21,74
53608,70,4,74
56618,67,7,74
58642,72,2,74
59347,59,15,74
39757,66,8,74
53542,61,13,74
61283,74,0,74
42052,69,5,74
58417,65,9,74
58321,63,11,74
54758,68,6,74
59570,44,30,74
38360,74,0,74
37994,57,17,74
50078,68,6,74
40075,69,5,74
56926,62,12,74
59243,73,1,74
40002,73,1,74
63018,74,0,74
48131,65,8,73
40780,65,8,73
41843,69,4,73
46702,61,12,73
49717,56,17,73
46851,66,7,73
57933,66,7,73
37556,64,9,73
59707,67,6,73
45785,66,7,73
48631,62,11,73
38734,71,2,73
48258,27,46,73
58565,55,18,73
45285,71,2,73
39544,37,36,73
47613,61,12,73
50026,66,7,73
44497,35,38,73
56045,65,8,73
60495,57,16,73
41137,68,5,73
42189,7,66,73
61390,65,8,73
50050,65,8,73
47415,65,8,73
49162,71,2,73
50632,36,37,73
55102,66,7,73
61208,73,0,73
57189,51,22,73
60076,68,5,73
52189,36,37,73
50346,62,11,73
58459,58,15,73
53097,62,11,73
50436,66,7,73
51178,61,12,73
54876,62,11,73
50345,65,8,73
53123,70,3,73
50293,43,30,73
60414,56,17,73
59267,41,32,73
56506,69,4,73
50176,64,9,73
60344,66,7,73
51465,57,16,73
55219,68,5,73
51067,54,19,73
60860,63,10,73
51066,55,18,73
60494,71,2,73
56215,50,23,73
49864,69,4,73
60740,56,17,73
49666,42,31,73
52214,70,3,73
50040,52,21,73
58916,62,11,73
49241,59,14,73
53615,67,6,73
64618,72,1,73
50058,66,7,73
55396,33,40,73
50973,67,6,73
57550,60,13,73
35273,67,6,73
51315,30,43,73
50455,63,10,73
50204,67,6,73
58204,51,22,73
49877,38,35,73
49862,70,3,73
61632,59,14,73
59611,66,7,73
59828,56,17,73
54780,45,28,73
61347,65,8,73
56611,60,13,73
58824,60,13,73
53910,69,4,73
39391,61,12,73
53803,67,6,73
59128,50,23,73
37030,70,3,73
51029,53,20,73
60842,62,11,73
58451,59,14,73
57277,36,37,73
43056,14,59,73
33007,64,9,73
43109,56,17,73
41454,70,3,73
16385,1,72,73
16386,1,72,73
33329,71,2,73
49258,24,49,73
55908,73,0,73
63477,73,0,73
59675,67,6,73
40911,66,6,72
43451,72,0,72
59227,64,8,72
46632,66,6,72
41040,16,56,72
56244,63,9,72
41962,62,10,72
41655,61,11,72
57648,63,9,72
42711,70,2,72
49735,68,4,72
36504,69,3,72
59190,70,2,72
45892,65,7,72
42522,37,35,72
40291,69,3,72
47803,64,8,72
38891,69,3,72
46844,62,10,72
57609,62,10,72
50651,44,28,72
54200,64,8,72
50087,61,11,72
49510,68,4,72
53166,28,44,72
56103,45,27,72
55897,67,5,72
59604,53,19,72
48893,67,5,72
60017,63,9,72
59127,65,7,72
57271,65,7,72
57620,55,17,72
53778,55,17,72
41282,64,8,72
47051,63,9,72
55404,59,13,72
50377,66,6,72
59541,46,26,72
50936,64,8,72
39212,64,8,72
50202,71,1,72
49455,64,8,72
56525,60,12,72
56276,65,7,72
42709,34,38,72
47247,33,39,72
58383,50,22,72
52806,55,17,72
58991,61,11,72
59118,53,19,72
56175,58,14,72
53381,62,10,72
49210,55,17,72
49620,31,41,72
49206,62,10,72
33108,64,8,72
36481,68,4,72
42406,64,8,72
62109,67,5,72
50474,62,10,72
57374,60,12,72
42430,64,8,72
62850,46,26,72
53802,29,43,72
52748,13,59,72
55874,43,29,72
58777,68,4,72
59956,47,25,72
53735,61,11,72
57254,69,3,72
58563,59,13,72
45203,63,9,72
63630,68,4,72
51993,59,13,72
53060,52,20,72
57450,68,4,72
57907,66,6,72
53482,63,9,72
61463,66,6,72
58633,66,6,72
500,2,70,72
52678,23,49,72
37768,65,7,72
59348,42,30,72
41506,69,3,72
38604,66,6,72
50199,72,0,72
62088,71,1,72
57296,59,13,72
61288,71,1,72
38073,21,51,72
48944,68,3,71
42357,65,6,71
55345,51,20,71
48749,69,2,71
43135,24,47,71
55145,65,6,71
46511,67,4,71
52743,59,12,71
58133,50,21,71
56252,61,10,71
48862,66,5,71
40730,68,3,71
45734,64,7,71
52272,55,16,71
59896,62,9,71
55650,55,16,71
55799,19,52,71
39770,66,5,71
53113,50,21,71
49820,66,5,71
32816,53,18,71
36474,56,15,71
51139,64,7,71
57075,66,5,71
61266,71,0,71
60488,56,15,71
58646,55,16,71
45467,59,12,71
57434,65,6,71
54143,56,15,71
42676,62,9,71
58331,50,21,71
58670,50,21,71
59473,60,11,71
58594,63,8,71
58679,67,4,71
59624,61,10,71
37302,65,6,71
58949,66,5,71
53043,64,7,71
54829,65,6,71
59476,62,9,71
58382,56,15,71
37257,64,7,71
46537,66,5,71
44879,67,4,71
35459,62,9,71
46828,65,6,71
52098,67,4,71
56333,57,14,71
49497,67,4,71
49485,64,7,71
33871,67,4,71
50830,69,2,71
33844,71,0,71
59857,65,6,71
58596,63,8,71
36778,66,5,71
55668,55,16,71
51621,63,8,71
56599,61,10,71
58337,61,10,71
55876,67,4,71
53798,55,16,71
51860,60,11,71
53326,56,15,71
55259,55,16,71
57240,70,1,71
60376,56,15,71
50526,64,7,71
53153,63,8,71
51068,51,20,71
54916,51,20,71
47637,66,5,71
35850,45,26,71
49586,47,24,71
63646,65,6,71
60163,65,6,71
52853,64,7,71
60293,60,11,71
57276,57,14,71
47013,64,7,71
59600,64,7,71
16384,1,70,71
53497,68,3,71
59052,59,12,71
62087,71,0,71
46622,60,11,71
57654,65,6,71
54936,69,2,71
57788,68,3,71
13743,1,70,71
59764,61,9,70
56889,69,1,70
33341,60,10,70
39226,45,25,70
53504,64,6,70
41128,63,7,70
42141,65,5,70
37950,68,2,70
57924,37,33,70
60211,66,4,70
49746,62,8,70
50261,64,6,70
42913,68,2,70
45477,41,29,70
44490,6,64,70
61646,70,0,70
60767,46,24,70
54938,59,11,70
54244,30,40,70
56004,65,5,70
60380,44,26,70
58203,66,4,70
51810,56,14,70
57848,53,17,70
63806,7,63,70
55238,65,5,70
63449,70,0,70
55127,64,6,70
56737,56,14,70
62734,70,0,70
60115,65,5,70
50807,63,7,70
57064,51,19,70
52532,13,57,70
57630,64,6,70
58401,66,4,70
53836,64,6,70
53719,60,10,70
52606,59,11,70
54271,62,8,70
51756,69,1,70
48307,64,6,70
51463,68,2,70
52160,48,22,70
59460,62,8,70
53056,47,23,70
47826,66,4,70
53377,52,18,70
50691,63,7,70
36991,57,13,70
49203,59,11,70
50407,57,13,70
35403,64,6,70
41172,66,4,70
49192,63,7,70
60425,57,13,70
36712,66,4,70
55708,66,4,70
48585,64,6,70
38138,63,7,70
50262,61,9,70
58376,54,16,70
50412,58,12,70
55105,58,12,70
34661,66,4,70
49500,50,20,70
59803,48,22,70
53909,59,11,70
56038,63,7,70
49936,60,10,70
57181,57,13,70
51064,53,17,70
55712,60,10,70
50012,61,9,70
50762,52,18,70
57263,34,36,70
59146,69,1,70
50115,54,16,70
59106,63,7,70
54698,61,9,70
58539,65,5,70
53115,62,8,70
60000,66,4,70
58053,63,7,70
59376,62,8,70
34007,65,5,70
51072,57,13,70
54157,69,1,70
56010,67,3,70
57336,58,12,70
58152,61,9,70
43094,58,12,70
58227,56,14,70
56772,51,19,70
42205,65,5,70
53388,42,28,70
58973,55,15,70
51961,67,3,70
52483,63,7,70
38142,60,10,70
54544,66,4,70
56246,66,4,70
60525,64,6,70
54835,67,3,70
45190,64,6,70
33500,66,4,70
43706,63,7,70
40138,69,1,70
40796,67,3,70
49170,68,2,70
38331,63,7,70
59398,62,8,70
62098,70,0,70
40546,58,11,69
46981,66,3,69
55727,59,10,69
38207,66,3,69
37400,59,10,69
41315,57,12,69
39592,35,34,69
40737,27,42,69
59958,63,6,69
39117,66,3,69
44528,61,8,69
38267,60,9,69
48703,51,18,69
40916,63,6,69
42870,23,46,69
52769,58,11,69
58072,19,50,69
51488,60,9,69
54035,44,25,69
57771,62,7,69
37074,17,52,69
49812,38,31,69
38685,65,4,69
57955,41,28,69
41503,63,6,69
52831,47,22,69
56063,44,25,69
52405,21,48,69
61261,65,4,69
56261,60,9,69
60028,64,5,69
54257,52,17,69
53022,45,24,69
55337,61,8,69
55335,53,16,69
59018,63,6,69
54354,64,5,69
55009,59,10,69
54800,61,8,69
58591,55,14,69
57175,61,8,69
59738,41,28,69
14930,1,68,69
50147,63,6,69
54741,58,11,69
49248,50,19,69
34519,64,5,69
58889,28,41,69
33750,16,53,69
48976,30,39,69
49429,45,24,69
46051,62,7,69
57854,55,14,69
57406,64,5,69
54152,50,19,69
54832,53,16,69
58405,62,7,69
54591,65,4,69
52508,62,7,69
41017,64,5,69
53928,58,11,69
45439,56,13,69
59963,59,10,69
60986,49,20,69
53177,63,6,69
50955,61,8,69
49837,61,8,69
59594,42,27,69
65197,12,57,69
49511,61,8,69
56264,31,38,69
50768,66,3,69
34481,61,8,69
56474,55,14,69
35246,55,14,69
59065,52,17,69
54179,23,46,69
60859,47,22,69
33195,69,0,69
51408,61,8,69
57943,59,10,69
41539,63,6,69
35589,53,16,69
41953,66,3,69
50133,56,13,69
54716,66,3,69
55078,65,4,69
43724,60,9,69
51299,56,13,69
56366,57,12,69
58690,51,18,69
59379,53,16,69
60534,61,8,69
62462,66,3,69
53528,64,5,69
60424,53,16,69
49790,61,8,69
58678,59,10,69
36912,64,5,69
36371,61,8,69
47796,60,9,69
35333,64,5,69
50656,59,10,69
45151,66,3,69
61641,65,4,69
48731,67,2,69
36073,13,56,69
49844,63,6,69
57268,62,7,69
57069,36,33,69
55123,68,1,69
51341,68,1,69
57887,66,3,69
59559,62,7,69
63729,5,64,69
46217,66,3,69
57683,66,3,69
55257,59,10,69
49132,6,63,69
56628,64,5,69
33330,59,9,68
39842,58,10,68
56270,61,7,68
60517,55,13,68
56640,58,10,68
50875,59,9,68
42961,24,44,68
52875,66,2,68
42294,45,23,68
55435,64,4,68
47617,64,4,68
60904,59,9,68
45516,59,9,68
40677,60,8,68
53498,58,10,68
58135,59,9,68
39055,62,6,68
60530,64,4,68
56821,52,16,68
42677,61,7,68
56123,41,27,68
54088,64,4,68
55704,32,36,68
46088,59,9,68
50459,42,26,68
60480,63,5,68
38472,65,3,68
60502,59,9,68
61056,62,6,68
59912,50,18,68
60531,65,3,68
55381,59,9,68
60215,64,4,68
52755,53,15,68
54273,63,5,68
43190,61,7,68
54788,55,13,68
49708,45,23,68
50791,49,19,68
53844,63,5,68
53176,56,12,68
53174,66,2,68
46706,62,6,68
50388,63,5,68
57898,48,20,68
58668,46,22,68
50028,59,9,68
61274,66,2,68
59538,50,18,68
56277,60,8,68
50343,51,17,68
53395,64,4,68
51016,61,7,68
60503,66,2,68
50048,48,20,68
59859,60,8,68
54279,63,5,68
60421,56,12,68
47210,64,4,68
49204,66,2,68
49189,29,39,68
35123,66,2,68
63809,64,4,68
51051,52,16,68
57383,58,10,68
50390,44,24,68
52677,13,55,68
55843,61,7,68
50094,45,23,68
57513,60,8,68
50818,65,3,68
49719,63,5,68
56393,36,32,68
49246,53,15,68
34827,60,8,68
50035,63,5,68
49297,54,14,68
64564,64,4,68
33491,63,5,68
40999,60,8,68
56947,51,17,68
54911,63,5,68
36168,59,9,68
49916,55,13,68
49281,52,16,68
34374,65,3,68
50141,68,0,68
56625,61,7,68
58413,64,4,68
59303,50,18,68
49526,60,8,68
56430,56,12,68
47495,33,35,68
60051,56,12,68
55522,55,13,68
59156,62,6,68
54109,67,1,68
63402,67,1,68
56359,59,9,68
58555,55,13,68
59892,64,4,68
55788,60,8,68
52840,67,1,68
44981,18,50,68
49188,62,6,68
53645,53,15,68
52174,55,13,68
54042,57,11,68
56519,67,1,68
61841,12,56,68
58528,64,4,68
38490,62,6,68
51721,64,4,68
51798,55,13,68
58598,64,4,68
60764,31,37,68
33859,66,2,68
59612,67,1,68
41510,65,3,68
41823,68,0,68
60465,66,2,68
61966,68,0,68
56927,64,4,68
38609,65,3,68
44961,66,2,68
38476,65,3,68
54957,53,14,67
47629,62,5,67
46252,67,0,67
46538,58,9,67
58341,61,6,67
59818,51,16,67
55225,65,2,67
56232,63,4,67
46335,59,8,67
49168,57,10,67
60085,61,6,67
40216,59,8,67
57733,55,12,67
55311,55,12,67
54674,60,7,67
56231,57,10,67
50427,61,6,67
53659,59,8,67
56445,61,6,67
54274,59,8,67
54194,52,15,67
51006,57,10,67
59775,49,18,67
59771,59,8,67
60082,55,12,67
60008,56,11,67
59792,61,6,67
56209,62,5,67
50685,62,5,67
60190,53,14,67
56365,53,14,67
42998,62,5,67
57584,54,13,67
53818,60,7,67
53793,61,6,67
53124,65,2,67
53763,62,5,67
52575,50,17,67
51682,59,8,67
47959,61,6,67
50883,64,3,67
58456,66,1,67
62674,45,22,67
54648,55,12,67
50947,58,9,67
52867,57,10,67
63940,64,3,67
54486,64,3,67
55894,61,6,67
52906,54,13,67
53811,25,42,67
51285,61,6,67
42456,59,8,67
48638,62,5,67
50092,59,8,67
40458,59,8,67
49373,62,5,67
50032,65,2,67
49215,55,12,67
57160,51,16,67
49280,32,35,67
64073,66,1,67
51700,55,12,67
53993,57,10,67
33813,62,5,67
37121,59,8,67
64738,61,6,67
34835,54,13,67
49409,65,2,67
40166,60,7,67
52267,61,6,67
50706,59,8,67
36390,60,7,67
51593,65,2,67
53788,34,33,67
50542,59,8,67
62840,63,4,67
54735,51,16,67
39549,63,4,67
53277,60,7,67
53757,60,7,67
60591,63,4,67
53419,59,8,67
56609,58,9,67
36960,67,0,67
59450,35,32,67
54769,57,10,67
51055,59,8,67
47641,61,6,67
47224,34,33,67
56565,63,4,67
56422,60,7,67
43829,55,12,67
47082,62,5,67
49557,60,7,67
54133,61,6,67
58314,64,3,67
42831,61,6,67
55011,59,8,67
58288,65,2,67
58951,59,8,67
43702,65,2,67
34319,63,4,67
63487,67,0,67
47185,64,3,67
41893,64,3,67
39680,62,4,66
52813,49,17,66
50258,61,5,66
48300,57,9,66
55157,57,9,66
38277,60,6,66
38958,62,4,66
41578,61,5,66
56286,63,3,66
57319,52,14,66
59028,62,4,66
48080,22,44,66
55991,58,8,66
43357,51,15,66
38834,3,63,66
47083,36,30,66
57171,11,55,66
54514,63,3,66
55299,61,5,66
53421,53,13,66
56621,63,3,66
51828,64,2,66
51333,63,3,66
55634,59,7,66
51521,55,11,66
62387,66,0,66
50983,62,4,66
60791,59,7,66
50923,59,7,66
55535,51,15,66
59627,57,9,66
50614,66,0,66
58644,58,8,66
57442,58,8,66
53825,59,7,66
54112,52,14,66
49643,58,8,66
51555,29,37,66
52842,62,4,66
52710,62,4,66
36323,61,5,66
37911,59,7,66
48744,59,7,66
51752,46,20,66
42983,64,2,66
50375,47,19,66
50825,54,12,66
39527,12,54,66
54907,43,23,66
34072,56,10,66
50803,52,14,66
44407,61,5,66
37085,42,24,66
34839,57,9,66
52580,56,10,66
49332,50,16,66
50224,48,18,66
50054,61,5,66
60526,59,7,66
49911,55,11,66
49672,47,19,66
50086,61,5,66
63554,21,45,66
60345,49,17,66
58018,64,2,66
58318,59,7,66
42407,53,13,66
34070,62,4,66
51259,55,11,66
50020,63,3,66
50325,55,11,66
55870,62,4,66
43938,63,3,66
51826,45,21,66
59515,60,6,66
51353,55,11,66
62848,62,4,66
52027,65,1,66
59436,59,7,66
53898,61,5,66
56372,59,7,66
57201,52,14,66
59782,57,9,66
59381,57,9,66
53749,58,8,66
61269,65,1,66
57097,27,39,66
57891,61,5,66
53360,64,2,66
53363,54,12,66
54156,53,13,66
58975,59,7,66
58221,56,10,66
61204,65,1,66
58499,58,8,66
44272,56,10,66
58077,36,30,66
61820,66,0,66
59791,62,4,66
57391,37,29,66
42642,55,11,66
51019,54,12,66
61068,49,17,66
55414,55,11,66
50209,53,13,66
43772,58,8,66
58074,50,16,66
51778,51,15,66
52243,45,21,66
39352,63,3,66
46297,61,5,66
57473,52,14,66
55159,56,10,66
60515,57,9,66
59832,60,6,66
57229,63,3,66
42070,63,3,66
56887,61,5,66
60519,50,15,65
42016,62,3,65
37412,61,4,65
55913,53,12,65
39999,56,9,65
57841,59,6,65
54999,58,7,65
58112,48,17,65
49734,63,2,65
56275,64,1,65
41100,60,5,65
47141,62,3,65
55146,58,7,65
41285,56,9,65
49324,55,10,65
54001,64,1,65
56224,49,16,65
56104,53,12,65
52669,29,36,65
50230,55,10,65
63465,63,2,65
64457,18,47,65
62318,25,40,65
56758,27,38,65
41478,61,4,65
56181,45,20,65
54263,55,10,65
42256,58,7,65
59660,53,12,65
59632,45,20,65
50674,63,2,65
46506,61,4,65
40925,53,12,65
50525,61,4,65
60378,54,11,65
57499,62,3,65
53834,62,3,65
53820,50,15,65
53786,56,9,65
54260,59,6,65
50334,51,14,65
60512,42,23,65
54602,55,10,65
39698,64,1,65
54256,56,9,65
35953,59,6,65
55239,57,8,65
50910,60,5,65
53519,61,4,65
51085,56,9,65
49377,57,8,65
58524,34,31,65
41895,55,10,65
50301,49,16,65
49214,46,19,65
56007,36,29,65
49394,51,14,65
33058,61,4,65
52560,57,8,65
50016,64,1,65
49827,52,13,65
49680,49,16,65
57028,62,3,65
34836,59,6,65
49314,56,9,65
58064,46,19,65
52067,59,6,65
50411,28,37,65
49321,39,26,65
56544,58,7,65
53488,45,20,65
52554,51,14,65
33571,57,8,65
49727,51,14,65
60783,52,13,65
34421,56,9,65
38954,53,12,65
49484,50,15,65
50073,51,14,65
35151,60,5,65
64812,63,2,65
50473,57,8,65
51086,56,9,65
49848,54,11,65
52542,47,18,65
55513,59,6,65
51980,12,53,65
54018,52,13,65
50663,56,9,65
53070,53,12,65
54504,8,57,65
56503,56,9,65
55040,49,16,65
55184,65,0,65
50775,62,3,65
56805,42,23,65
57142,63,2,65
51069,49,16,65
53503,34,31,65
44220,53,12,65
50701,56,9,65
33516,14,51,65
59646,60,5,65
50773,64,1,65
57855,51,14,65
35642,63,2,65
57859,55,10,65
59690,38,27,65
55383,52,13,65
45432,56,9,65
58206,44,21,65
53751,58,7,65
45229,49,16,65
56631,55,10,65
51034,51,14,65
59849,41,24,65
33958,60,5,65
49683,57,8,65
41504,57,8,65
34792,56,9,65
56331,60,5,65
62703,38,27,65
44079,57,8,65
35057,60,5,65
56137,59,6,65
55782,61,4,65
57024,61,4,65
47600,64,1,65
63188,65,0,65
40537,64,0,64
46719,61,3,64
36575,14,50,64
59316,57,7,64
42499,62,2,64
42502,60,4,64
45994,17,47,64
55147,59,5,64
56238,63,1,64
41413,57,7,64
56526,53,11,64
59736,53,11,64
35986,59,5,64
58252,49,15,64
41554,62,2,64
57852,56,8,64
54282,62,2,64
58073,41,23,64
46181,53,11,64
49741,53,11,64
49160,56,8,64
59045,52,12,64
58297,56,8,64
63645,59,5,64
51155,56,8,64
56781,43,21,64
40930,52,12,64
61952,64,0,64
41879,53,11,64
60814,60,4,64
60796,56,8,64
60759,57,7,64
50253,58,6,64
52191,41,23,64
56845,48,16,64
50574,61,3,64
57979,26,38,64
53865,57,7,64
53718,62,2,64
55537,52,12,64
55568,56,8,64
43850,51,13,64
46690,56,8,64
57977,46,18,64
59949,54,10,64
51839,56,8,64
54774,57,7,64
38279,53,11,64
58051,42,22,64
54158,59,5,64
54414,51,13,64
60556,45,19,64
53516,47,17,64
53801,49,15,64
41429,58,6,64
49982,54,10,64
53505,51,13,64
50155,54,10,64
56292,53,11,64
49946,54,10,64
38112,55,9,64
56982,16,48,64
63635,64,0,64
34301,54,10,64
53929,50,14,64
42363,62,2,64
46600,53,11,64
50163,52,12,64
60091,52,12,64
53874,54,10,64
33907,58,6,64
42011,57,7,64
59983,46,18,64
63245,21,43,64
51054,48,16,64
54114,58,6,64
54557,58,6,64
54699,47,17,64
55726,58,6,64
54979,54,10,64
52847,55,9,64
57157,34,30,64
58508,51,13,64
58819,58,6,64
56660,10,54,64
53734,45,19,64
60723,50,14,64
54612,54,10,64
43085,61,3,64
39121,62,2,64
54480,53,11,64
50754,53,11,64
60553,47,17,64
51289,55,9,64
59704,61,3,64
41804,59,5,64
60558,53,11,64
39335,61,3,64
54717,61,3,64
54980,60,4,64
38931,63,1,64
58923,58,6,64
49979,59,5,64
63360,61,3,64
61860,19,45,64
23931,1,63,64
56537,61,3,64
57824,60,3,63
38944,59,4,63
49063,48,15,63
44345,61,2,63
54127,34,29,63
48499,60,3,63
39416,11,52,63
41420,58,5,63
48346,56,7,63
44563,25,38,63
38497,59,4,63
37119,60,3,63
59928,41,22,63
54307,57,6,63
52977,53,10,63
52348,57,6,63
45957,42,21,63
49794,58,5,63
49789,61,2,63
49520,61,2,63
55365,57,6,63
57349,53,10,63
56921,59,4,63
60867,55,8,63
51879,56,7,63
50907,54,9,63
60242,57,6,63
60184,57,6,63
59447,57,6,63
53406,60,3,63
41529,58,5,63
55341,51,12,63
59082,54,9,63
58887,55,8,63
58700,54,9,63
58462,55,8,63
58106,58,5,63
53824,57,6,63
53712,57,6,63
59807,52,11,63
60483,50,13,63
57176,32,31,63
53078,58,5,63
59712,58,5,63
53197,33,30,63
52600,52,11,63
58129,46,17,63
51855,60,3,63
47258,59,4,63
39602,58,5,63
51427,57,6,63
62214,62,1,63
34192,57,6,63
61085,60,3,63
59910,59,4,63
44669,56,7,63
53413,46,17,63
54335,57,6,63
54164,54,9,63
35154,53,10,63
59434,54,9,63
53506,56,7,63
46356,45,18,63
59923,56,7,63
34243,56,7,63
49254,53,10,63
50617,53,10,63
50660,55,8,63
58511,47,16,63
35161,61,2,63
52841,59,4,63
49544,56,7,63
55710,53,10,63
34005,57,6,63
50121,56,7,63
46700,58,5,63
57972,54,9,63
45766,58,5,63
60800,59,4,63
42613,55,8,63
50722,57,6,63
58239,54,9,63
54958,46,17,63
58534,44,19,63
42765,40,23,63
51162,17,46,63
52811,48,15,63
50311,55,8,63
60194,23,40,63
51229,57,6,63
52582,50,13,63
58620,51,12,63
53225,53,10,63
59953,57,6,63
57331,53,10,63
58987,57,6,63
59528,58,5,63
59700,45,18,63
58808,52,11,63
60648,44,19,63
53145,37,26,63
58689,23,40,63
41669,53,10,63
63951,60,3,63
53063,58,5,63
46838,49,14,63
53520,53,10,63
58675,38,25,63
43502,58,5,63
59662,52,11,63
32835,57,6,63
51012,53,10,63
36965,54,9,63
56514,59,4,63
51560,48,15,63
49611,43,20,63
58956,58,5,63
47918,63,0,63
40915,55,8,63
51734,60,3,63
52987,55,8,63
58589,58,5,63
50666,49,14,63
51407,53,10,63
30300,1,62,63
39361,59,4,63
34162,59,4,63
60501,58,5,63
54802,58,5,63
47967,60,3,63
55557,51,12,63
42792,52,11,63
40858,56,7,63
35328,59,4,63
56251,57,6,63
56553,58,4,62
55811,57,5,62
54484,37,25,62
60169,52,10,62
55432,54,8,62
40085,55,7,62
43201,53,9,62
44898,56,6,62
42708,55,7,62
41942,54,8,62
48774,58,4,62
40954,58,4,62
57681,60,2,62
40389,56,6,62
36784,48,14,62
47351,57,5,62
37125,62,0,62
61290,61,1,62
61155,62,0,62
58276,60,2,62
55579,52,10,62
47038,16,46,62
53410,54,8,62
51867,59,3,62
54511,58,4,62
50029,56,6,62
62711,55,7,62
60541,45,17,62
56079,53,9,62
59650,46,16,62
55369,56,6,62
55265,56,6,62
59557,55,7,62
54982,58,4,62
50972,45,17,62
60804,55,7,62
50899,56,6,62
53243,49,13,62
60243,52,10,62
60403,54,8,62
55350,34,28,62
59126,56,6,62
59086,56,6,62
59033,53,9,62
58751,60,2,62
52883,53,9,62
54165,57,5,62
50294,49,13,62
51487,53,9,62
61027,58,4,62
52884,56,6,62
54172,38,24,62
59428,49,13,62
60572,44,18,62
56269,55,7,62
59671,54,8,62
51766,50,12,62
62103,57,5,62
53952,59,3,62
54840,60,2,62
52917,56,6,62
52086,57,5,62
54625,54,8,62
52084,53,9,62
57639,49,13,62
49187,33,29,62
63709,49,13,62
49644,51,11,62
54040,57,5,62
58811,41,21,62
49395,53,9,62
53891,51,11,62
64302,14,48,62
50190,60,2,62
42796,60,2,62
62210,56,6,62
39571,49,13,62
49400,36,26,62
40580,57,5,62
50242,57,5,62
54081,54,8,62
58786,54,8,62
50069,53,9,62
49379,62,0,62
49537,57,5,62
34351,54,8,62
51306,40,22,62
58561,57,5,62
53878,51,11,62
64072,62,0,62
58094,46,16,62
35913,56,6,62
58609,52,10,62
62158,58,4,62
49183,56,6,62
38702,56,6,62
51616,18,44,62
57408,52,10,62
51988,53,9,62
53207,54,8,62
56860,53,9,62
42034,54,8,62
60170,50,12,62
50748,53,9,62
52830,40,22,62
57682,55,7,62
54660,32,30,62
57486,50,12,62
58938,35,27,62
60227,39,23,62
57686,53,9,62
58207,46,16,62
59879,45,17,62
59882,52,10,62
60544,43,19,62
60898,38,24,62
47515,30,32,62
51820,52,10,62
55852,45,17,62
52111,48,14,62
58605,49,13,62
54078,35,27,62
53122,56,6,62
51343,57,5,62
55212,61,1,62
42568,58,4,62
37841,59,3,62
51038,52,10,62
43879,57,5,62
47546,56,6,62
38787,59,3,62
58243,55,7,62
49144,55,7,62
55302,61,1,62
38960,59,3,62
50279,58,4,62
63168,61,1,62
45958,53,9,62
46458,54,8,62
58929,53,9,62
46212,62,0,62
37574,48,14,62
58115,48,14,62
63078,62,0,62
56578,58,3,61
57790,59,2,61
46832,33,28,61
39874,50,11,61
43123,46,15,61
42129,40,21,61
47163,46,15,61
36864,48,13,61
49780,59,2,61
43967,52,9,61
60464,51,10,61
59522,48,13,61
54887,52,9,61
44728,57,4,61
60470,56,5,61
60137,51,10,61
39259,58,3,61
39741,55,6,61
53689,46,15,61
32770,3,58,61
52135,37,24,61
56481,57,4,61
52960,55,6,61
53068,53,8,61
52242,48,13,61
55374,48,13,61
49231,50,11,61
51384,52,9,61
64179,61,0,61
55675,51,10,61
55267,51,10,61
57048,56,5,61
33018,57,4,61
63569,19,42,61
59946,52,9,61
60018,57,4,61
54978,18,43,61
59124,43,18,61
59066,51,10,61
58515,48,13,61
57435,47,14,61
51354,25,36,61
53026,47,14,61
53223,52,9,61
50309,45,16,61
53079,58,3,61
50777,56,5,61
59668,50,11,61
52682,51,10,61
49861,51,10,61
51116,53,8,61
52457,54,7,61
58509,50,11,61
50387,48,13,61
33439,30,31,61
53741,47,14,61
59720,48,13,61
52199,57,4,61
55548,57,4,61
35005,49,12,61
56274,54,7,61
40381,55,6,61
59993,49,12,61
48224,57,4,61
63801,51,10,61
50116,54,7,61
36057,51,10,61
52068,50,11,61
34046,58,3,61
48214,33,28,61
49906,52,9,61
33471,53,8,61
53908,52,9,61
49652,46,15,61
50041,53,8,61
54173,56,5,61
33767,14,47,61
59405,52,9,61
49407,45,16,61
34832,42,19,61
49843,52,9,61
51776,53,8,61
64995,56,5,61
53933,57,4,61
55515,54,7,61
54937,54,7,61
38915,55,6,61
58308,51,10,61
53648,51,10,61
56542,49,12,61
61165,36,25,61
52920,47,14,61
56031,54,7,61
60693,51,10,61
57811,41,20,61
58485,54,7,61
54868,59,2,61
59140,55,6,61
54930,46,15,61
57231,53,8,61
51644,53,8,61
55470,57,4,61
56448,45,16,61
42979,61,0,61
58510,57,4,61
33210,60,1,61
47457,59,2,61
58602,50,11,61
36951,56,5,61
41559,57,4,61
58948,59,2,61
58974,53,8,61
50510,26,35,61
51202,61,0,61
39152,20,41,61
52261,47,14,61
36449,54,7,61
55131,52,9,61
57645,50,11,61
51852,55,6,61
39170,57,4,61
52855,60,1,61
54512,55,6,61
57118,55,6,61
53476,51,10,61
53466,59,2,61
47773,50,11,61
39162,20,41,61
34327,61,0,61
63480,61,0,61
60546,54,6,60
40822,49,11,60
48589,53,7,60
41887,57,3,60
41274,53,7,60
50114,54,6,60
46957,57,3,60
47448,58,2,60
46061,48,12,60
58585,51,9,60
46758,54,6,60
45903,39,21,60
46782,57,3,60
40909,57,3,60
57941,41,19,60
59314,21,39,60
43726,58,2,60
61355,59,1,60
57139,50,10,60
54619,59,1,60
54286,57,3,60
57578,54,6,60
43652,43,17,60
52619,54,6,60
53287,35,25,60
53280,55,5,60
36704,55,5,60
59861,52,8,60
53661,56,4,60
49826,49,11,60
55399,45,15,60
51433,55,5,60
51421,50,10,60
58059,45,15,60
60873,28,32,60
51196,45,15,60
51518,43,17,60
59239,45,15,60
63648,38,22,60
61226,59,1,60
60397,53,7,60
60225,55,5,60
59948,29,31,60
49186,40,20,60
42876,55,5,60
58877,58,2,60
38329,56,4,60
58097,51,9,60
50423,44,16,60
54258,52,8,60
53536,52,8,60
55037,52,8,60
53286,58,2,60
50344,39,21,60
35011,57,3,60
58195,37,23,60
55424,29,31,60
47220,54,6,60
51095,50,10,60
60094,44,16,60
52725,52,8,60
53756,50,10,60
55621,27,33,60
58403,56,4,60
52313,58,2,60
60625,53,7,60
55010,46,14,60
57884,45,15,60
60165,58,2,60
49868,51,9,60
58213,38,22,60
48604,53,7,60
60673,56,4,60
49663,40,20,60
50192,55,5,60
53644,43,17,60
39606,50,10,60
50083,55,5,60
49211,55,5,60
50318,47,13,60
60598,48,12,60
37258,57,3,60
53897,41,19,60
49591,49,11,60
57404,47,13,60
35095,54,6,60
51410,33,27,60
50878,51,9,60
59480,51,9,60
60142,48,12,60
60133,37,23,60
50894,53,7,60
49540,53,7,60
49315,53,7,60
55700,29,31,60
44016,38,22,60
57574,55,5,60
52260,51,9,60
35844,55,5,60
35319,53,7,60
55524,53,7,60
62825,59,1,60
62852,54,6,60
59628,57,3,60
60136,33,27,60
49330,51,9,60
56613,50,10,60
60057,51,9,60
60752,45,15,60
50763,53,7,60
51673,38,22,60
54053,54,6,60
54668,43,17,60
56607,43,17,60
51768,42,18,60
35418,53,7,60
56460,51,9,60
50476,39,21,60
60786,48,12,60
54783,36,24,60
56629,43,17,60
39777,51,9,60
47633,57,3,60
53771,45,15,60
61495,29,31,60
59188,48,12,60
51316,42,18,60
57390,54,6,60
50331,60,0,60
57022,47,13,60
54640,52,8,60
43299,51,9,60
58924,53,7,60
48325,56,4,60
42139,57,3,60
50266,55,5,60
45748,53,7,60
53357,56,4,60
55306,47,13,60
58505,54,6,60
56496,57,3,60
58312,60,0,60
47297,56,4,60
63037,59,1,60
62205,60,0,60
47963,57,3,60
55323,52,7,59
57117,49,10,59
56826,54,5,59
48357,54,5,59
58326,57,2,59
45453,49,10,59
36321,50,9,59
50550,48,11,59
59767,55,4,59
39154,56,3,59
38455,51,8,59
47771,54,5,59
44588,54,5,59
58503,47,12,59
54171,55,4,59
48726,48,11,59
42323,51,8,59
37120,56,3,59
44590,52,7,59
54870,56,3,59
54616,50,9,59
60497,42,17,59
52193,52,7,59
52178,50,9,59
52672,22,37,59
60145,48,11,59
50977,50,9,59
55734,53,6,59
53168,44,15,59
58265,52,7,59
63962,52,7,59
62648,58,1,59
57916,47,12,59
43184,56,3,59
50988,49,10,59
50940,53,6,59
53538,56,3,59
59796,54,5,59
59640,45,14,59
42635,56,3,59
58427,52,7,59
42582,55,4,59
57498,49,10,59
57482,47,12,59
53754,34,25,59
53707,50,9,59
53705,52,7,59
50368,57,2,59
59742,42,17,59
50453,51,8,59
50662,46,13,59
58484,49,10,59
47345,54,5,59
53217,50,9,59
45908,50,9,59
58389,53,6,59
56214,27,32,59
60830,51,8,59
59540,53,6,59
54816,17,42,59
58350,28,31,59
51045,48,11,59
58774,54,5,59
58725,33,26,59
53797,49,10,59
43736,51,8,59
49551,47,12,59
43132,53,6,59
36044,45,14,59
64677,46,13,59
49613,44,15,59
63952,59,0,59
53883,55,4,59
50091,49,10,59
54744,54,5,59
49322,41,18,59
53893,51,8,59
49630,15,44,59
49814,50,9,59
49571,46,13,59
57020,47,12,59
53988,58,1,59
49971,57,2,59
49270,49,10,59
50008,56,3,59
50485,26,33,59
40360,47,12,59
35232,55,4,59
55543,35,24,59
59145,55,4,59
44340,37,22,59
61332,16,43,59
44447,53,6,59
60168,51,8,59
51110,16,43,59
59262,30,29,59
46348,59,0,59
52028,55,4,59
53817,54,5,59
54350,51,8,59
56110,39,20,59
57325,44,15,59
57809,55,4,59
53083,55,4,59
54061,51,8,59
57667,38,21,59
53816,55,4,59
55246,52,7,59
57010,54,5,59
60050,40,19,59
54655,48,11,59
42780,53,6,59
56504,53,6,59
53247,53,6,59
49819,48,11,59
56518,53,6,59
39054,56,3,59
58617,43,16,59
44260,49,10,59
59581,45,14,59
55398,52,7,59
57090,47,12,59
55315,54,5,59
60123,51,8,59
50770,48,11,59
56263,53,6,59
61038,53,6,59
49459,51,8,59
58760,16,43,59
42183,52,7,59
41741,46,13,59
51224,55,4,59
59847,47,12,59
48051,57,2,59
48705,53,6,59
59968,41,18,59
55492,27,32,59
63357,5,54,59
46626,56,3,59
54572,52,7,59
55059,54,5,59
60394,50,9,59
60427,55,4,59
46569,54,5,59
50995,32,27,59
48379,56,3,59
59754,52,7,59
63162,59,0,59
41805,54,5,59
48474,51,8,59
38452,59,0,59
40904,54,4,58
46669,54,4,58
52825,54,4,58
51951,54,4,58
41963,51,7,58
46233,55,3,58
35817,51,7,58
41923,56,2,58
57893,51,7,58
45975,54,4,58
53796,53,5,58
38298,55,3,58
47628,51,7,58
42432,49,9,58
60523,55,3,58
56633,51,7,58
55332,50,8,58
47134,46,12,58
52375,46,12,58
51245,15,43,58
57902,53,5,58
59525,51,7,58
59493,41,17,58
43783,54,4,58
52551,58,0,58
52342,52,6,58
60918,21,37,58
51460,47,11,58
50527,53,5,58
49934,28,30,58
55784,46,12,58
41515,50,8,58
59441,43,15,58
49800,53,5,58
36552,56,2,58
56956,40,18,58
50964,53,5,58
60061,52,6,58
59735,53,5,58
61582,48,10,58
60386,39,19,58
60871,53,5,58
58465,58,0,58
58431,51,7,58
58428,53,5,58
57539,34,24,58
57867,49,9,58
53822,52,6,58
54270,49,9,58
53170,52,6,58
46716,44,14,58
51875,56,2,58
50884,48,10,58
46677,42,16,58
55670,36,22,58
52546,45,13,58
39107,56,2,58
51108,52,6,58
51107,53,5,58
51010,53,5,58
59925,48,10,58
54646,46,12,58
55589,54,4,58
50222,53,5,58
34803,55,3,58
49903,48,10,58
34916,49,9,58
55207,50,8,58
63488,53,5,58
49442,41,17,58
50912,46,12,58
49660,20,38,58
56279,52,6,58
50902,51,7,58
35574,15,43,58
50816,51,7,58
35364,51,7,58
33803,45,13,58
58365,53,5,58
53128,55,3,58
50631,53,5,58
50425,49,9,58
56049,49,9,58
57588,53,5,58
42162,48,10,58
49808,37,21,58
50119,45,13,58
59297,50,8,58
50383,49,9,58
36235,49,9,58
40793,47,11,58
51743,39,19,58
56605,48,10,58
58490,45,13,58
52642,53,5,58
50898,52,6,58
49234,41,17,58
46588,53,5,58
59125,42,16,58
42917,54,4,58
49425,39,19,58
60333,48,10,58
49562,27,31,58
57394,43,15,58
58662,48,10,58
54372,47,11,58
51261,48,10,58
53322,54,4,58
51081,48,10,58
52562,51,7,58
53233,52,6,58
58899,50,8,58
56615,56,2,58
59178,44,14,58
61630,58,0,58
52570,50,8,58
57194,42,16,58
60161,54,4,58
60498,48,10,58
55892,51,7,58
61452,58,0,58
56635,50,8,58
59666,46,12,58
60309,49,9,58
60957,37,21,58
50277,47,11,58
54810,46,12,58
51606,51,7,58
58500,53,5,58
47360,49,9,58
53953,50,8,58
49525,46,12,58
51702,56,2,58
52270,51,7,58
51021,45,13,58
56142,24,34,58
55879,46,12,58
56747,49,9,58
56000,41,17,58
56623,52,6,58
46385,57,1,58
39896,36,22,58
32967,53,5,58
48995,49,9,58
39861,54,4,58
46450,57,1,58
62358,58,0,58
50854,46,12,58
46877,54,4,58
39572,6,52,58
28166,58,0,58
56234,51,6,57
53950,50,7,57
48384,51,6,57
54233,52,5,57
46714,52,5,57
40813,49,8,57
60092,50,7,57
42458,33,24,57
56901,51,6,57
40849,50,7,57
59048,49,8,57
54695,49,8,57
55851,39,18,57
42305,42,15,57
42094,50,7,57
36843,50,7,57
55607,32,25,57
57635,45,12,57
53359,47,10,57
39857,45,12,57
50150,53,4,57
56143,47,10,57
40639,49,8,57
40549,48,9,57
55596,50,7,57
56273,46,11,57
44132,48,9,57
52588,52,5,57
60919,44,13,57
42696,22,35,57
59462,41,16,57
51478,50,7,57
59886,51,6,57
55502,44,13,57
51511,12,45,57
53720,48,9,57
43814,53,4,57
51161,41,16,57
51189,45,12,57
61401,49,8,57
57098,46,11,57
56586,51,6,57
60600,44,13,57
48526,23,34,57
60233,44,13,57
60058,52,5,57
60402,43,14,57
50735,44,13,57
59135,40,17,57
59119,52,5,57
58921,46,11,57
36597,52,5,57
58449,54,3,57
50543,51,6,57
57895,45,12,57
57462,29,28,57
53065,49,8,57
40364,52,5,57
58666,53,4,57
54352,41,16,57
51771,52,5,57
51270,26,31,57
36666,42,15,57
43869,50,7,57
57748,51,6,57
41979,48,9,57
44907,52,5,57
55211,41,16,57
48994,54,3,57
37287,52,5,57
55439,50,7,57
49434,53,4,57
50596,45,12,57
50196,57,0,57
55240,38,19,57
49430,40,17,57
53147,52,5,57
50382,42,15,57
50034,55,2,57
37265,56,1,57
50740,49,8,57
54495,43,14,57
49494,51,6,57
50061,49,8,57
34754,51,6,57
42338,41,16,57
50399,52,5,57
57182,47,10,57
50298,48,9,57
49331,45,12,57
51809,50,7,57
60869,43,14,57
56636,53,4,57
52817,47,10,57
44614,50,7,57
51058,36,21,57
57076,27,30,57
49542,47,10,57
35088,57,0,57
54497,41,16,57
52770,45,12,57
35713,53,4,57
33802,53,4,57
51603,12,45,57
57515,50,7,57
56782,25,32,57
46617,50,7,57
53640,46,11,57
64844,30,27,57
55866,53,4,57
50820,52,5,57
55394,46,11,57
57042,52,5,57
54216,51,6,57
60487,55,2,57
60817,53,4,57
51789,49,8,57
54312,49,8,57
61267,57,0,57
53222,45,12,57
53642,38,19,57
57505,35,22,57
60305,38,19,57
34344,51,6,57
60255,46,11,57
45366,51,6,57
53093,52,5,57
50738,46,11,57
57983,46,11,57
40330,49,8,57
51972,19,38,57
51501,45,12,57
52264,22,35,57
56119,55,2,57
51652,50,7,57
55403,44,13,57
42115,46,11,57
44294,44,13,57
54075,42,15,57
51287,51,6,57
60040,49,8,57
52215,44,13,57
52282,53,4,57
41992,55,2,57
39789,47,10,57
51039,38,19,57
51312,45,12,57
50444,53,4,57
48756,53,4,57
46903,54,3,57
47473,47,10,57
59932,49,8,57
55202,52,5,57
33043,39,18,57
59954,42,15,57
56489,51,6,57
57834,55,2,57
54882,50,7,57
55883,51,6,57
35756,49,8,57
47373,52,5,57
33883,49,8,57
25062,1,56,57
60477,45,12,57
61287,57,0,57
61607,57,0,57
38855,4,53,57
33217,3,54,57
41399,54,3,57
58171,54,3,57
51838,51,5,56
44454,53,3,56
54858,46,10,56
45615,42,14,56
59871,41,15,56
54807,45,11,56
60045,40,16,56
47002,53,3,56
46675,51,5,56
41428,51,5,56
60506,50,6,56
57540,47,9,56
43874,55,1,56
46769,53,3,56
56958,49,7,56
42684,55,1,56
36723,49,7,56
55672,48,8,56
48808,49,7,56
36872,50,6,56
55924,53,3,56
44400,49,7,56
54542,25,31,56
59560,50,6,56
55474,42,14,56
53332,47,9,56
56467,39,17,56
47599,43,13,56
40538,49,7,56
50367,56,0,56
50356,52,4,56
50006,52,4,56
59091,42,14,56
32942,52,4,56
60650,39,17,56
51132,48,8,56
62327,6,50,56
59092,19,37,56
60967,49,7,56
60747,46,10,56
48101,53,3,56
60275,49,7,56
60078,47,9,56
60020,54,2,56
60033,46,10,56
59300,53,3,56
39985,40,16,56
50349,20,36,56
58414,41,15,56
57899,34,22,56
57477,27,29,56
57388,43,13,56
53804,40,16,56
53501,54,2,56
57566,30,26,56
55664,49,7,56
46678,51,5,56
61054,54,2,56
51759,53,3,56
50935,53,3,56
17891,1,55,56
36400,49,7,56
43886,48,8,56
54182,32,24,56
59579,41,15,56
34076,50,6,56
41960,50,6,56
58045,41,15,56
55015,30,26,56
58266,46,10,56
33841,45,11,56
50093,41,15,56
59439,52,4,56
49370,48,8,56
59242,44,12,56
59372,46,10,56
34048,50,6,56
59740,38,18,56
50128,45,11,56
53881,47,9,56
49198,54,2,56
54148,37,19,56
49299,52,4,56
49253,33,23,56
49782,40,16,56
50044,50,6,56
49383,52,4,56
48381,47,9,56
49212,50,6,56
52287,44,12,56
34787,52,4,56
52040,49,7,56
57221,45,11,56
36127,51,5,56
49408,35,21,56
53940,46,10,56
49832,46,10,56
58240,50,6,56
53305,49,7,56
49943,49,7,56
33399,8,48,56
60858,51,5,56
55532,53,3,56
48219,53,3,56
61335,56,0,56
36455,50,6,56
53785,45,11,56
54254,50,6,56
55872,34,22,56
44110,9,47,56
59427,36,20,56
55305,50,6,56
60928,33,23,56
53109,48,8,56
35911,44,12,56
52823,53,3,56
53812,46,10,56
56850,50,6,56
45204,51,5,56
59389,50,6,56
55220,44,12,56
53905,38,18,56
61637,56,0,56
39392,50,6,56
52333,49,7,56
49853,52,4,56
41316,47,9,56
51799,56,0,56
51630,48,8,56
47322,51,5,56
47947,55,1,56
52790,51,5,56
33921,50,6,56
60577,50,6,56
51246,51,5,56
59844,47,9,56
49597,38,18,56
35597,51,5,56
50690,48,8,56
55881,34,22,56
56413,45,11,56
52999,53,3,56
59798,51,5,56
57373,49,7,56
60262,33,23,56
46920,55,1,56
59966,48,8,56
56583,22,34,56
35372,30,26,56
54710,54,2,56
59453,41,15,56
59683,46,10,56
42712,55,1,56
47743,54,2,56
61095,56,0,56
61526,55,1,56
34470,52,4,56
44573,52,4,56
59940,49,7,56
16357,56,0,56
48737,48,7,55
37565,53,2,55
59643,34,21,55
60088,33,22,55
47992,52,3,55
44630,46,9,55
39889,50,5,55
57135,49,6,55
37827,40,15,55
45063,48,7,55
41507,50,5,55
42995,44,11,55
46739,44,11,55
44365,51,4,55
41565,44,11,55
47689,48,7,55
39776,46,9,55
46171,48,7,55
40878,49,6,55
48997,43,12,55
37904,46,9,55
44395,45,10,55
54924,45,10,55
44138,49,6,55
49486,47,8,55
56456,45,10,55
38917,1,54,55
48190,49,6,55
47744,48,7,55
58280,54,1,55
42112,46,9,55
57094,44,11,55
58658,40,15,55
53418,52,3,55
55249,36,19,55
52209,51,4,55
53334,43,12,55
55044,49,6,55
52822,20,35,55
53191,42,13,55
51571,48,7,55
54065,41,14,55
57696,52,3,55
61278,55,0,55
59772,45,10,55
36019,46,9,55
60072,45,10,55
60007,50,5,55
50822,47,8,55
43571,48,7,55
44686,31,24,55
58645,47,8,55
57475,51,4,55
55758,50,5,55
53251,46,9,55
50300,46,9,55
52744,50,5,55
61081,42,13,55
36580,51,4,55
51254,31,24,55
46479,39,16,55
35091,49,6,55
49713,39,16,55
59899,50,5,55
34288,52,3,55
50858,38,17,55
62379,52,3,55
37270,47,8,55
55846,44,11,55
50934,45,10,55
60428,52,3,55
50472,53,2,55
54888,43,12,55
50173,52,3,55
54859,50,5,55
49829,40,15,55
56259,41,14,55
61791,7,48,55
54782,32,23,55
47265,49,6,55
49604,37,18,55
59295,39,16,55
51087,47,8,55
50839,25,30,55
49621,46,9,55
50004,41,14,55
50106,51,4,55
49924,44,11,55
34452,49,6,55
57596,46,9,55
48758,49,6,55
49268,29,26,55
52431,47,8,55
56337,14,41,55
52425,17,38,55
49243,46,9,55
49498,45,10,55
46435,27,28,55
57580,39,16,55
52400,46,9,55
64617,55,0,55
50193,51,4,55
49460,48,7,55
49200,43,12,55
50882,43,12,55
55612,47,8,55
41949,48,7,55
49165,48,7,55
45057,46,9,55
49363,44,11,55
62411,54,1,55
55531,51,4,55
59155,47,8,55
53783,50,5,55
51665,53,2,55
53230,42,13,55
56705,44,11,55
43126,49,6,55
60228,46,9,55
58457,49,6,55
61300,23,32,55
59230,50,5,55
52717,44,11,55
41156,47,8,55
40552,40,15,55
51233,48,7,55
34765,51,4,55
36003,43,12,55
36158,46,9,55
65091,21,34,55
50558,41,14,55
51399,46,9,55
55797,41,14,55
57158,29,26,55
57298,45,10,55
53001,22,33,55
40321,44,11,55
36997,49,6,55
57121,37,18,55
53460,48,7,55
43563,52,3,55
61622,48,7,55
50673,55,0,55
60109,43,12,55
61048,50,5,55
55019,12,43,55
55132,51,4,55
51368,50,5,55
57885,52,3,55
59598,47,8,55
50675,45,10,55
54934,45,10,55
40959,50,5,55
41663,51,4,55
46272,50,5,55
55446,50,5,55
59965,48,7,55
50979,39,16,55
34844,52,3,55
58628,52,3,55
55752,48,7,55
64917,55,0,55
42092,52,3,55
49010,53,1,54
46816,51,3,54
49009,49,5,54
55002,53,1,54
58244,49,5,54
56843,50,4,54
42208,51,3,54
42145,45,9,54
38509,52,2,54
59169,50,4,54
53541,47,7,54
46735,44,10,54
50870,49,5,54
50240,48,6,54
42447,40,14,54
59331,51,3,54
42770,48,6,54
36754,44,10,54
35700,43,11,54
38575,47,7,54
56924,47,7,54
56205,43,11,54
55160,37,17,54
41660,31,23,54
61167,54,0,54
51447,43,11,54
49413,52,2,54
60420,48,6,54
60631,6,48,54
52327,49,5,54
57617,40,14,54
37845,43,11,54
55467,48,6,54
56750,44,10,54
54309,43,11,54
49456,31,23,54
49202,50,4,54
53342,43,11,54
52961,41,13,54
50747,40,14,54
43768,51,3,54
59609,44,10,54
53152,43,11,54
59888,42,12,54
51400,29,25,54
49804,29,25,54
41715,43,11,54
53135,25,29,54
32914,52,2,54
62787,53,1,54
62040,54,0,54
59046,44,10,54
60223,48,6,54
53675,45,9,54
60080,51,3,54
49340,46,8,54
59711,50,4,54
50717,50,4,54
52762,50,4,54
52761,48,6,54
56895,46,8,54
54872,46,8,54
57463,52,2,54
57439,53,1,54
57604,38,16,54
48570,47,7,54
60217,47,7,54
59989,39,15,54
55285,43,11,54
50186,38,16,54
60536,47,7,54
55984,46,8,54
49788,45,9,54
49668,34,20,54
54262,46,8,54
43911,43,11,54
51071,37,17,54
50621,48,6,54
51448,45,9,54
37152,49,5,54
59900,45,9,54
36139,35,19,54
34841,43,11,54
49478,49,5,54
46389,42,12,54
62864,11,43,54
55415,48,6,54
49845,49,5,54
50728,46,8,54
50271,47,7,54
49768,41,13,54
54380,46,8,54
34490,47,7,54
19308,1,53,54
49362,34,20,54
56185,45,9,54
49207,49,5,54
49676,44,10,54
56477,37,17,54
41724,46,8,54
51060,44,10,54
39604,47,7,54
50572,40,14,54
34817,48,6,54
60367,21,33,54
60375,50,4,54
35638,47,7,54
51340,44,10,54
43039,44,10,54
50879,49,5,54
60134,37,17,54
41300,40,14,54
50982,47,7,54
61846,12,42,54
34793,44,10,54
43055,49,5,54
57350,44,10,54
62668,53,1,54
50024,47,7,54
59425,42,12,54
59152,52,2,54
57409,42,12,54
51976,45,9,54
53876,47,7,54
50661,37,17,54
56183,52,2,54
56348,47,7,54
58430,50,4,54
56005,33,21,54
52574,49,5,54
53780,52,2,54
54833,48,6,54
55463,46,8,54
59354,47,7,54
53088,47,7,54
57519,48,6,54
62464,54,0,54
38192,46,8,54
56944,52,2,54
57269,34,20,54
57422,52,2,54
51234,39,15,54
54002,45,9,54
44210,53,1,54
39315,49,5,54
57287,46,8,54
35752,46,8,54
53349,47,7,54
58624,42,12,54
53180,37,17,54
47379,52,2,54
60909,48,6,54
53296,49,5,54
50650,41,13,54
54960,53,1,54
52871,53,1,54
58105,46,8,54
62099,49,5,54
56914,26,28,54
54032,50,4,54
53746,47,7,54
56158,15,39,54
59566,46,8,54
57713,50,4,54
34590,49,5,54
46862,49,5,54
54649,48,6,54
35714,47,7,54
47991,45,9,54
48724,52,2,54
35607,8,46,54
60166,41,13,54
57132,42,12,54
43045,49,5,54
32793,51,3,54
40502,53,1,54
41995,51,3,54
46836,43,10,53
41056,51,2,53
44767,46,7,53
54089,42,11,53
43178,48,5,53
45148,52,1,53
60903,38,15,53
53052,33,20,53
58958,34,19,53
57825,40,13,53
42755,50,3,53
38184,32,21,53
48245,48,5,53
45461,44,9,53
53692,49,4,53
49811,30,23,53
59421,48,5,53
36395,51,2,53
47960,47,6,53
38248,35,18,53
32902,42,11,53
56930,42,11,53
33765,44,9,53
59589,49,4,53
48727,43,10,53
37331,46,7,53
44951,48,5,53
57200,31,22,53
36686,48,5,53
54673,40,13,53
56099,44,9,53
54276,47,6,53
53468,41,12,53
54023,46,7,53
38829,45,8,53
51777,36,17,53
38259,49,4,53
51126,51,2,53
50897,44,9,53
59917,36,17,53
52794,36,17,53
32798,48,5,53
63633,52,1,53
60718,47,6,53
62393,53,0,53
50640,33,20,53
47368,11,42,53
49968,40,13,53
55736,47,6,53
56823,37,16,53
53518,45,8,53
60232,42,11,53
60034,51,2,53
50965,44,9,53
41167,40,13,53
59731,43,10,53
60561,43,10,53
58463,47,6,53
54786,44,9,53
57423,42,11,53
57352,42,11,53
35859,43,10,53
46767,48,5,53
54877,40,13,53
51174,27,26,53
60406,41,12,53
39203,48,5,53
51865,49,4,53
49589,40,13,53
36682,45,8,53
50732,47,6,53
50725,48,5,53
54773,45,8,53
49375,45,8,53
57571,45,8,53
42644,48,5,53
53351,11,42,53
52453,50,3,53
51681,28,25,53
51493,39,14,53
50741,30,23,53
57317,46,7,53
27655,12,41,53
53014,48,5,53
57274,44,9,53
56484,47,6,53
55688,40,13,53
49312,44,9,53
51272,42,11,53
56258,49,4,53
54537,43,10,53
56919,32,21,53
59706,49,4,53
34035,43,10,53
59987,45,8,53
49471,49,4,53
49424,51,2,53
49227,37,16,53
65276,52,1,53
49493,48,5,53
40105,44,9,53
49930,47,6,53
54781,39,14,53
60074,47,6,53
57259,47,6,53
59979,47,6,53
34957,48,5,53
43099,40,13,53
35071,49,4,53
56449,34,19,53
49349,31,22,53
60027,36,17,53
57053,35,18,53
34789,52,1,53
35393,18,35,53
50185,46,7,53
50145,46,7,53
58622,47,6,53
56300,42,11,53
49474,43,10,53
49561,46,7,53
50887,47,6,53
34564,50,3,53
50891,50,3,53
59174,43,10,53
42806,44,9,53
54581,38,15,53
50490,43,10,53
59583,33,20,53
50494,42,11,53
42572,51,2,53
57377,46,7,53
55937,18,35,53
56961,40,13,53
62827,25,28,53
51157,50,3,53
56343,49,4,53
56675,47,6,53
57726,27,26,53
61394,49,4,53
49700,36,17,53
51380,43,10,53
53227,42,11,53
55684,46,7,53
59619,50,3,53
47512,38,15,53
53841,43,10,53
59535,47,6,53
55890,45,8,53
56043,45,8,53
50705,44,9,53
53384,32,21,53
59918,40,13,53
60607,45,8,53
53676,51,2,53
39814,37,16,53
58316,46,7,53
58613,49,4,53
54860,46,7,53
53646,48,5,53
41359,38,15,53
47433,44,9,53
51774,30,23,53
55003,49,4,53
33170,44,9,53
42476,43,10,53
54885,41,12,53
60925,42,11,53
60297,40,13,53
36816,45,8,53
36401,47,6,53
44056,43,10,53
56718,33,20,53
53622,44,9,53
54135,51,2,53
60371,46,7,53
41401,49,4,53
51933,43,10,53
40438,47,6,53
37849,49,4,53
61041,49,4,53
52470,48,5,53
38773,50,3,53
53693,45,8,53
53939,35,18,53
44897,47,6,53
33998,50,3,53
54044,45,8,53
46658,13,40,53
55697,45,8,53
56037,50,3,53
59561,34,19,53
56117,34,19,53
33361,48,5,53
59396,50,3,53
38128,48,5,53
38118,47,6,53
60291,34,18,52
40864,49,3,52
55242,50,2,52
55221,49,3,52
44772,48,4,52
51672,44,8,52
56451,43,9,52
57096,39,13,52
60448,48,4,52
39302,26,26,52
54906,47,5,52
59777,47,5,52
36256,42,10,52
51736,47,5,52
58955,47,5,52
52256,48,4,52
46603,44,8,52
43929,44,8,52
60149,43,9,52
41844,47,5,52
36758,45,7,52
56192,40,12,52
44239,37,15,52
36804,49,3,52
56265,52,0,52
45507,45,7,52
41323,27,25,52
40221,49,3,52
59339,45,7,52
58216,32,20,52
43691,41,11,52
47532,19,33,52
50594,44,8,52
55776,44,8,52
54969,44,8,52
50429,40,12,52
53038,47,5,52
38686,44,8,52
51550,45,7,52
53040,42,10,52
57838,49,3,52
51411,42,10,52
44068,45,7,52
44585,44,8,52
60719,23,29,52
60103,42,10,52
52541,39,13,52
61043,47,5,52
55605,32,20,52
60818,43,9,52
64139,5,47,52
60037,49,3,52
59258,46,6,52
44194,49,3,52
50636,39,13,52
48269,47,5,52
59693,36,16,52
58218,38,14,52
55914,42,10,52
49176,43,9,52
57990,48,4,52
57412,48,4,52
57393,38,14,52
57376,46,6,52
57594,26,26,52
53775,43,9,52
53221,45,7,52
53172,45,7,52
59743,42,10,52
50288,40,12,52
53397,47,5,52
63946,51,1,52
51134,44,8,52
52955,39,13,52
53394,48,4,52
50448,29,23,52
53701,44,8,52
51760,51,1,52
44540,44,8,52
50811,38,14,52
50726,44,8,52
52408,47,5,52
49931,48,4,52
58533,7,45,52
50914,48,4,52
61055,51,1,52
44156,50,2,52
47590,46,6,52
60659,32,20,52
57430,46,6,52
32897,41,11,52
58237,48,4,52
49926,43,9,52
43894,45,7,52
47252,30,22,52
54749,43,9,52
56196,45,7,52
32893,42,10,52
63994,52,0,52
34710,46,6,52
49199,46,6,52
56190,29,23,52
37462,30,22,52
59203,47,5,52
49470,39,13,52
43463,42,10,52
52212,42,10,52
51364,46,6,52
57626,34,18,52
50117,45,7,52
56188,30,22,52
33708,20,32,52
50905,48,4,52
49628,40,12,52
56141,40,12,52
33585,50,2,52
53945,43,9,52
52371,44,8,52
48556,41,11,52
54185,47,5,52
49503,41,11,52
54642,48,4,52
41780,42,10,52
35003,46,6,52
49283,38,14,52
57497,45,7,52
49651,48,4,52
52550,41,11,52
50670,44,8,52
50259,40,12,52
54550,39,13,52
57144,48,4,52
65084,52,0,52
49618,38,14,52
58800,47,5,52
48292,51,1,52
39903,39,13,52
50886,36,16,52
49839,36,16,52
40762,45,7,52
37063,42,10,52
53959,42,10,52
50568,42,10,52
55769,44,8,52
51318,40,12,52
55339,40,12,52
58755,46,6,52
49523,40,12,52
54360,50,2,52
62831,52,0,52
51853,50,2,52
54748,51,1,52
52549,47,5,52
60405,48,4,52
61623,48,4,52
54707,42,10,52
57203,49,3,52
58153,42,10,52
59642,40,12,52
45635,26,26,52
51612,46,6,52
52482,39,13,52
55233,42,10,52
53537,46,6,52
60780,48,4,52
61482,52,0,52
51940,49,3,52
57576,31,21,52
57836,44,8,52
55725,39,13,52
51008,43,9,52
42399,38,14,52
53526,46,6,52
57443,42,10,52
53143,33,19,52
54811,40,12,52
57348,44,8,52
58766,47,5,52
43005,26,26,52
51998,35,17,52
50671,43,9,52
60630,42,10,52
53432,44,8,52
41224,48,4,52
42329,40,12,52
36101,50,2,52
40951,46,6,52
48128,41,11,52
48167,46,6,52
60384,49,3,52
50649,48,4,52
56888,49,3,52
54080,49,3,52
44620,50,2,52
48688,47,5,52
45918,51,1,52
56617,50,2,52
56561,46,6,52
59631,50,2,52
40991,42,10,52
42062,49,3,52
61891,50,2,52
44864,50,2,52
63474,51,1,52
37415,37,15,52
39706,43,8,51
40277,49,2,51
44235,47,4,51
40422,49,2,51
49097,46,5,51
48089,47,4,51
46899,46,5,51
45328,44,7,51
46894,49,2,51
40914,46,5,51
38491,47,4,51
36921,40,11,51
41638,47,4,51
32954,48,3,51
48113,43,8,51
47813,43,8,51
42882,38,13,51
58520,46,5,51
53886,45,6,51
59433,40,11,51
52507,38,13,51
36737,46,5,51
57986,36,15,51
53545,34,17,51
56068,38,13,51
59477,42,9,51
54490,46,5,51
53442,16,35,51
54268,48,3,51
53297,38,13,51
56009,47,4,51
53116,37,14,51
58065,23,28,51
52692,45,6,51
49552,44,7,51
53347,40,11,51
62608,46,5,51
53064,46,5,51
53050,41,10,51
49938,42,9,51
57310,48,3,51
49777,44,7,51
53414,41,10,51
55946,35,16,51
59994,37,14,51
33278,40,11,51
59759,45,6,51
51267,48,3,51
56530,40,11,51
63553,34,17,51
54902,41,10,51
62731,51,0,51
60947,30,21,51
48905,34,17,51
41164,41,10,51
47409,40,11,51
61625,47,4,51
51807,43,8,51
61073,32,19,51
42264,48,3,51
55272,33,18,51
55262,38,13,51
59762,32,19,51
32920,47,4,51
50893,42,9,51
60322,43,8,51
60011,41,10,51
36528,38,13,51
33394,9,42,51
59356,41,10,51
59266,37,14,51
59134,40,11,51
59080,40,11,51
50653,44,7,51
50588,43,8,51
58576,34,17,51
58492,39,12,51
50559,30,21,51
50536,47,4,51
50534,45,6,51
57541,38,13,51
57431,43,8,51
39909,45,6,51
53821,43,8,51
60119,33,18,51
53748,39,12,51
60105,46,5,51
65083,46,5,51
36794,44,7,51
50403,48,3,51
62231,49,2,51
52666,45,6,51
59947,25,26,51
52064,47,4,51
43146,46,5,51
37004,46,5,51
51683,36,15,51
51304,48,3,51
61652,21,30,51
63941,44,7,51
52468,37,14,51
47503,43,8,51
51698,39,12,51
38546,41,10,51
60702,31,20,51
49515,46,5,51
55500,27,24,51
49396,37,14,51
57882,40,11,51
52810,48,3,51
32911,42,9,51
41985,41,10,51
50509,45,6,51
49502,46,5,51
57068,38,13,51
59652,45,6,51
37238,50,1,51
49439,39,12,51
58881,44,7,51
50392,33,18,51
57468,36,15,51
33717,36,15,51
50075,42,9,51
49250,31,20,51
34482,46,5,51
35078,43,8,51
57455,31,20,51
37210,44,7,51
56297,48,3,51
57025,41,10,51
54847,38,13,51
49499,26,25,51
53890,39,12,51
53530,41,10,51
56044,32,19,51
54327,40,11,51
52376,36,15,51
57822,46,5,51
35109,45,6,51
50365,48,3,51
50319,46,5,51
48818,30,21,51
42073,44,7,51
59865,41,10,51
59608,39,12,51
36090,47,4,51
50065,43,8,51
51425,45,6,51
33776,29,22,51
51997,45,6,51
42605,39,12,51
53982,41,10,51
44698,46,5,51
61035,44,7,51
48072,12,39,51
51350,33,18,51
48049,51,0,51
61878,5,46,51
49857,31,20,51
53099,47,4,51
61193,23,28,51
58927,51,0,51
59889,43,8,51
42386,45,6,51
58894,32,19,51
45725,35,16,51
63619,41,10,51
58607,48,3,51
50440,35,16,51
59043,31,20,51
61815,35,16,51
49701,29,22,51
33048,45,6,51
42080,46,5,51
54099,32,19,51
51150,40,11,51
57432,37,14,51
45086,48,3,51
52699,36,15,51
50774,48,3,51
43770,21,30,51
60520,45,6,51
52628,46,5,51
50761,50,1,51
52676,39,12,51
51013,50,1,51
54145,47,4,51
56535,45,6,51
59568,44,7,51
38611,34,17,51
41516,47,4,51
52152,43,8,51
56967,48,3,51
33345,36,15,51
55654,45,6,51
58242,40,11,51
45959,42,9,51
55981,10,41,51
43485,46,5,51
60533,50,1,51
55016,49,2,51
55035,50,1,51
59799,46,5,51
57162,42,9,51
40407,46,5,51
37643,49,2,51
55344,46,5,51
46630,28,23,51
55729,41,10,51
39024,47,4,51
39084,46,5,51
52932,48,3,51
45481,38,13,51
12381,1,50,51
47175,17,34,51
61765,51,0,51
61766,51,0,51
62097,51,0,51
38352,42,8,50
52275,47,3,50
57936,43,7,50
49264,43,7,50
59531,45,5,50
56233,34,16,50
38650,45,5,50
49912,41,9,50
59860,44,6,50
57013,43,7,50
54087,43,7,50
44036,46,4,50
51706,45,5,50
58366,42,8,50
56468,43,7,50
38386,43,7,50
53382,45,5,50
58009,36,14,50
38185,36,14,50
52852,41,9,50
43231,44,6,50
46006,46,4,50
45248,49,1,50
55743,44,6,50
40814,42,8,50
53361,43,7,50
46484,44,6,50
45597,42,8,50
56693,37,13,50
57762,39,11,50
42008,42,8,50
60763,42,8,50
56608,44,6,50
36743,40,10,50
59446,34,16,50
60416,39,11,50
56409,46,4,50
44418,44,6,50
54294,41,9,50
45233,42,8,50
59656,43,7,50
48527,45,5,50
52629,45,5,50
52616,37,13,50
43018,47,3,50
53266,44,6,50
40211,46,4,50
43441,41,9,50
50544,41,9,50
38586,43,7,50
36630,45,5,50
41675,41,9,50
60826,32,18,50
43267,24,26,50
50628,37,13,50
57786,41,9,50
49977,44,6,50
60888,42,8,50
60581,44,6,50
57889,38,12,50
60004,46,4,50
59734,43,7,50
59721,45,5,50
59641,39,11,50
60310,46,4,50
52726,35,15,50
58801,42,8,50
58788,47,3,50
50567,39,11,50
58052,41,9,50
50454,20,30,50
57458,41,9,50
50445,45,5,50
54161,43,7,50
56935,39,11,50
50416,45,5,50
52637,28,22,50
44575,45,5,50
60875,41,9,50
54910,41,9,50
54272,37,13,50
46905,50,0,50
51100,48,2,50
35922,47,3,50
38231,44,6,50
51775,38,12,50
49598,39,11,50
53650,43,7,50
50211,47,3,50
60686,42,8,50
49218,35,15,50
52284,45,5,50
53652,41,9,50
55417,47,3,50
59992,47,3,50
42607,44,6,50
49052,40,10,50
51650,43,7,50
59817,39,11,50
39246,43,7,50
50938,40,10,50
52522,44,6,50
59529,47,3,50
49797,43,7,50
49352,46,4,50
60429,40,10,50
50347,39,11,50
56291,37,13,50
48412,41,9,50
50846,42,8,50
56820,38,12,50
33254,48,2,50
54085,44,6,50
50010,49,1,50
33630,46,4,50
54573,41,9,50
54300,47,3,50
48609,45,5,50
50124,43,7,50
59747,40,10,50
49412,44,6,50
52742,44,6,50
59592,37,13,50
44636,45,5,50
60636,32,18,50
49435,48,2,50
56293,44,6,50
34401,47,3,50
56776,42,8,50
53189,40,10,50
58396,42,8,50
64124,43,7,50
60439,26,24,50
62503,44,6,50
54777,30,20,50
49541,41,9,50
49863,44,6,50
60067,43,7,50
33175,39,11,50
50027,39,11,50
34684,47,3,50
50697,40,10,50
41654,43,7,50
59756,42,8,50
34445,19,31,50
43183,45,5,50
56808,24,26,50
49345,37,13,50
50005,46,4,50
50166,47,3,50
34544,39,11,50
55200,27,23,50
59037,45,5,50
60557,32,18,50
46888,43,7,50
34117,50,0,50
51625,28,22,50
54696,37,13,50
61885,44,6,50
49521,47,3,50
56538,42,8,50
59950,37,13,50
60313,39,11,50
60854,47,3,50
51133,42,8,50
63042,49,1,50
63372,48,2,50
38080,34,16,50
53580,44,6,50
57366,48,2,50
52489,38,12,50
53649,44,6,50
53989,47,3,50
55412,37,13,50
60053,46,4,50
60736,43,7,50
53211,45,5,50
57504,41,9,50
34511,48,2,50
53144,44,6,50
36012,43,7,50
55564,46,4,50
60766,31,19,50
42087,49,1,50
56237,46,4,50
60655,39,11,50
34819,40,10,50
54867,39,11,50
51557,40,10,50
59302,43,7,50
38961,47,3,50
60044,40,10,50
60844,18,32,50
56015,40,10,50
50669,38,12,50
51275,46,4,50
57922,41,9,50
51486,42,8,50
53616,23,27,50
42055,38,12,50
48736,49,1,50
46906,47,3,50
33809,48,2,50
60850,43,7,50
39104,45,5,50
41734,46,4,50
42177,45,5,50
42663,48,2,50
56743,40,10,50
58616,45,5,50
58953,50,0,50
47259,48,2,50
58985,46,4,50
40072,50,0,50
57316,48,2,50
60363,40,9,49
45431,43,6,49
49114,45,4,49
39360,44,5,49
36280,14,35,49
46804,46,3,49
55152,38,11,49
52326,24,25,49
60460,40,9,49
39904,43,6,49
51900,45,4,49
57909,46,3,49
48021,45,4,49
46691,45,4,49
41492,40,9,49
55179,43,6,49
40982,44,5,49
41778,40,9,49
46363,30,19,49
36387,43,6,49
41665,15,34,49
46845,42,7,49
48881,38,11,49
46818,43,6,49
42723,47,2,49
32955,43,6,49
58310,40,9,49
54841,47,2,49
36808,37,12,49
55742,46,3,49
39886,34,15,49
59784,42,7,49
48625,48,1,49
39319,46,3,49
44140,45,4,49
36732,45,4,49
42481,44,5,49
54412,41,8,49
59423,35,14,49
55714,7,42,49
43222,41,8,49
55616,45,4,49
43186,38,11,49
45060,47,2,49
47309,43,6,49
37404,41,8,49
45970,41,8,49
36913,38,11,49
56308,29,20,49
60982,40,9,49
59336,44,5,49
58208,30,19,49
52102,47,2,49
60699,43,6,49
52760,39,10,49
52559,45,4,49
50333,45,4,49
60084,41,8,49
52495,29,20,49
33305,29,20,49
53321,44,5,49
58553,45,4,49
55778,41,8,49
55421,40,9,49
50610,42,7,49
50435,44,5,49
58287,45,4,49
61305,37,12,49
60540,41,8,49
33707,45,4,49
37552,42,7,49
33451,47,2,49
49060,20,29,49
59810,42,7,49
33616,43,6,49
61270,48,1,49
45775,39,10,49
60784,44,5,49
52346,37,12,49
60727,37,12,49
50913,47,2,49
62669,46,3,49
60221,45,4,49
59945,41,8,49
46770,36,13,49
38663,48,1,49
59263,46,3,49
64114,48,1,49
50627,40,9,49
60878,17,32,49
58865,41,8,49
56800,37,12,49
52435,40,9,49
60219,45,4,49
50433,38,11,49
59136,37,12,49
53813,45,4,49
53725,40,9,49
58882,40,9,49
53593,45,4,49
51062,33,16,49
44212,37,12,49
52860,35,14,49
51136,35,14,49
60478,44,5,49
55113,45,4,49
52063,27,22,49
55280,44,5,49
51442,44,5,49
51303,43,6,49
53551,42,7,49
49296,33,16,49
59329,41,8,49
55187,44,5,49
63612,5,44,49
34642,41,8,49
52316,11,38,49
37282,38,11,49
53525,41,8,49
56285,40,9,49
59517,40,9,49
50270,35,14,49
49894,44,5,49
49902,45,4,49
54073,45,4,49
49640,42,7,49
37138,42,7,49
50933,37,12,49
53371,43,6,49
57638,26,23,49
60202,45,4,49
34026,40,9,49
49724,42,7,49
52345,47,2,49
59139,44,5,49
53761,41,8,49
49856,37,12,49
35019,38,11,49
56081,35,14,49
50136,42,7,49
48623,49,0,49
33450,31,18,49
54712,41,8,49
48776,40,9,49
34252,42,7,49
50672,45,4,49
45587,46,3,49
49403,41,8,49
38557,28,21,49
56101,38,11,49
56371,35,14,49
65086,49,0,49
52526,38,11,49
34620,41,8,49
49793,37,12,49
55355,45,4,49
51278,46,3,49
37252,39,10,49
57153,38,11,49
51539,40,9,49
33060,41,8,49
35225,42,7,49
51461,39,10,49
60922,45,4,49
61033,40,9,49
58680,43,6,49
39998,41,8,49
35089,47,2,49
51154,43,6,49
53901,39,10,49
43266,19,30,49
56388,33,16,49
59902,41,8,49
54617,43,6,49
35056,34,15,49
49617,45,4,49
40835,24,25,49
60758,40,9,49
56988,40,9,49
63507,45,4,49
59151,45,4,49
42679,43,6,49
62849,44,5,49
53194,28,21,49
56676,46,3,49
57914,36,13,49
62770,49,0,49
54886,44,5,49
60602,39,10,49
59532,36,13,49
52484,39,10,49
34994,6,43,49
38086,45,4,49
56364,31,18,49
57031,42,7,49
61131,47,2,49
56838,42,7,49
58884,39,10,49
39493,36,13,49
50702,43,6,49
53880,44,5,49
58727,38,11,49
57264,43,6,49
51833,43,6,49
51251,43,6,49
36022,42,7,49
36626,46,3,49
45407,44,5,49
61814,47,2,49
47969,41,8,49
47721,36,13,49
60340,34,15,49
44373,39,10,49
57326,27,22,49
47586,45,4,49
41948,44,5,49
44975,47,2,49
44050,5,44,49
61067,19,30,49
55678,26,23,49
51361,41,8,49
50769,41,8,49
51047,35,14,49
51739,47,2,49
52816,38,11,49
41372,47,2,49
51377,32,17,49
60337,44,5,49
46420,26,23,49
45167,47,2,49
53343,35,14,49
34195,48,1,49
42426,49,0,49
44307,47,2,49
59004,42,7,49
54229,43,6,49
45142,46,3,49
61092,48,1,49
47724,47,2,49
61168,49,0,49
41789,46,3,49
43021,40,8,48
40833,48,0,48
46729,40,8,48
50171,42,6,48
47000,42,6,48
39429,40,8,48
37534,31,17,48
46253,36,12,48
52634,38,10,48
42454,44,4,48
40898,41,7,48
56597,37,11,48
42156,40,8,48
45525,38,10,48
39420,44,4,48
56347,45,3,48
48444,31,17,48
57246,39,9,48
42534,38,10,48
48095,44,4,48
43349,21,27,48
48945,34,14,48
36603,34,14,48
54836,35,13,48
47119,48,0,48
52651,43,5,48
41918,45,3,48
49787,42,6,48
47802,22,26,48
49555,41,7,48
33564,42,6,48
36687,48,0,48
36429,40,8,48
36672,43,5,48
36670,39,9,48
52827,37,11,48
53464,39,9,48
49328,38,10,48
44942,38,10,48
40946,42,6,48
52460,34,14,48
39011,42,6,48
33091,37,11,48
58293,44,4,48
56073,37,11,48
38394,37,11,48
38605,14,34,48
54498,34,14,48
44321,42,6,48
52187,45,3,48
53317,44,4,48
53175,40,8,48
40315,45,3,48
53100,41,7,48
55004,42,6,48
41706,28,20,48
49514,40,8,48
56017,44,4,48
64173,5,43,48
36413,38,10,48
51082,42,6,48
64178,39,9,48
43078,37,11,48
36753,42,6,48
61063,37,11,48
61059,45,3,48
60596,41,7,48
61176,29,19,48
51787,37,11,48
56424,44,4,48
60370,44,4,48
60226,40,8,48
50808,43,5,48
55334,34,14,48
36789,14,34,48
59137,37,11,48
60807,41,7,48
59689,26,22,48
47788,39,9,48
58455,36,12,48
40037,39,9,48
56039,40,8,48
53119,42,6,48
63177,42,6,48
54857,37,11,48
52623,37,11,48
51958,37,11,48
51158,43,5,48
51859,42,6,48
49732,44,4,48
43022,39,9,48
50245,39,9,48
51135,37,11,48
45350,33,15,48
51210,42,6,48
51899,32,16,48
54209,17,31,48
49750,38,10,48
50308,22,26,48
53439,31,17,48
51801,33,15,48
49958,39,9,48
48656,47,1,48
53814,43,5,48
63939,40,8,48
49405,40,8,48
35043,42,6,48
56893,44,4,48
37709,42,6,48
60542,38,10,48
52722,41,7,48
39705,36,12,48
55993,43,5,48
51022,38,10,48
60810,39,9,48
54968,35,13,48
37255,45,3,48
38824,43,5,48
57131,32,16,48
50557,29,19,48
35384,36,12,48
58733,38,10,48
49895,47,1,48
46485,46,2,48
64945,46,2,48
50419,36,12,48
50817,39,9,48
34741,42,6,48
48513,46,2,48
52143,39,9,48
38208,43,5,48
34522,24,24,48
59952,29,19,48
49476,38,10,48
35260,44,4,48
41151,41,7,48
34391,43,5,48
8999,1,47,48
57453,36,12,48
64580,47,1,48
44124,39,9,48
64660,48,0,48
55841,45,3,48
49887,36,12,48
37239,38,10,48
58915,38,10,48
57051,42,6,48
57005,29,19,48
57029,41,7,48
36982,38,10,48
50730,30,18,48
58225,34,14,48
53938,40,8,48
49881,42,6,48
42673,40,8,48
55950,37,11,48
34412,39,9,48
49356,41,7,48
60459,40,8,48
58540,43,5,48
35317,44,4,48
42921,39,9,48
35635,44,4,48
35464,45,3,48
50231,23,25,48
34056,38,10,48
58759,35,13,48
44456,38,10,48
50030,44,4,48
51851,35,13,48
55042,42,6,48
32867,35,13,48
57306,22,26,48
58647,39,9,48
60750,42,6,48
61834,48,0,48
55699,34,14,48
60976,29,19,48
55573,35,13,48
51994,46,2,48
54501,35,13,48
38508,41,7,48
58826,31,17,48
60471,35,13,48
48221,37,11,48
33124,40,8,48
58168,39,9,48
58820,34,14,48
60776,36,12,48
35394,38,10,48
48548,44,4,48
60077,45,3,48
45872,45,3,48
36561,39,9,48
46693,45,3,48
46456,44,4,48
60893,43,5,48
53560,44,4,48
56630,34,14,48
59193,38,10,48
48396,39,9,48
33205,40,8,48
55683,31,17,48
55962,44,4,48
48099,42,6,48
45120,44,4,48
45302,46,2,48
40769,38,10,48
48746,24,24,48
61650,29,19,48
39950,45,3,48
38063,27,21,48
56999,31,17,48
55014,26,22,48
33336,44,4,48
60827,42,6,48
35652,45,3,48
52882,35,13,48
58583,44,4,48
48888,44,4,48
39036,44,4,48
48674,45,3,48
59943,42,6,48
40851,47,1,48
34682,42,6,48
35074,46,2,48
59548,46,2,48
35618,47,1,48
51440,47,1,48
58618,43,5,48
63167,48,0,48
54306,46,2,48
40305,45,3,48
50283,23,24,47
49533,41,6,47
44382,39,8,47
41636,41,6,47
37411,42,5,47
36360,41,6,47
47209,45,2,47
46597,15,32,47
41582,42,5,47
55167,40,7,47
42344,45,2,47
59639,41,6,47
57861,36,11,47
60273,34,13,47
58046,42,5,47
56032,26,21,47
43308,46,1,47
58846,36,11,47
54492,36,11,47
58248,36,11,47
46745,46,1,47
38418,45,2,47
49558,45,2,47
39491,37,10,47
60177,35,12,47
47228,1,46,47
41858,44,3,47
37723,4,43,47
36733,41,6,47
56236,38,9,47
60383,45,2,47
36611,45,2,47
48629,28,19,47
44278,40,7,47
41542,35,12,47
36208,41,6,47
42892,41,6,47
43715,43,4,47
44803,41,6,47
49140,42,5,47
52389,39,8,47
60978,42,5,47
58567,40,7,47
52936,29,18,47
57991,28,19,47
52221,43,4,47
52218,30,17,47
53252,39,8,47
52694,12,35,47
52552,42,5,47
55957,40,7,47
51880,31,16,47
50483,38,9,47
57928,44,3,47
53054,42,5,47
53053,40,7,47
48316,44,3,47
49566,36,11,47
57912,40,7,47
60943,27,20,47
50499,25,22,47
49225,42,5,47
49131,14,33,47
64182,8,39,47
33419,37,10,47
45107,42,5,47
62348,24,23,47
63644,42,5,47
56962,34,13,47
57168,39,8,47
34115,40,7,47
62685,45,2,47
56751,39,8,47
60102,29,18,47
61564,40,7,47
58547,39,8,47
60821,34,13,47
60733,37,10,47
63647,42,5,47
58917,41,6,47
59659,40,7,47
60400,36,11,47
49298,31,16,47
58920,41,6,47
50484,42,5,47
57418,39,8,47
53838,46,1,47
53772,37,10,47
49309,38,9,47
52693,30,17,47
55029,28,19,47
58193,21,26,47
55771,43,4,47
55140,33,14,47
60753,37,10,47
57679,39,8,47
60710,40,7,47
36352,41,6,47
55223,37,10,47
37562,35,12,47
38874,43,4,47
47153,40,7,47
35872,46,1,47
50432,30,17,47
48790,37,10,47
35530,31,16,47
52730,37,10,47
52311,42,5,47
61034,34,13,47
60256,41,6,47
33236,32,15,47
58764,35,12,47
46581,40,7,47
51597,37,10,47
56672,44,3,47
59806,43,4,47
56520,42,5,47
56670,38,9,47
34923,44,3,47
50992,44,3,47
49657,41,6,47
49993,42,5,47
40872,44,3,47
40936,42,5,47
50310,36,11,47
50281,28,19,47
33528,37,10,47
38082,39,8,47
59645,45,2,47
59621,42,5,47
49277,40,7,47
35292,37,10,47
57178,38,9,47
50734,23,24,47
49928,45,2,47
49870,41,6,47
51535,41,6,47
37044,39,8,47
53006,44,3,47
55794,33,14,47
47125,42,5,47
60279,39,8,47
49421,39,8,47
35887,41,6,47
35031,44,3,47
60578,39,8,47
34149,41,6,47
56910,42,5,47
34409,32,15,47
50755,36,11,47
45202,44,3,47
50165,40,7,47
44754,41,6,47
50678,45,2,47
40490,41,6,47
60270,45,2,47
53986,44,3,47
45623,35,12,47
41611,45,2,47
34847,36,11,47
35348,41,6,47
32922,42,5,47
53973,36,11,47
59322,39,8,47
33402,34,13,47
35533,37,10,47
51733,36,11,47
55518,39,8,47
57081,38,9,47
62845,25,22,47
56302,30,17,47
54552,36,11,47
60349,38,9,47
62100,46,1,47
34116,46,1,47
51479,36,11,47
53557,46,1,47
42840,36,11,47
59448,38,9,47
61365,17,30,47
57140,42,5,47
54866,37,10,47
57992,32,15,47
50584,39,8,47
35900,39,8,47
52486,30,17,47
55690,22,25,47
59058,38,9,47
62985,46,1,47
53507,41,6,47
53722,40,7,47
55635,30,17,47
63422,20,27,47
55216,43,4,47
57845,40,7,47
43253,38,9,47
59615,30,17,47
37977,42,5,47
50554,32,15,47
56361,43,4,47
61817,42,5,47
35585,40,7,47
34830,47,0,47
35647,38,9,47
59024,36,11,47
58802,41,6,47
51198,39,8,47
60236,36,11,47
55671,37,10,47
41996,22,25,47
51387,45,2,47
51821,40,7,47
56022,43,4,47
53626,36,11,47
52290,41,6,47
45921,42,5,47
49320,41,6,47
33945,41,6,47
60452,44,3,47
61040,39,8,47
53672,42,5,47
59443,34,13,47
41091,46,1,47
33337,42,5,47
56002,42,5,47
42632,41,6,47
57123,46,1,47
47096,7,40,47
38843,28,19,47
60042,40,7,47
52298,36,11,47
58270,30,17,47
59907,44,3,47
49031,44,3,47
40488,42,5,47
43712,38,9,47
41581,39,8,47
61713,47,0,47
60485,44,3,47
44100,38,9,47
57012,40,7,47
63157,46,1,47
25670,11,36,47
60527,43,4,47
51744,42,4,46
51741,41,5,46
60312,37,9,46
39225,42,4,46
60768,45,1,46
50236,26,20,46
42493,40,6,46
57756,35,11,46
49325,40,6,46
52070,40,6,46
53969,41,5,46
44466,43,3,46
56543,45,1,46
42461,40,6,46
43716,41,5,46
60445,40,6,46
42969,41,5,46
47765,39,7,46
55995,35,11,46
38909,40,6,46
45807,43,3,46
56646,37,9,46
38856,42,4,46
59518,38,8,46
43687,41,5,46
42836,40,6,46
44843,35,11,46
55860,42,4,46
53978,39,7,46
42372,31,15,46
36705,42,4,46
39050,38,8,46
59027,38,8,46
41610,42,4,46
36674,37,9,46
36547,9,37,46
42928,40,6,46
43256,39,7,46
47543,37,9,46
61662,46,0,46
55050,35,11,46
56095,16,30,46
56071,39,7,46
59856,36,10,46
37976,37,9,46
35226,40,6,46
50867,35,11,46
52338,41,5,46
59939,30,16,46
56465,37,9,46
58913,33,13,46
41509,35,11,46
50984,44,2,46
59456,38,8,46
41737,42,4,46
51565,42,4,46
59637,36,10,46
56441,40,6,46
50529,40,6,46
51492,41,5,46
53529,38,8,46
33405,41,5,46
63236,46,0,46
51207,39,7,46
62401,45,1,46
46250,32,14,46
60889,30,16,46
61316,45,1,46
61268,46,0,46
61213,42,4,46
60881,43,3,46
50895,39,7,46
60216,42,4,46
48627,44,2,46
60031,40,6,46
49341,41,5,46
60212,36,10,46
55049,35,11,46
52858,36,10,46
59130,41,5,46
54249,29,17,46
41704,33,13,46
58789,18,28,46
60491,34,12,46
58537,36,10,46
58336,35,11,46
52029,36,10,46
61890,30,16,46
50428,41,5,46
35901,36,10,46
64479,5,41,46
54874,37,9,46
51636,36,10,46
53633,36,10,46
55770,41,5,46
55430,39,7,46
54191,35,11,46
51662,26,20,46
52876,40,6,46
60901,35,11,46
47094,38,8,46
49995,40,6,46
52167,38,8,46
47924,34,12,46
38583,36,10,46
59578,33,13,46
49975,34,12,46
49399,42,4,46
59596,34,12,46
50837,41,5,46
33447,44,2,46
49101,44,2,46
58397,44,2,46
46908,42,4,46
48344,38,8,46
48959,42,4,46
55420,37,9,46
57946,22,24,46
33996,44,2,46
33991,33,13,46
51456,36,10,46
52473,36,10,46
46625,39,7,46
58104,30,16,46
50015,40,6,46
48838,39,7,46
34726,38,8,46
46860,38,8,46
49984,42,4,46
36200,34,12,46
35201,37,9,46
64270,11,35,46
34713,37,9,46
43818,40,6,46
34816,43,3,46
34426,39,7,46
51365,41,5,46
51209,40,6,46
60334,36,10,46
34927,38,8,46
34499,40,6,46
37422,38,8,46
47123,39,7,46
39378,37,9,46
49069,42,4,46
52075,35,11,46
65154,40,6,46
49217,39,7,46
49392,42,4,46
49492,37,9,46
51268,38,8,46
46939,41,5,46
59605,36,10,46
35616,40,6,46
53958,43,3,46
30232,38,8,46
60362,35,11,46
54736,41,5,46
49755,39,7,46
42066,43,3,46
57975,36,10,46
57869,36,10,46
42319,37,9,46
58906,34,12,46
51253,34,12,46
35053,37,9,46
50708,37,9,46
35535,37,9,46
55956,27,19,46
38945,43,3,46
53992,44,2,46
57521,40,6,46
50267,40,6,46
49590,35,11,46
38790,18,28,46
51494,35,11,46
49307,38,8,46
49774,34,12,46
49959,39,7,46
33199,40,6,46
55136,43,3,46
35315,38,8,46
36977,28,18,46
50489,35,11,46
50232,34,12,46
33979,33,13,46
46932,42,4,46
43060,41,5,46
49610,32,14,46
54195,17,29,46
53806,35,11,46
53807,34,12,46
33349,45,1,46
59160,40,6,46
54369,35,11,46
63143,46,0,46
50129,38,8,46
36683,41,5,46
54180,25,21,46
53800,36,10,46
54745,32,14,46
39513,32,14,46
56341,43,3,46
56499,40,6,46
57030,44,2,46
58627,36,10,46
44256,40,6,46
61775,43,3,46
32869,40,6,46
64843,41,5,46
51474,43,3,46
53374,40,6,46
58728,34,12,46
52586,19,27,46
51311,36,10,46
53815,32,14,46
55633,41,5,46
53263,25,21,46
53423,41,5,46
57256,27,19,46
58892,38,8,46
44550,41,5,46
51452,33,13,46
54010,37,9,46
56329,42,4,46
57332,31,15,46
59670,31,15,46
37098,41,5,46
34278,19,27,46
42661,41,5,46
46418,42,4,46
37536,30,16,46
55149,36,10,46
61800,46,0,46
52978,36,10,46
52763,40,6,46
58083,37,9,46
35809,39,7,46
40449,22,24,46
49635,43,3,46
36466,43,3,46
63924,45,1,46
50169,31,15,46
46002,15,31,46
47596,45,1,46
57857,27,19,46
60066,39,7,46
54332,43,3,46
52012,33,13,46
52986,36,10,46
58281,39,7,46
50655,43,3,46
50720,44,2,46
51048,31,15,46
58147,40,6,46
54033,46,0,46
42265,25,21,46
37341,34,12,46
41412,40,6,46
49275,23,23,46
56152,16,30,46
40361,42,4,46
47169,4,42,46
39181,35,11,46
63072,24,22,46
52090,16,30,46
46645,46,0,46
56712,37,9,46
41472,46,0,46
41869,43,3,46
46549,43,3,46
40355,41,5,46
59248,38,8,46
40902,43,3,46
40751,43,3,46
41061,43,3,46
34866,39,7,46
47350,41,5,46
44711,41,5,46
59575,42,4,46
41784,41,5,46
56373,46,0,46
62373,45,1,46
41726,44,2,46
44982,44,2,46
19974,1,45,46
29681,1,45,46
59582,35,10,45
56148,36,9,45
39695,36,9,45
40837,41,4,45
39308,32,13,45
44439,36,9,45
39574,41,4,45
41620,31,14,45
46887,38,7,45
55158,41,4,45
41346,40,5,45
60303,34,11,45
40760,20,25,45
37983,38,7,45
42546,37,8,45
56736,33,12,45
43701,6,39,45
58421,37,8,45
36368,38,7,45
38270,38,7,45
48615,36,9,45
58062,30,15,45
41863,38,7,45
57049,41,4,45
44481,32,13,45
52515,32,13,45
38119,38,7,45
41248,35,10,45
36815,40,5,45
61371,5,40,45
56077,32,13,45
57093,39,6,45
57597,32,13,45
51450,34,11,45
33705,41,4,45
49824,32,13,45
44304,39,6,45
53095,19,26,45
52407,36,9,45
59572,31,14,45
53370,26,19,45
52195,32,13,45
52170,31,14,45
58220,25,20,45
51830,40,5,45
57241,36,9,45
48191,30,15,45
59937,33,12,45
53071,31,14,45
60482,34,11,45
49599,30,15,45
49235,25,20,45
40940,39,6,45
55400,37,8,45
59665,43,2,45
41307,40,5,45
59252,24,21,45
55503,27,18,45
51355,40,5,45
48979,38,7,45
33458,33,12,45
51280,40,5,45
57868,37,8,45
58655,34,11,45
42471,32,13,45
60714,34,11,45
47872,32,13,45
54097,32,13,45
51252,37,8,45
61357,41,4,45
32923,44,1,45
48266,41,4,45
39920,29,16,45
54823,39,6,45
35877,36,9,45
50962,38,7,45
51790,43,2,45
55261,29,16,45
60535,40,5,45
44151,40,5,45
53656,37,8,45
54250,36,9,45
42383,41,4,45
59319,41,4,45
59129,35,10,45
58708,37,8,45
58945,43,2,45
58847,36,9,45
50611,39,6,45
50562,29,16,45
50861,36,9,45
50447,13,32,45
57401,41,4,45
57358,42,3,45
53794,44,1,45
53792,34,11,45
54248,18,27,45
60049,40,5,45
58194,33,12,45
55395,44,1,45
38274,38,7,45
50396,39,6,45
43957,37,8,45
60124,27,18,45
52947,38,7,45
58544,35,10,45
36578,44,1,45
51507,38,7,45
50289,19,26,45
54493,28,17,45
42803,31,14,45
46648,26,19,45
59574,37,8,45
48884,38,7,45
42537,37,8,45
51115,39,6,45
47504,43,2,45
48388,39,6,45
55375,33,12,45
52285,34,11,45
47593,35,10,45
57514,39,6,45
53653,41,4,45
52299,39,6,45
33145,39,6,45
37027,38,7,45
47044,38,7,45
47335,42,3,45
34739,26,19,45
54563,16,29,45
34535,35,10,45
33196,36,9,45
36736,39,6,45
58348,39,6,45
41455,41,4,45
40669,43,2,45
34104,38,7,45
50840,36,9,45
35344,42,3,45
58969,32,13,45
33202,33,12,45
35878,36,9,45
40824,32,13,45
52362,31,14,45
53311,26,19,45
58056,42,3,45
50989,39,6,45
59978,27,18,45
56379,40,5,45
56307,41,4,45
50067,43,2,45
50904,44,1,45
50369,38,7,45
54241,35,10,45
50410,34,11,45
34534,42,3,45
55058,36,9,45
33397,39,6,45
56121,24,21,45
35040,38,7,45
64960,44,1,45
34777,31,14,45
49950,32,13,45
50958,41,4,45
64453,45,0,45
38581,40,5,45
49723,39,6,45
59830,42,3,45
50364,43,2,45
49588,36,9,45
50862,33,12,45
56198,41,4,45
58088,36,9,45
34410,29,16,45
43388,19,26,45
50314,32,13,45
34937,36,9,45
40196,36,9,45
49986,34,11,45
59688,35,10,45
37356,39,6,45
50167,38,7,45
53067,31,14,45
54796,32,13,45
57261,40,5,45
52890,41,4,45
33823,38,7,45
33166,41,4,45
52996,28,17,45
49632,41,4,45
50622,37,8,45
36074,36,9,45
63498,31,14,45
58197,33,12,45
56948,34,11,45
50492,35,10,45
35623,39,6,45
54827,43,2,45
39979,38,7,45
35724,37,8,45
51326,30,15,45
51602,22,23,45
54395,41,4,45
62937,24,21,45
53329,36,9,45
53795,39,6,45
54566,34,11,45
55046,39,6,45
42022,35,10,45
54347,36,9,45
60231,40,5,45
32859,36,9,45
56703,30,15,45
55255,36,9,45
59544,37,8,45
52711,41,4,45
53066,36,9,45
54031,36,9,45
34617,29,16,45
36770,40,5,45
52110,36,9,45
56311,16,29,45
53548,30,15,45
55418,37,8,45
49841,31,14,45
34604,22,23,45
38032,39,6,45
59485,35,10,45
52020,28,17,45
44281,36,9,45
34045,34,11,45
36886,38,7,45
52859,35,10,45
34683,44,1,45
53492,36,9,45
56667,34,11,45
45653,35,10,45
52223,41,4,45
51160,28,17,45
43769,43,2,45
46843,40,5,45
56122,31,14,45
54246,41,4,45
58623,43,2,45
62652,44,1,45
56006,42,3,45
60729,27,18,45
61049,35,10,45
51874,35,10,45
59783,40,5,45
59587,34,11,45
47408,41,4,45
41192,39,6,45
35979,42,3,45
39400,41,4,45
37478,38,7,45
49899,41,4,45
43966,21,24,45
35561,44,1,45
47767,23,22,45
61643,40,5,45
59681,35,10,45
55814,30,15,45
52912,40,5,45
37762,41,4,45
48008,16,29,45
56867,40,5,45
49084,44,1,45
46024,38,7,45
60140,39,6,45
44822,43,2,45
64762,5,40,45
41538,45,0,45
56696,27,18,45
59761,37,7,44
39140,32,12,44
47964,36,8,44
43263,42,2,44
39065,31,13,44
55114,34,10,44
56541,38,6,44
36640,29,15,44
40860,38,6,44
54553,36,8,44
59748,38,6,44
45280,33,11,44
43316,37,7,44
60107,32,12,44
40870,40,4,44
57272,38,6,44
59916,19,25,44
33728,35,9,44
38690,43,1,44
54415,31,13,44
43103,35,9,44
47982,38,6,44
56434,35,9,44
38736,34,10,44
43111,39,5,44
38564,32,12,44
42026,3,41,44
40650,38,6,44
40467,42,2,44
53805,40,4,44
54956,40,4,44
40604,40,4,44
41221,43,1,44
37655,33,11,44
46820,38,6,44
47250,41,3,44
43590,33,11,44
41365,38,6,44
47701,34,10,44
41609,37,7,44
36644,34,10,44
47667,28,16,44
48430,31,13,44
52445,31,13,44
61184,38,6,44
59223,27,17,44
59036,34,10,44
35929,39,5,44
52297,36,8,44
49229,31,13,44
55577,30,14,44
54199,40,4,44
54197,44,0,44
52983,32,12,44
52958,38,6,44
34993,36,8,44
52707,41,3,44
52561,37,7,44
52538,38,6,44
58226,37,7,44
44093,43,1,44
36799,35,9,44
42768,40,4,44
52962,30,14,44
54630,37,7,44
50414,31,13,44
45024,21,23,44
59922,31,13,44
43764,35,9,44
51319,32,12,44
33279,39,5,44
33098,37,7,44
57750,38,6,44
59229,33,11,44
57900,34,10,44
49068,31,13,44
42523,33,11,44
62796,41,3,44
62398,44,0,44
60174,33,11,44
51088,31,13,44
47458,38,6,44
52024,36,8,44
40123,36,8,44
60594,35,9,44
50853,36,8,44
45094,20,24,44
52416,35,9,44
54377,34,10,44
55992,33,11,44
50615,32,12,44
51983,31,13,44
58335,29,15,44
42914,42,2,44
53324,28,16,44
58572,33,11,44
47477,42,2,44
53494,35,9,44
58099,20,24,44
57436,36,8,44
53173,38,6,44
50296,38,6,44
53629,40,4,44
51890,34,10,44
44935,40,4,44
60325,31,13,44
52395,38,6,44
35379,40,4,44
50172,24,20,44
33824,39,5,44
51751,36,8,44
60441,34,10,44
54771,37,7,44
54775,37,7,44
57865,19,25,44
51779,37,7,44
59955,30,14,44
53787,35,9,44
63936,42,2,44
52563,38,6,44
35551,38,6,44
44844,42,2,44
52703,37,7,44
46805,38,6,44
49337,24,20,44
51919,36,8,44
52087,40,4,44
62211,39,5,44
54776,37,7,44
36432,34,10,44
57904,30,14,44
37269,35,9,44
49595,30,14,44
48788,31,13,44
55970,31,13,44
44977,11,33,44
43069,35,9,44
49580,34,10,44
55844,41,3,44
32986,39,5,44
35580,40,4,44
35509,37,7,44
50437,39,5,44
50451,38,6,44
49472,38,6,44
34912,33,11,44
65032,44,0,44
38051,37,7,44
58852,27,17,44
53594,26,18,44
48634,39,5,44
50358,36,8,44
56296,38,6,44
50120,35,9,44
50089,39,5,44
53028,31,13,44
42172,39,5,44
65217,35,9,44
50626,34,10,44
34077,35,9,44
50039,41,3,44
49453,38,6,44
50332,35,9,44
35274,24,20,44
42086,39,5,44
37672,18,26,44
64213,29,15,44
60358,38,6,44
43807,36,8,44
46242,40,4,44
35399,32,12,44
52394,35,9,44
52280,34,10,44
50162,43,1,44
53470,41,3,44
34313,34,10,44
46777,32,12,44
58606,41,3,44
52381,27,17,44
53975,40,4,44
50338,32,12,44
49402,37,7,44
34136,35,9,44
51122,41,3,44
57598,28,16,44
33427,40,4,44
54509,20,24,44
45003,38,6,44
35213,36,8,44
41030,37,7,44
55540,39,5,44
44691,24,20,44
56987,38,6,44
50208,38,6,44
34869,35,9,44
34569,41,3,44
55730,40,4,44
55104,29,15,44
51763,36,8,44
55542,30,14,44
54366,32,12,44
54373,29,15,44
60301,39,5,44
50652,42,2,44
51856,36,8,44
54754,39,5,44
59437,41,3,44
60172,33,11,44
60863,35,9,44
62085,35,9,44
63103,44,0,44
51854,36,8,44
54215,40,4,44
52937,29,15,44
53431,20,24,44
53611,39,5,44
46921,41,3,44
55135,41,3,44
57327,40,4,44
57642,34,10,44
52567,32,12,44
50581,40,4,44
54923,36,8,44
56678,37,7,44
56904,31,13,44
57236,35,9,44
61456,39,5,44
61621,44,0,44
59391,37,7,44
44222,32,12,44
60267,42,2,44
45253,37,7,44
51061,37,7,44
56485,32,12,44
51971,17,27,44
60927,33,11,44
47437,31,13,44
61773,11,33,44
46219,39,5,44
35303,30,14,44
32961,39,5,44
51808,25,19,44
37141,11,33,44
34390,28,16,44
45388,37,7,44
40681,35,9,44
45789,40,4,44
59394,28,16,44
51872,30,14,44
44653,22,22,44
52862,26,18,44
56470,31,13,44
47916,37,7,44
39466,28,16,44
60319,35,9,44
53187,24,20,44
52584,38,6,44
35842,29,15,44
39753,39,5,44
33302,42,2,44
60081,37,7,44
45680,29,15,44
45973,42,2,44
51225,35,9,44
58060,20,24,44
60188,23,21,44
51215,40,4,44
43282,42,2,44
33183,39,5,44
47950,38,6,44
46120,38,6,44
59936,35,9,44
34310,37,7,44
60354,30,14,44
41410,43,1,44
36058,39,5,44
43160,39,5,44
49816,42,2,44
50503,37,7,44
46321,40,4,44
41424,40,4,44
48484,41,3,44
41855,44,0,44
56385,39,5,44
35727,36,8,44
52456,36,8,44
60318,28,16,44
49306,29,15,44
58719,38,6,44
60108,41,3,44
37394,19,25,44
48920,38,6,44
45809,39,5,44
41024,43,1,44
60300,42,2,44
61317,42,2,44
62029,43,1,44
61093,44,0,44
47491,36,8,44
42735,33,10,43
57313,30,13,43
44263,30,13,43
53664,38,5,43
55462,40,3,43
47311,27,16,43
53531,37,6,43
44007,34,9,43
60461,36,7,43
42855,34,9,43
44402,21,22,43
58851,30,13,43
41651,31,12,43
57056,36,7,43
52516,13,30,43
44777,35,8,43
46732,32,11,43
39471,29,14,43
47480,27,16,43
55086,37,6,43
55512,38,5,43
44250,40,3,43
33101,42,1,43
39438,40,3,43
57133,40,3,43
57215,28,15,43
38247,39,4,43
43992,39,4,43
46493,32,11,43
52509,31,12,43
38695,39,4,43
40103,37,6,43
50643,18,25,43
37931,36,7,43
54873,37,6,43
55433,33,10,43
56902,33,10,43
39134,40,3,43
40106,41,2,43
54471,22,21,43
39729,19,24,43
41742,34,9,43
56478,35,8,43
56652,39,4,43
35985,38,5,43
44619,38,5,43
37134,34,9,43
60355,37,6,43
58251,30,13,43
61644,38,5,43
47327,36,7,43
38968,33,10,43
52535,34,9,43
56139,31,12,43
57205,39,4,43
56626,36,7,43
59345,33,10,43
59664,36,7,43
54611,35,8,43
53620,34,9,43
53612,40,3,43
60665,29,14,43
52132,38,5,43
53335,34,9,43
58839,33,10,43
53420,38,5,43
38400,39,4,43
52093,34,9,43
55789,10,33,43
51868,36,7,43
35698,36,7,43
48973,37,6,43
53118,43,0,43
50424,33,10,43
52633,41,2,43
56330,39,4,43
59457,36,7,43
54170,35,8,43
58160,29,14,43
60129,31,12,43
51371,36,7,43
44624,32,11,43
39748,30,13,43
63580,42,1,43
58181,35,8,43
60730,36,7,43
62403,43,0,43
62380,37,6,43
50638,37,6,43
62609,35,8,43
61633,40,3,43
61484,41,2,43
61264,43,0,43
60819,38,5,43
60728,30,13,43
35934,38,5,43
60196,38,5,43
60063,38,5,43
60353,35,8,43
49344,34,9,43
55338,18,25,43
48903,22,21,43
50629,30,13,43
58957,33,10,43
58896,14,29,43
52530,31,12,43
58791,28,15,43
53186,38,5,43
58010,36,7,43
51392,36,7,43
58078,22,21,43
59495,31,12,43
57775,35,8,43
53829,41,2,43
53142,32,11,43
51876,40,3,43
55241,37,6,43
49433,34,9,43
55138,38,5,43
52683,28,15,43
51030,39,4,43
46793,33,10,43
39034,11,32,43
51327,32,11,43
51811,39,4,43
50953,36,7,43
54208,23,20,43
58895,31,12,43
53288,38,5,43
47888,30,13,43
46325,36,7,43
58783,28,15,43
51746,32,11,43
40484,37,6,43
49874,40,3,43
39835,36,7,43
59047,28,15,43
54624,38,5,43
54764,29,14,43
35102,27,16,43
35500,28,15,43
35987,21,22,43
39804,36,7,43
55407,16,27,43
60214,35,8,43
52387,40,3,43
37261,37,6,43
49546,30,13,43
44492,12,31,43
53310,37,6,43
49416,36,7,43
35765,37,6,43
43040,31,12,43
53917,36,7,43
49838,37,6,43
49323,31,12,43
50021,37,6,43
58603,41,2,43
56476,24,19,43
65114,43,0,43
50274,31,12,43
50239,38,5,43
55891,33,10,43
36029,35,8,43
59521,35,8,43
60093,33,10,43
52398,35,8,43
49290,30,13,43
34276,37,6,43
34788,39,4,43
49208,34,9,43
45602,22,21,43
48988,35,8,43
60341,31,12,43
52217,33,10,43
49645,29,14,43
34168,32,11,43
49496,36,7,43
49891,33,10,43
38783,40,3,43
33016,37,6,43
58182,40,3,43
52166,38,5,43
40601,37,6,43
64093,41,2,43
34137,39,4,43
38391,39,4,43
53331,33,10,43
58043,23,20,43
42397,32,11,43
53283,26,17,43
49177,34,9,43
35305,43,0,43
34570,32,11,43
58079,29,14,43
50360,32,11,43
50635,39,4,43
34768,37,6,43
50885,38,5,43
55329,30,13,43
51784,38,5,43
53042,39,4,43
59779,36,7,43
57529,28,15,43
51608,18,25,43
51669,33,10,43
55533,35,8,43
60192,35,8,43
55857,38,5,43
44480,39,4,43
50916,32,11,43
36822,28,15,43
50415,35,8,43
44099,36,7,43
42431,32,11,43
56684,22,21,43
49342,32,11,43
41628,34,9,43
37008,34,9,43
59142,35,8,43
51657,27,16,43
55248,37,6,43
59422,30,13,43
39384,31,12,43
47099,39,4,43
56452,38,5,43
61096,42,1,43
51129,35,8,43
53422,34,9,43
40540,42,1,43
59309,34,9,43
59995,35,8,43
61850,34,9,43
61471,43,0,43
50743,33,10,43
51265,30,13,43
51791,40,3,43
53318,37,6,43
59602,39,4,43
54460,39,4,43
56683,37,6,43
47806,34,9,43
50522,38,5,43
53556,33,10,43
56453,32,11,43
57426,38,5,43
59977,33,10,43
40236,31,12,43
53030,20,23,43
51284,38,5,43
50603,35,8,43
34376,42,1,43
52869,38,5,43
64089,42,1,43
53140,26,17,43
56532,40,3,43
48487,25,18,43
60895,30,13,43
51819,37,6,43
57385,24,19,43
49764,36,7,43
60068,34,9,43
52296,39,4,43
58296,30,13,43
51223,29,14,43
60204,34,9,43
48433,38,5,43
47822,18,25,43
36020,37,6,43
53750,38,5,43
49587,32,11,43
59187,32,11,43
55968,29,14,43
51290,25,18,43
43962,29,14,43
51688,14,29,43
59514,31,12,43
60622,28,15,43
57757,40,3,43
33303,34,9,43
59971,36,7,43
36425,38,5,43
34563,34,9,43
52821,16,27,43
46653,36,7,43
49818,41,2,43
62909,35,8,43
56934,38,5,43
58698,38,5,43
37690,32,11,43
39730,13,30,43
57219,42,1,43
62095,43,0,43
42469,41,2,43
42345,37,6,43
52224,35,8,43
56469,31,12,43
43347,27,16,43
59006,33,10,43
55739,39,4,43
33868,32,11,43
42500,36,7,43
58995,34,9,43
61320,43,0,43
61888,43,0,43
60369,39,4,43
40000,38,5,43
44404,40,3,43
63489,42,1,43
40706,12,31,43
42441,40,3,43
56179,34,8,42
50967,38,4,42
36268,41,1,42
45457,30,12,42
60365,37,5,42
39867,38,4,42
49518,37,5,42
59644,33,9,42
46223,31,11,42
44808,34,8,42
51898,40,2,42
56533,36,6,42
58965,36,6,42
54805,28,14,42
59599,31,11,42
46153,33,9,42
51841,37,5,42
55999,36,6,42
48397,33,9,42
41339,36,6,42
41792,39,3,42
55148,28,14,42
45074,37,5,42
47107,33,9,42
45459,38,4,42
44752,31,11,42
44911,36,6,42
43574,37,5,42
45965,29,13,42
48009,25,17,42
44368,36,6,42
44168,39,3,42
44041,34,8,42
40406,40,2,42
58557,14,28,42
59057,40,2,42
50246,34,8,42
53524,35,7,42
54725,33,9,42
43070,33,9,42
54853,32,10,42
46105,35,7,42
45645,42,0,42
41692,40,2,42
36556,37,5,42
60213,32,10,42
45173,33,9,42
54929,31,11,42
59520,38,4,42
41279,27,15,42
44534,29,13,42
42736,38,4,42
58325,33,9,42
49712,32,10,42
36227,29,13,42
43112,36,6,42
41974,35,7,42
49463,37,5,42
44990,32,10,42
54329,31,11,42
55431,35,7,42
40459,35,7,42
53012,38,4,42
61154,41,1,42
38964,30,12,42
56069,32,10,42
59494,32,10,42
44501,41,1,42
47727,36,6,42
49960,22,20,42
37656,35,7,42
65362,5,37,42
53098,38,4,42
52985,36,6,42
42691,35,7,42
60089,37,5,42
49747,40,2,42
46334,35,7,42
49721,35,7,42
54037,33,9,42
51143,34,8,42
60654,23,19,42
44477,36,6,42
53041,30,12,42
49754,36,6,42
56444,28,14,42
55916,30,12,42
62906,5,37,42
61712,40,2,42
52079,33,9,42
53892,29,13,42
39258,33,9,42
51543,28,14,42
54631,35,7,42
59591,32,10,42
53385,18,24,42
62248,42,0,42
50630,35,7,42
55488,35,7,42
61658,38,4,42
54926,32,10,42
50990,35,7,42
61352,36,6,42
61326,38,4,42
59087,32,10,42
46775,33,9,42
33154,33,9,42
60748,33,9,42
53240,35,7,42
60278,33,9,42
60234,39,3,42
61091,41,1,42
60059,34,8,42
55458,33,9,42
55348,31,11,42
59275,33,9,42
59271,35,7,42
63423,17,25,42
50620,32,10,42
40147,25,17,42
56034,32,10,42
35891,33,9,42
57709,40,2,42
57479,33,9,42
37037,38,4,42
54011,38,4,42
51891,31,11,42
53587,32,10,42
48706,23,19,42
55871,26,16,42
54855,32,10,42
59739,20,22,42
46961,35,7,42
50103,30,12,42
60372,38,4,42
52872,35,7,42
60324,34,8,42
43371,38,4,42
52579,12,30,42
54500,26,16,42
51546,38,4,42
51206,26,16,42
53313,31,11,42
59085,34,8,42
52464,37,5,42
55274,27,15,42
62621,21,21,42
50978,27,15,42
46664,25,17,42
57553,11,31,42
60327,30,12,42
53588,35,7,42
34176,34,8,42
50514,30,12,42
59904,35,7,42
62161,5,37,42
56202,35,7,42
55593,36,6,42
41548,25,17,42
53860,31,11,42
55584,32,10,42
39390,38,4,42
49655,39,3,42
48669,33,9,42
33969,23,19,42
52368,16,26,42
49634,38,4,42
54013,29,13,42
57754,11,31,42
45212,27,15,42
49251,29,13,42
33552,35,7,42
48048,40,2,42
54302,38,4,42
35152,32,10,42
63859,42,0,42
51173,34,8,42
38444,34,8,42
55468,35,7,42
60689,33,9,42
59801,41,1,42
64128,40,2,42
56464,20,22,42
34767,12,30,42
34845,35,7,42
50517,36,6,42
54779,30,12,42
34065,40,2,42
42247,27,15,42
55085,33,9,42
33724,31,11,42
49272,38,4,42
49909,40,2,42
64671,41,1,42
34822,37,5,42
49614,34,8,42
41623,42,0,42
60075,35,7,42
34269,21,21,42
58063,24,18,42
56072,29,13,42
42007,35,7,42
34345,39,3,42
57973,25,17,42
36067,37,5,42
64675,33,9,42
50107,33,9,42
53045,23,19,42
51654,26,16,42
45411,35,7,42
38451,34,8,42
42866,36,6,42
46040,40,2,42
58746,30,12,42
50843,35,7,42
42799,29,13,42
53896,37,5,42
58069,30,12,42
58212,24,18,42
34708,38,4,42
41796,36,6,42
62212,40,2,42
60876,34,8,42
65135,42,0,42
56417,23,19,42
55544,34,8,42
52723,22,20,42
53341,25,17,42
33554,37,5,42
47838,24,18,42
52066,31,11,42
41954,31,11,42
35677,38,4,42
39653,28,14,42
55521,39,3,42
62260,32,10,42
47652,28,14,42
62846,41,1,42
36634,32,10,42
51164,20,22,42
53484,34,8,42
57560,37,5,42
59108,34,8,42
60003,29,13,42
35229,33,9,42
51089,31,11,42
57038,19,23,42
52268,29,13,42
63405,42,0,42
52019,27,15,42
55695,37,5,42
63023,42,0,42
51073,33,9,42
53315,37,5,42
57106,36,6,42
48210,37,5,42
54029,34,8,42
53681,31,11,42
44757,37,5,42
36930,37,5,42
54333,31,11,42
56317,34,8,42
37946,36,6,42
36944,30,12,42
35667,35,7,42
48533,38,4,42
53255,20,22,42
38282,31,11,42
35759,36,6,42
44008,38,4,42
52244,34,8,42
40758,36,6,42
39264,33,9,42
35027,34,8,42
42402,36,6,42
54922,26,16,42
59546,34,8,42
35812,35,7,42
58632,37,5,42
57253,33,9,42
35835,29,13,42
45937,37,5,42
34766,34,8,42
46044,28,14,42
57055,33,9,42
54693,35,7,42
47387,36,6,42
53336,34,8,42
60002,41,1,42
55748,31,11,42
53840,38,4,42
51037,32,10,42
46395,34,8,42
53337,30,12,42
51783,34,8,42
36322,37,5,42
41441,39,3,42
49128,37,5,42
38997,37,5,42
33511,40,2,42
43699,34,8,42
41572,38,4,42
37978,38,4,42
42362,33,9,42
35894,37,5,42
41263,37,5,42
57224,17,25,42
33832,39,3,42
39810,22,20,42
56932,38,4,42
58990,35,7,42
33668,27,15,42
50064,40,2,42
39409,33,9,42
60409,32,10,42
52850,38,4,42
34013,32,10,42
60393,23,19,42
59062,34,8,42
57719,34,8,42
43825,31,11,42
45993,30,12,42
58178,20,22,42
60205,31,11,42
43660,40,2,42
51793,34,8,42
54659,35,7,42
33851,25,17,42
48684,42,0,42
45246,39,3,42
41717,38,4,42
42653,34,8,42
45792,39,3,42
42600,38,4,42
34224,40,2,42
60431,37,5,42
44894,41,1,42
37818,42,0,42
63495,40,2,42
47905,36,6,42
58109,35,7,42
55205,41,1,42
19567,1,41,42
36306,33,8,41
60139,38,3,41
50264,36,5,41
56603,39,2,41
54047,30,11,41
37778,31,10,41
38525,33,8,41
60543,30,11,41
42391,39,2,41
40497,38,3,41
36589,35,6,41
50122,35,6,41
44266,34,7,41
42149,34,7,41
59042,39,2,41
60679,19,22,41
47097,31,10,41
38375,35,6,41
56471,29,12,41
60366,30,11,41
48078,34,7,41
43312,41,0,41
48121,32,9,41
43556,29,12,41
48797,32,9,41
57866,38,3,41
45697,36,5,41
36717,38,3,41
48600,38,3,41
41906,22,19,41
43265,14,27,41
37151,38,3,41
38353,34,7,41
47794,35,6,41
55755,31,10,41
41642,38,3,41
42021,30,11,41
39971,27,14,41
42636,34,7,41
43436,35,6,41
55764,38,3,41
52259,30,11,41
58513,32,9,41
37970,34,7,41
52133,35,6,41
53340,33,8,41
53114,32,9,41
60697,35,6,41
57629,18,23,41
52620,32,9,41
53398,34,7,41
61302,31,10,41
45281,33,8,41
56096,31,10,41
51156,40,1,41
55084,36,5,41
40509,37,4,41
38598,34,7,41
55402,25,16,41
59906,35,6,41
54576,37,4,41
51419,28,13,41
51416,41,0,41
56824,8,33,41
58175,36,5,41
32952,37,4,41
56305,30,11,41
37360,30,11,41
54578,32,9,41
54102,32,9,41
32949,24,17,41
62593,36,5,41
56362,33,8,41
49245,32,9,41
56357,35,6,41
56807,34,7,41
54854,37,4,41
53306,21,20,41
59770,30,11,41
60751,36,5,41
55269,23,18,41
61179,37,4,41
59064,31,10,41
42978,34,7,41
60001,33,8,41
60015,40,1,41
55076,25,16,41
52493,19,22,41
59277,33,8,41
50634,34,7,41
50601,34,7,41
50580,33,8,41
50555,30,11,41
54178,30,11,41
52220,37,4,41
48250,34,7,41
60311,32,9,41
57356,24,17,41
55824,24,17,41
50352,36,5,41
54875,19,22,41
53146,39,2,41
37321,28,13,41
38481,31,10,41
55586,33,8,41
34121,37,4,41
49989,37,4,41
54801,33,8,41
54189,34,7,41
52888,38,3,41
52668,33,8,41
43372,33,8,41
45842,37,4,41
52065,28,13,41
59432,36,5,41
58770,40,1,41
51527,40,1,41
58398,36,5,41
39211,30,11,41
52591,29,12,41
39901,39,2,41
50739,37,4,41
58970,13,28,41
61086,38,3,41
36337,35,6,41
37256,38,3,41
38558,38,3,41
60771,18,23,41
37660,38,3,41
53084,36,5,41
51414,20,21,41
35912,34,7,41
50511,27,14,41
36375,31,10,41
40934,38,3,41
50593,24,17,41
50002,22,19,41
35036,32,9,41
37128,34,7,41
47146,33,8,41
60317,32,9,41
44632,36,5,41
46799,31,10,41
49531,39,2,41
51191,22,19,41
56602,31,10,41
49753,29,12,41
52724,35,6,41
55979,30,11,41
59442,32,9,41
55209,35,6,41
65009,39,2,41
49579,29,12,41
60281,34,7,41
33463,36,5,41
52403,23,18,41
44224,37,4,41
55440,29,12,41
34209,33,8,41
52448,36,5,41
48052,38,3,41
33911,31,10,41
37182,39,2,41
35081,30,11,41
49305,36,5,41
50130,34,7,41
47939,33,8,41
57656,21,20,41
56812,20,21,41
60415,30,11,41
33950,34,7,41
34492,34,7,41
56267,31,10,41
64294,22,19,41
49221,36,5,41
49822,34,7,41
34693,37,4,41
48342,37,4,41
33129,30,11,41
37221,37,4,41
55966,29,12,41
50919,36,5,41
50600,30,11,41
53903,33,8,41
42960,38,3,41
36652,37,4,41
49458,37,4,41
45099,18,23,41
39785,33,8,41
49965,25,16,41
51863,27,14,41
51118,34,7,41
45258,34,7,41
55121,34,7,41
58765,33,8,41
63566,41,0,41
44887,33,8,41
34840,31,10,41
33410,41,0,41
35830,39,2,41
34901,32,9,41
44410,35,6,41
51742,38,3,41
49815,29,12,41
49664,15,26,41
50205,39,2,41
52953,36,5,41
41908,34,7,41
52865,31,10,41
61340,40,1,41
62851,37,4,41
51532,34,7,41
52035,34,7,41
52922,31,10,41
57195,30,11,41
51131,33,8,41
57484,36,5,41
58303,31,10,41
61450,37,4,41
53578,17,24,41
56036,36,5,41
57197,36,5,41
57987,36,5,41
58146,34,7,41
41366,34,7,41
56671,33,8,41
56840,39,2,41
44370,34,7,41
60908,29,12,41
51638,20,21,41
53533,28,13,41
39970,33,8,41
56133,35,6,41
58041,21,20,41
58717,33,8,41
59393,31,10,41
59400,33,8,41
58504,39,2,41
57501,32,9,41
60954,39,2,41
61478,41,0,41
36928,39,2,41
57343,29,12,41
51640,39,2,41
38000,37,4,41
53424,27,14,41
54575,29,12,41
54880,34,7,41
43658,22,19,41
54168,13,28,41
47302,27,14,41
49913,11,30,41
61869,37,4,41
42350,25,16,41
58743,29,12,41
43140,24,17,41
60836,32,9,41
43603,40,1,41
42230,32,9,41
54351,34,7,41
56815,30,11,41
56966,30,11,41
55747,20,21,41
51018,31,10,41
57446,34,7,41
43128,37,4,41
43576,17,24,41
46850,37,4,41
60418,35,6,41
40115,31,10,41
42313,39,2,41
33331,34,7,41
35614,38,3,41
59698,34,7,41
47615,33,8,41
53532,37,4,41
59537,35,6,41
40238,33,8,41
49738,40,1,41
46052,34,7,41
59931,32,9,41
64346,38,3,41
38421,38,3,41
55070,35,6,41
46016,32,9,41
61364,18,23,41
47022,36,5,41
56753,35,6,41
39355,40,1,41
58564,27,14,41
34217,39,2,41
59200,34,7,41
41833,40,1,41
38376,37,4,41
57880,32,9,41
46674,41,0,41
52833,27,14,41
34857,40,1,41
51748,40,1,41
55597,37,4,41
41583,25,16,41
42159,38,3,41
59648,33,8,41
35261,35,6,41
35012,30,11,41
47737,36,5,41
38677,37,4,41
54491,26,14,40
54538,32,8,40
44460,36,4,40
33113,35,5,40
41408,32,8,40
48401,37,3,40
48178,36,4,40
39830,34,6,40
41856,35,5,40
54494,35,5,40
54003,35,5,40
41661,34,6,40
36402,38,2,40
42531,35,5,40
36636,24,16,40
57103,25,15,40
45009,38,2,40
40922,29,11,40
47465,38,2,40
38278,30,10,40
58029,22,18,40
55803,35,5,40
57698,35,5,40
36437,32,8,40
47147,38,2,40
60770,29,11,40
46428,29,11,40
39014,34,6,40
39013,37,3,40
41217,37,3,40
47954,30,10,40
38574,38,2,40
46974,34,6,40
42597,36,4,40
44413,35,5,40
36443,29,11,40
45845,33,7,40
55822,34,6,40
41295,39,1,40
43585,37,3,40
63467,22,18,40
48408,37,3,40
33794,34,6,40
49090,35,5,40
40547,32,8,40
44643,39,1,40
38631,28,12,40
41032,13,27,40
45062,35,5,40
39035,36,4,40
57315,29,11,40
54681,17,23,40
38747,19,21,40
40880,38,2,40
54174,18,22,40
44199,37,3,40
59576,32,8,40
52804,30,10,40
54440,33,7,40
52233,36,4,40
52231,31,9,40
52190,33,7,40
56793,19,21,40
53328,39,1,40
53254,33,7,40
53232,32,8,40
53183,31,9,40
55781,33,7,40
47164,31,9,40
48065,31,9,40
33339,34,6,40
53015,34,6,40
43887,27,13,40
53553,30,10,40
51832,34,6,40
49513,30,10,40
60539,30,10,40
51658,29,11,40
59023,24,16,40
60104,34,6,40
55401,23,17,40
55197,17,23,40
64214,40,0,40
57956,33,7,40
54549,29,11,40
53926,34,6,40
62629,40,0,40
62397,40,0,40
55660,29,11,40
61921,39,1,40
61717,39,1,40
56957,27,13,40
61909,35,5,40
61475,40,0,40
56760,37,3,40
50986,33,7,40
55606,24,16,40
60606,37,3,40
60390,26,14,40
50874,39,1,40
42999,33,7,40
36514,30,10,40
50815,36,4,40
57137,21,19,40
57951,30,10,40
59131,28,12,40
50353,28,12,40
58926,30,10,40
50576,31,9,40
39898,39,1,40
60658,33,7,40
50479,27,13,40
53627,19,21,40
53871,33,7,40
51376,35,5,40
50326,38,2,40
34851,35,5,40
35388,33,7,40
60036,36,4,40
52234,34,6,40
45367,37,3,40
38111,35,5,40
52049,28,12,40
61015,7,33,40
52899,36,4,40
43667,36,4,40
50043,28,12,40
45553,34,6,40
51119,32,8,40
49301,24,16,40
47362,33,7,40
54895,16,24,40
53320,32,8,40
59550,36,4,40
52113,21,19,40
43098,36,4,40
52123,26,14,40
54477,18,22,40
59374,33,7,40
49654,35,5,40
33089,33,7,40
54204,28,12,40
54830,34,6,40
50828,35,5,40
37052,34,6,40
60668,29,11,40
50257,20,20,40
50260,35,5,40
40794,39,1,40
52334,26,14,40
53417,27,13,40
54162,34,6,40
57467,28,12,40
33115,37,3,40
53781,34,6,40
34870,35,5,40
52359,24,16,40
48898,34,6,40
52074,29,11,40
60052,29,11,40
58551,36,4,40
51725,31,9,40
49397,34,6,40
56462,29,11,40
51342,25,15,40
58805,31,9,40
48470,23,17,40
36177,32,8,40
37299,35,5,40
53061,33,7,40
34025,31,9,40
33174,27,13,40
34829,33,7,40
34921,34,6,40
54379,35,5,40
49310,35,5,40
48648,27,13,40
53885,31,9,40
60132,31,9,40
60271,34,6,40
43115,10,30,40
59984,29,11,40
59308,36,4,40
41304,33,7,40
50980,26,14,40
48681,29,11,40
49240,28,12,40
43043,37,3,40
51847,35,5,40
49509,29,11,40
48659,31,9,40
38459,35,5,40
58332,36,4,40
47557,37,3,40
55352,28,12,40
34763,37,3,40
59324,30,10,40
49963,14,26,40
56376,34,6,40
33957,37,3,40
35780,33,7,40
56719,32,8,40
64240,29,11,40
50413,29,11,40
46441,29,11,40
53984,33,7,40
33363,38,2,40
49313,38,2,40
55393,14,26,40
49999,30,10,40
50539,39,1,40
34357,37,3,40
57112,28,12,40
54903,29,11,40
43534,29,11,40
40565,30,10,40
52667,36,4,40
35287,26,14,40
64099,36,4,40
33374,31,9,40
56473,32,8,40
34681,37,3,40
44346,27,13,40
36047,24,16,40
50589,31,9,40
58091,30,10,40
42025,37,3,40
50855,30,10,40
40548,33,7,40
59680,38,2,40
58999,21,19,40
34694,34,6,40
53809,30,10,40
54374,31,9,40
54371,33,7,40
50315,34,6,40
53489,38,2,40
58086,28,12,40
43083,29,11,40
59982,21,19,40
52018,29,11,40
53391,36,4,40
53399,33,7,40
55687,34,6,40
56026,38,2,40
33328,37,3,40
58726,37,3,40
59780,38,2,40
33548,33,7,40
52566,31,9,40
54198,38,2,40
54656,34,6,40
55798,36,4,40
57481,35,5,40
60392,30,10,40
61626,36,4,40
51309,26,14,40
54359,32,8,40
59342,28,12,40
55873,33,7,40
42513,29,11,40
56680,32,8,40
56689,35,5,40
57060,32,8,40
57105,37,3,40
44206,39,1,40
54666,24,16,40
21093,1,39,40
56765,25,15,40
59921,25,15,40
33541,28,12,40
41488,37,3,40
57167,34,6,40
59672,31,9,40
60314,31,9,40
61645,39,1,40
39510,30,10,40
42277,31,9,40
32815,34,6,40
40245,27,13,40
56834,27,13,40
59534,36,4,40
49563,33,7,40
35381,38,2,40
50694,34,6,40
60980,27,13,40
50569,21,19,40
61813,40,0,40
55347,28,12,40
54794,21,19,40
52329,28,12,40
52324,28,12,40
59416,38,2,40
56714,33,7,40
60181,35,5,40
38079,29,11,40
43714,33,7,40
63122,8,32,40
51059,28,12,40
58769,28,12,40
61882,31,9,40
39492,38,2,40
39242,33,7,40
38536,33,7,40
58696,29,11,40
43723,39,1,40
45893,35,5,40
33075,36,4,40
48578,23,17,40
37489,35,5,40
35975,35,5,40
42175,35,5,40
40830,36,4,40
32885,31,9,40
56391,32,8,40
40733,35,5,40
58707,34,6,40
52072,25,15,40
63158,39,1,40
55959,30,10,40
48389,38,2,40
53697,37,3,40
53872,35,5,40
43977,1,39,40
52901,39,1,40
40970,36,4,40
56931,39,1,40
34157,32,8,40
38215,35,5,40
55484,29,11,40
44200,37,3,40
59238,38,2,40
62113,39,1,40
49973,5,35,40
47440,39,1,40
60350,33,7,40
46286,39,1,40
60518,26,14,40
40675,39,1,40
42272,28,12,40
46864,33,6,39
54941,31,8,39
45989,32,7,39
46553,35,4,39
41337,35,4,39
57208,33,6,39
47606,34,5,39
41079,36,3,39
42706,34,5,39
52791,29,10,39
47549,34,5,39
56974,29,10,39
41496,30,9,39
41885,25,14,39
33097,37,2,39
53695,33,6,39
51788,34,5,39
33037,26,13,39
56884,29,10,39
53555,34,5,39
39363,35,4,39
44389,17,22,39
59944,27,12,39
54120,36,3,39
42029,25,14,39
44716,31,8,39
55868,17,22,39
39122,34,5,39
42692,28,11,39
40198,28,11,39
39025,36,3,39
46570,36,3,39
45863,26,13,39
60114,34,5,39
58284,32,7,39
56135,36,3,39
53610,30,9,39
43939,37,2,39
49769,34,5,39
41694,32,7,39
39139,32,7,39
41891,35,4,39
59516,33,6,39
48957,35,4,39
41493,29,10,39
52047,38,1,39
49289,21,18,39
43221,35,4,39
55702,35,4,39
49767,29,10,39
58866,32,7,39
40393,25,14,39
33309,11,28,39
48185,8,31,39
56569,37,2,39
39349,34,5,39
46430,27,12,39
59669,39,0,39
59667,34,5,39
36339,32,7,39
58132,21,18,39
55304,37,2,39
40790,38,1,39
42176,31,8,39
58250,23,16,39
52360,24,15,39
41937,32,7,39
55587,32,7,39
55552,35,4,39
54948,31,8,39
60987,26,13,39
54683,33,6,39
47162,29,10,39
55998,29,10,39
56510,27,12,39
53425,35,4,39
53387,25,14,39
54645,29,10,39
55787,19,20,39
51883,34,5,39
45170,34,5,39
60694,33,6,39
56920,22,17,39
49988,29,10,39
54650,21,18,39
60896,29,10,39
38312,28,11,39
63538,5,34,39
59355,30,9,39
64961,39,0,39
39923,29,10,39
63440,38,1,39
50718,31,8,39
52698,23,16,39
60721,30,9,39
40585,36,3,39
55554,35,4,39
56730,33,6,39
62749,39,0,39
56810,29,10,39
56809,22,17,39
59542,34,5,39
60823,25,14,39
60815,33,6,39
44680,37,2,39
60589,29,10,39
45445,33,6,39
60295,36,3,39
48568,33,6,39
59679,31,8,39
50687,28,11,39
58947,32,7,39
50618,35,4,39
48030,21,18,39
44506,31,8,39
59554,29,10,39
42449,30,9,39
57395,31,8,39
54154,30,9,39
42444,28,11,39
37036,33,6,39
53592,35,4,39
54367,27,12,39
47533,28,11,39
58669,22,17,39
54187,32,7,39
56870,24,15,39
51908,37,2,39
51772,36,3,39
62226,38,1,39
39555,35,4,39
40610,27,12,39
38235,38,1,39
52696,13,26,39
49440,34,5,39
46686,34,5,39
59623,34,5,39
40440,28,11,39
32549,1,38,39
52465,38,1,39
55834,36,3,39
49953,21,18,39
32966,38,1,39
56094,28,11,39
39969,29,10,39
55519,25,14,39
54637,19,20,39
41940,33,6,39
55182,33,6,39
49994,33,6,39
52301,36,3,39
39916,33,6,39
50322,32,7,39
36154,35,4,39
38171,35,4,39
53582,26,13,39
48310,31,8,39
54219,24,15,39
49333,31,8,39
62184,38,1,39
54595,34,5,39
52428,27,12,39
53047,23,16,39
65509,11,28,39
51708,31,8,39
39736,29,10,39
58260,21,18,39
51757,29,10,39
40535,36,3,39
38823,31,8,39
59435,30,9,39
50404,34,5,39
52207,27,12,39
35148,33,6,39
41204,34,5,39
60203,31,8,39
34358,34,5,39
33899,34,5,39
35385,25,14,39
50187,29,10,39
52125,26,13,39
34337,33,6,39
33479,33,6,39
49629,33,6,39
49415,33,6,39
49569,34,5,39
49847,31,8,39
41782,35,4,39
38519,32,7,39
56991,26,13,39
34657,11,28,39
50303,27,12,39
52447,33,6,39
50960,34,5,39
58980,28,11,39
34749,35,4,39
53968,36,3,39
33538,21,18,39
50729,19,20,39
43573,32,7,39
60336,35,4,39
41971,38,1,39
65500,5,34,39
38862,26,13,39
52240,35,4,39
48353,14,25,39
40342,36,3,39
56972,32,7,39
60323,34,5,39
40989,35,4,39
50249,10,29,39
61648,39,0,39
51903,34,5,39
50724,36,3,39
35565,26,13,39
34583,29,10,39
56574,35,4,39
64126,37,2,39
33808,34,5,39
35034,34,5,39
51177,25,14,39
40683,34,5,39
34586,31,8,39
50573,39,0,39
52347,27,12,39
35189,23,16,39
63926,38,1,39
35023,27,12,39
43262,33,6,39
57111,28,11,39
33988,31,8,39
59413,37,2,39
54382,37,2,39
54487,33,6,39
53076,29,10,39
54755,29,10,39
54757,21,18,39
56040,27,12,39
57027,25,14,39
59815,29,10,39
63106,34,5,39
52202,35,4,39
52908,34,5,39
39517,33,6,39
56380,32,7,39
56711,39,0,39
42028,31,8,39
52211,35,4,39
52753,31,8,39
53110,19,20,39
58299,31,8,39
51137,32,7,39
54704,21,18,39
40380,37,2,39
52829,28,11,39
53453,27,12,39
56842,36,3,39
41933,30,9,39
57119,28,11,39
42076,35,4,39
61624,39,0,39
54689,26,13,39
49457,34,5,39
53188,34,5,39
56325,34,5,39
56657,29,10,39
58659,29,10,39
62331,17,22,39
35485,34,5,39
64574,38,1,39
46215,34,5,39
35026,33,6,39
35599,36,3,39
33320,33,6,39
49358,29,10,39
54565,38,1,39
55100,36,3,39
36967,34,5,39
49665,27,12,39
57078,27,12,39
54181,24,15,39
37853,34,5,39
54915,37,2,39
55499,23,16,39
35436,32,7,39
57662,34,5,39
50719,34,5,39
54036,30,9,39
51214,25,14,39
58311,28,11,39
33332,28,11,39
35470,36,3,39
60835,19,20,39
40740,35,4,39
54115,34,5,39
38006,31,8,39
47739,26,13,39
35540,32,7,39
52739,29,10,39
35262,35,4,39
53760,33,6,39
59601,27,12,39
41601,33,6,39
43895,32,7,39
50210,33,6,39
56986,38,1,39
50533,33,6,39
61736,38,1,39
58903,24,15,39
35376,35,4,39
44750,25,14,39
54076,36,3,39
55364,32,7,39
43797,36,3,39
44594,31,8,39
41081,34,5,39
57218,35,4,39
34797,34,5,39
62803,39,0,39
57589,36,3,39
37821,38,1,39
35249,35,4,39
44816,25,14,39
56925,33,6,39
48929,29,10,39
33825,27,12,39
55853,33,6,39
46527,31,8,39
39294,38,1,39
55973,36,3,39
60565,30,9,39
45664,37,2,39
42553,29,10,39
58167,34,5,39
60516,37,2,39
62084,38,1,39
56699,23,16,39
39623,36,3,39
38250,32,7,39
57782,37,1,38
42860,36,2,38
42370,35,3,38
41728,33,5,38
54475,26,12,38
33148,33,5,38
55792,28,10,38
59973,32,6,38
47310,34,4,38
36340,33,5,38
57250,28,10,38
40337,33,5,38
41501,34,4,38
57421,35,3,38
43674,16,22,38
50712,30,8,38
57290,30,8,38
50943,34,4,38
42769,35,3,38
40505,35,3,38
57783,28,10,38
55213,33,5,38
41500,26,12,38
39145,35,3,38
56788,24,14,38
55983,31,7,38
42856,36,2,38
47855,36,2,38
45928,30,8,38
36230,38,0,38
51437,32,6,38
39767,31,7,38
40564,28,10,38
58372,33,5,38
44192,33,5,38
36529,30,8,38
41932,34,4,38
42388,30,8,38
48766,30,8,38
56345,32,6,38
42757,34,4,38
42639,28,10,38
38064,32,6,38
44543,34,4,38
60676,33,5,38
40768,34,4,38
38132,28,10,38
58521,34,4,38
48391,32,6,38
48892,37,1,38
39060,33,5,38
48055,33,5,38
39182,30,8,38
44500,27,11,38
45647,27,11,38
39350,36,2,38
44232,23,15,38
43076,34,4,38
41480,30,8,38
42161,35,3,38
55793,30,8,38
38071,34,4,38
38358,21,17,38
61387,38,0,38
44503,37,1,38
52273,19,19,38
41062,30,8,38
60651,27,11,38
57611,32,6,38
52815,24,14,38
35935,33,5,38
51186,35,3,38
53677,36,2,38
49879,35,3,38
52777,30,8,38
51188,35,3,38
52197,26,12,38
45311,32,6,38
44078,30,8,38
51881,36,2,38
59487,26,12,38
37352,34,4,38
52924,24,14,38
50475,32,6,38
49756,30,8,38
51554,17,21,38
40463,29,9,38
51513,35,3,38
50108,36,2,38
53184,27,11,38
51510,13,25,38
43819,24,14,38
54425,20,18,38
51367,22,16,38
54547,29,9,38
63631,37,1,38
62732,38,0,38
62720,34,4,38
35649,34,4,38
61718,38,0,38
57071,27,11,38
59304,21,17,38
50948,26,12,38
48281,30,8,38
53279,33,5,38
60595,23,15,38
60584,30,8,38
58170,30,8,38
35873,23,15,38
59438,29,9,38
58959,33,5,38
48544,33,5,38
52188,16,22,38
50639,28,10,38
58907,28,10,38
58872,33,5,38
59692,26,12,38
45217,29,9,38
58816,34,4,38
58697,31,7,38
52412,10,28,38
45301,30,8,38
63452,29,9,38
63451,28,10,38
44578,33,5,38
50486,26,12,38
48240,29,9,38
57474,34,4,38
59107,32,6,38
57812,28,10,38
53850,36,2,38
50391,37,1,38
57243,29,9,38
53162,30,8,38
53161,28,10,38
52973,31,7,38
50327,35,3,38
42775,32,6,38
53437,25,13,38
53438,29,9,38
52471,21,17,38
59153,32,6,38
47344,33,5,38
51212,17,21,38
47679,35,3,38
39138,24,14,38
60635,19,19,38
50378,26,12,38
45537,32,6,38
38948,29,9,38
60346,20,18,38
64484,36,2,38
32862,33,5,38
58850,31,7,38
54405,32,6,38
59852,27,11,38
46033,30,8,38
52393,35,3,38
54778,33,5,38
41666,30,8,38
53479,34,4,38
46723,26,12,38
37941,22,16,38
40487,27,11,38
61315,29,9,38
32905,34,4,38
35691,37,1,38
52502,33,5,38
56047,30,8,38
50265,28,10,38
58723,19,19,38
32855,34,4,38
60182,26,12,38
42717,30,8,38
63977,26,12,38
50888,35,3,38
57322,29,9,38
49625,37,1,38
52372,28,10,38
60241,27,11,38
56299,27,11,38
65021,38,0,38
58937,34,4,38
60946,20,18,38
38987,29,9,38
56594,21,17,38
42915,32,6,38
64415,37,1,38
36964,33,5,38
50826,37,1,38
52041,24,14,38
33894,32,6,38
38055,22,16,38
64042,36,2,38
65093,35,3,38
52276,30,8,38
52472,18,20,38
56303,36,2,38
54020,34,4,38
49329,26,12,38
46406,29,9,38
52603,27,11,38
50003,28,10,38
49294,31,7,38
64958,37,1,38
60682,33,5,38
34539,27,11,38
56745,32,6,38
50727,26,12,38
64645,20,18,38
49467,27,11,38
49201,28,10,38
52286,12,26,38
57011,30,8,38
34248,23,15,38
58716,38,0,38
35276,26,12,38
35000,35,3,38
35144,31,7,38
53887,27,11,38
33870,29,9,38
34861,33,5,38
34170,35,3,38
42231,31,7,38
33276,32,6,38
56216,22,16,38
46414,21,17,38
58758,36,2,38
50238,37,1,38
49216,34,4,38
35208,31,7,38
56837,20,18,38
62119,10,28,38
34597,27,11,38
58672,25,13,38
36431,27,11,38
49469,30,8,38
50109,30,8,38
58082,23,15,38
41474,22,16,38
35663,37,1,38
51750,33,5,38
42776,32,6,38
59985,30,8,38
50154,30,8,38
43622,29,9,38
43202,32,6,38
59512,28,10,38
46918,32,6,38
42015,34,4,38
37110,33,5,38
51328,10,28,38
64081,31,7,38
53799,36,2,38
53932,25,13,38
54753,28,10,38
56864,30,8,38
58935,35,3,38
60872,34,4,38
62093,33,5,38
61883,30,8,38
62684,33,5,38
34729,34,4,38
59455,27,11,38
44824,33,5,38
34610,28,10,38
56853,29,9,38
57828,32,6,38
44991,31,7,38
60637,19,19,38
61469,37,1,38
62349,23,15,38
36941,33,5,38
52118,31,7,38
57245,33,5,38
57399,35,3,38
60902,34,4,38
51458,29,9,38
53204,32,6,38
53546,35,3,38
54357,28,10,38
59924,26,12,38
63234,37,1,38
45103,28,10,38
50535,21,17,38
35733,33,5,38
57561,33,5,38
40626,27,11,38
52864,18,20,38
41549,30,8,38
55098,32,6,38
53971,32,6,38
41884,25,13,38
57260,34,4,38
62408,37,1,38
36971,30,8,38
38424,36,2,38
43759,30,8,38
49775,29,9,38
42858,32,6,38
48248,29,9,38
47122,34,4,38
53390,28,10,38
62365,37,1,38
51648,31,7,38
54443,34,4,38
55443,32,6,38
60605,32,6,38
33670,28,10,38
46724,29,9,38
55986,37,1,38
56913,26,12,38
63932,36,2,38
47817,28,10,38
51635,13,25,38
51656,32,6,38
51797,25,13,38
42416,36,2,38
45499,30,8,38
34496,36,2,38
56415,31,7,38
41875,33,5,38
40119,29,9,38
44523,28,10,38
56897,27,11,38
50142,26,12,38
48894,27,11,38
47156,35,3,38
37804,29,9,38
45626,29,9,38
50194,31,7,38
53662,29,9,38
53694,30,8,38
48504,33,5,38
46710,31,7,38
59565,32,6,38
40387,36,2,38
54931,33,5,38
62530,15,23,38
42672,21,17,38
41080,31,7,38
42762,30,8,38
44753,35,3,38
34864,15,23,38
51329,29,9,38
45662,32,6,38
57143,32,6,38
35455,32,6,38
58371,32,6,38
39115,19,19,38
48824,31,7,38
43072,34,4,38
43832,1,37,38
40555,30,8,38
38990,38,0,38
33915,32,6,38
58144,28,10,38
59829,32,6,38
58025,27,11,38
40545,36,2,38
38149,36,2,38
37855,31,7,38
47336,17,21,38
60499,36,2,38
41575,33,5,38
63169,37,1,38
41776,31,7,38
38191,36,2,38
47853,38,0,38
45998,19,18,37
60043,31,6,37
42215,32,5,37
59974,34,3,37
44761,32,5,37
48323,33,4,37
51941,26,11,37
47284,35,2,37
47808,31,6,37
48716,30,7,37
56785,33,4,37
56794,30,7,37
51714,29,8,37
45868,27,10,37
52998,32,5,37
43868,32,5,37
54337,30,7,37
60885,30,7,37
38013,27,10,37
44044,24,13,37
52386,29,8,37
37866,30,7,37
46039,36,1,37
39628,30,7,37
44519,30,7,37
45201,34,3,37
45338,31,6,37
33691,28,9,37
42811,33,4,37
37675,32,5,37
60681,29,8,37
51926,21,16,37
45795,19,18,37
48512,31,6,37
37847,32,5,37
41814,27,10,37
40783,29,8,37
40875,35,2,37
59397,24,13,37
40559,21,16,37
46817,23,14,37
37518,36,1,37
41302,29,8,37
48270,32,5,37
50548,34,3,37
40057,29,8,37
42774,30,7,37
41407,34,3,37
39100,33,4,37
56976,31,6,37
48448,27,10,37
36782,25,12,37
32785,23,14,37
38209,24,13,37
46409,27,10,37
38027,34,3,37
47035,27,10,37
45967,32,5,37
46941,1,36,37
33241,32,5,37
48759,30,7,37
39827,31,6,37
38577,25,12,37
59975,33,4,37
47443,29,8,37
36013,28,9,37
35993,12,25,37
42309,34,3,37
46707,26,11,37
52879,30,7,37
37132,33,4,37
59549,32,5,37
53579,26,11,37
37115,31,6,37
35959,32,5,37
52438,30,7,37
61163,37,0,37
61149,37,0,37
57493,24,13,37
45512,31,6,37
55767,29,8,37
53577,27,10,37
42035,29,8,37
52870,35,2,37
43417,27,10,37
52618,30,7,37
52576,30,7,37
49658,33,4,37
48657,31,6,37
52309,36,1,37
41381,27,10,37
44057,35,2,37
45600,31,6,37
51412,28,9,37
51383,28,9,37
53325,19,18,37
41162,30,7,37
42809,33,4,37
55360,29,8,37
59967,18,19,37
33118,20,17,37
43774,30,7,37
49840,29,8,37
51454,31,6,37
54070,26,11,37
53991,33,4,37
33398,31,6,37
63950,37,0,37
63708,37,0,37
56020,32,5,37
51273,19,18,37
55490,26,11,37
33378,31,6,37
52697,22,15,37
58068,27,10,37
62750,37,0,37
62670,37,0,37
62399,33,4,37
48153,28,9,37
61720,37,0,37
51800,31,6,37
61045,33,4,37
47293,33,4,37
60618,18,19,37
60599,29,8,37
53563,34,3,37
48535,27,10,37
51754,18,19,37
60252,33,4,37
55943,20,17,37
55907,31,6,37
48815,25,12,37
59790,31,6,37
51409,27,10,37
61464,32,5,37
55930,29,8,37
51358,33,4,37
54676,25,12,37
58874,24,13,37
58793,28,9,37
46962,34,3,37
46958,33,4,37
50532,33,4,37
33960,33,4,37
49380,25,12,37
54944,15,22,37
47393,31,6,37
41457,30,7,37
58136,31,6,37
57378,30,7,37
50431,29,8,37
34385,26,11,37
53059,32,5,37
46523,31,6,37
53576,31,6,37
53290,33,4,37
51176,23,14,37
53228,31,6,37
50464,29,8,37
53125,25,12,37
36696,30,7,37
36795,30,7,37
52745,33,4,37
52688,30,7,37
52654,25,12,37
53585,25,12,37
57546,22,15,37
37963,32,5,37
62649,35,2,37
51912,31,6,37
51749,33,4,37
53651,32,5,37
58715,25,12,37
46651,30,7,37
34202,30,7,37
54598,31,6,37
36436,31,6,37
52318,22,15,37
49411,32,5,37
60224,34,3,37
43566,28,9,37
54838,30,7,37
37214,36,1,37
47225,34,3,37
34493,25,12,37
41464,29,8,37
60090,28,9,37
51382,17,20,37
39569,32,5,37
51927,11,26,37
49662,26,11,37
54019,26,11,37
54970,28,9,37
35553,29,8,37
48603,32,5,37
59016,20,17,37
35032,31,6,37
36149,32,5,37
35673,22,15,37
34044,34,3,37
49608,30,7,37
54448,29,8,37
55390,30,7,37
37387,30,7,37
50229,29,8,37
32916,30,7,37
34992,30,7,37
35188,32,5,37
52369,33,4,37
64255,30,7,37
49318,30,7,37
50241,33,4,37
49990,32,5,37
39991,34,3,37
60210,26,11,37
49806,31,6,37
33934,26,11,37
54883,30,7,37
53618,27,10,37
61474,36,1,37
49852,28,9,37
53946,30,7,37
34433,32,5,37
51307,29,8,37
54025,23,14,37
56033,32,5,37
51036,29,8,37
34448,25,12,37
53137,33,4,37
49197,32,5,37
65420,5,32,37
51679,32,5,37
64966,35,2,37
44791,35,2,37
37184,32,5,37
57239,25,12,37
38811,19,18,37
36156,32,5,37
34896,31,6,37
35140,37,0,37
37067,35,2,37
42937,24,13,37
42405,29,8,37
55817,25,12,37
51242,28,9,37
59934,22,15,37
42784,32,5,37
32800,34,3,37
46605,29,8,37
37803,33,4,37
57304,13,24,37
59168,30,7,37
58667,24,13,37
50123,31,6,37
42368,28,9,37
40312,31,6,37
53810,26,11,37
59159,32,5,37
54742,27,10,37
51211,27,10,37
39907,28,9,37
47664,33,4,37
46182,32,5,37
49889,29,8,37
51166,18,19,37
53327,24,13,37
42798,35,2,37
54401,33,4,37
41173,27,10,37
57150,26,11,37
33218,31,6,37
51473,30,7,37
55346,33,4,37
56871,30,7,37
60138,35,2,37
32852,28,9,37
51490,32,5,37
53776,33,4,37
56975,31,6,37
42158,27,10,37
61272,36,1,37
54524,35,2,37
60331,34,3,37
61136,37,0,37
61649,32,5,37
35786,33,4,37
51078,29,8,37
51949,27,10,37
56681,25,12,37
56723,33,4,37
58210,26,11,37
43882,33,4,37
48274,31,6,37
57102,32,5,37
53185,29,8,37
54467,27,10,37
57658,27,10,37
60795,32,5,37
54452,26,11,37
47399,32,5,37
40694,36,1,37
46504,34,3,37
41682,16,21,37
53352,31,6,37
48254,28,9,37
61793,36,1,37
44385,30,7,37
58997,33,4,37
59533,32,5,37
50184,32,5,37
60944,25,12,37
50710,21,16,37
40021,33,4,37
42942,31,6,37
50212,33,4,37
45370,33,4,37
33197,36,1,37
41456,32,5,37
42924,25,12,37
43473,33,4,37
48441,30,7,37
56872,34,3,37
56606,23,14,37
53249,26,11,37
46882,33,4,37
50686,24,13,37
54408,27,10,37
51009,33,4,37
62167,35,2,37
55669,21,16,37
41561,27,10,37
51731,31,6,37
33993,36,1,37
51589,9,28,37
42975,35,2,37
54837,32,5,37
60841,34,3,37
44336,32,5,37
33643,32,5,37
37413,32,5,37
54238,28,9,37
42119,32,5,37
41264,27,10,37
35990,35,2,37
40067,26,11,37
42167,30,7,37
36056,28,9,37
42068,33,4,37
53671,34,3,37
55000,34,3,37
48119,36,1,37
45065,30,7,37
59315,15,22,37
48434,33,4,37
54051,30,7,37
54069,34,3,37
43480,29,8,37
47113,36,1,37
62101,36,1,37
35932,32,5,37
56866,30,7,37
55609,34,3,37
40520,33,4,37
48782,33,4,37
34123,36,1,37
39790,31,6,37
34988,36,1,37
60265,35,2,37
33603,34,3,37
61778,36,1,37
61289,37,0,37
55653,36,1,37
56802,29,8,37
44364,34,3,37
57918,31,6,37
64220,35,2,37
55008,30,7,37
56203,32,5,37
24982,1,36,37
55333,37,0,37
52857,30,6,36
44195,30,6,36
46578,30,6,36
43584,35,1,36
37943,33,3,36
48411,32,4,36
51985,23,13,36
48180,31,5,36
40570,5,31,36
60356,23,13,36
56129,30,6,36
44445,29,7,36
53614,27,9,36
54966,27,9,36
38381,35,1,36
36523,32,4,36
39566,31,5,36
64642,25,11,36
59687,26,10,36
56880,29,7,36
46213,31,5,36
45219,22,14,36
57320,30,6,36
36915,27,9,36
36908,29,7,36
39503,15,21,36
41523,21,15,36
44766,30,6,36
48723,25,11,36
45563,29,7,36
40973,26,10,36
44505,21,15,36
49809,29,7,36
48457,27,9,36
39476,23,13,36
56784,28,8,36
42718,29,7,36
43237,27,9,36
44419,18,18,36
47120,33,3,36
45440,28,8,36
41136,28,8,36
55459,28,8,36
60453,27,9,36
36792,20,16,36
49728,23,13,36
54479,18,18,36
38768,29,7,36
41757,26,10,36
33749,27,9,36
45475,27,9,36
56861,33,3,36
44032,30,6,36
45932,32,4,36
36692,23,13,36
36715,28,8,36
45401,30,6,36
41000,24,12,36
41326,32,4,36
44875,29,7,36
56403,24,12,36
41558,30,6,36
41889,31,5,36
60373,33,3,36
36511,28,8,36
45386,29,7,36
45971,29,7,36
43251,31,5,36
33594,30,6,36
49133,23,13,36
61655,32,4,36
61617,35,1,36
60144,30,6,36
34548,36,0,36
44463,32,4,36
56107,28,8,36
58209,21,15,36
33703,33,3,36
55906,31,5,36
54280,30,6,36
60342,30,6,36
54954,26,10,36
59038,30,6,36
52089,35,1,36
59021,21,15,36
52476,34,2,36
53339,27,9,36
58201,27,9,36
52674,27,9,36
55783,22,14,36
51130,35,1,36
54455,33,3,36
44591,15,21,36
51737,29,7,36
41152,33,3,36
59452,27,9,36
53108,32,4,36
49830,18,18,36
53103,16,20,36
53440,10,26,36
46560,20,16,36
48938,28,8,36
53058,32,4,36
59990,30,6,36
51472,26,10,36
34302,29,7,36
52706,25,11,36
60130,28,8,36
58962,16,20,36
64248,35,1,36
49091,27,9,36
33099,31,5,36
33079,32,4,36
44509,19,17,36
32965,35,1,36
57330,20,16,36
63496,36,0,36
63419,36,0,36
60716,23,13,36
63104,35,1,36
62960,36,0,36
55397,28,8,36
32956,32,4,36
61486,14,22,36
57536,27,9,36
62289,7,29,36
51076,24,12,36
40929,31,5,36
51605,8,28,36
61638,36,0,36
61634,34,2,36
44831,29,7,36
61470,36,0,36
59093,18,18,36
61074,29,7,36
61047,32,4,36
52705,32,4,36
56052,32,4,36
60611,32,4,36
48521,20,16,36
60849,8,28,36
50873,25,11,36
55902,30,6,36
61584,23,13,36
61659,35,1,36
59382,31,5,36
58870,27,9,36
58754,33,3,36
46980,29,7,36
40563,31,5,36
58574,27,9,36
52434,26,10,36
50560,32,4,36
57537,20,16,36
41392,28,8,36
57438,29,7,36
57444,31,5,36
57407,29,7,36
61455,28,8,36
38422,31,5,36
53706,32,4,36
57440,27,9,36
53102,23,13,36
50760,30,6,36
55389,33,3,36
58971,22,14,36
52344,22,14,36
37170,32,4,36
52598,27,9,36
52590,26,10,36
55460,24,12,36
50394,27,9,36
51577,25,11,36
36336,33,3,36
51435,35,1,36
62234,29,7,36
51305,32,4,36
43519,29,7,36
58424,28,8,36
51914,22,14,36
56212,27,9,36
53465,24,12,36
55214,31,5,36
37390,30,6,36
58966,29,7,36
45331,22,14,36
39470,27,9,36
59959,28,8,36
44582,29,7,36
37280,30,6,36
42375,23,13,36
42262,27,9,36
52714,28,8,36
55819,12,24,36
44928,27,9,36
59903,32,4,36
39934,31,5,36
50742,31,5,36
45904,32,4,36
62206,32,4,36
55611,35,1,36
50700,30,6,36
49626,25,11,36
50085,26,10,36
52796,27,9,36
52291,22,14,36
35502,30,6,36
45260,31,5,36
52391,29,7,36
51837,26,10,36
53915,23,13,36
41161,32,4,36
50847,32,4,36
64190,35,1,36
38126,34,2,36
33100,31,5,36
37187,20,16,36
51146,28,8,36
64741,24,12,36
60846,25,11,36
60025,28,8,36
49238,26,10,36
45813,27,9,36
63393,36,0,36
49901,29,7,36
33340,24,12,36
49149,26,10,36
50235,34,2,36
49223,29,7,36
55638,35,1,36
55610,32,4,36
62296,32,4,36
34114,22,14,36
50104,31,5,36
53389,33,3,36
65196,35,1,36
35290,33,3,36
52544,22,14,36
55103,23,13,36
49961,25,11,36
55094,24,12,36
49224,33,3,36
49948,29,7,36
46517,26,10,36
60492,30,6,36
50313,29,7,36
65499,35,1,36
43168,30,6,36
36166,30,6,36
51390,30,6,36
34497,34,2,36
35347,29,7,36
33861,27,9,36
36785,28,8,36
64686,28,8,36
47530,34,2,36
38297,26,10,36
37248,29,7,36
35221,32,4,36
37748,27,9,36
55882,28,8,36
53017,28,8,36
33904,23,13,36
55230,31,5,36
50397,33,3,36
34083,29,7,36
34183,33,3,36
33243,32,4,36
49278,31,5,36
52529,22,14,36
49865,32,4,36
36190,28,8,36
34685,31,5,36
39678,22,14,36
60060,27,9,36
34627,31,5,36
35400,26,10,36
53972,25,11,36
40715,33,3,36
51182,16,20,36
33755,33,3,36
10240,1,35,36
36128,34,2,36
57321,26,10,36
55848,28,8,36
59163,35,1,36
54939,18,18,36
58848,27,9,36
47671,22,14,36
49952,31,5,36
54559,32,4,36
54686,24,12,36
54766,21,15,36
57402,31,5,36
58634,27,9,36
43933,31,5,36
59424,23,13,36
47511,29,7,36
50746,20,16,36
53393,29,7,36
56369,28,8,36
56869,33,3,36
56875,31,5,36
61525,31,5,36
50421,34,2,36
53268,33,3,36
56795,30,6,36
56963,30,6,36
59349,21,15,36
55550,34,2,36
56041,33,3,36
56547,28,8,36
56858,33,3,36
51262,29,7,36
55574,28,8,36
56906,34,2,36
57074,27,9,36
57554,30,6,36
62126,11,25,36
62664,21,15,36
57425,22,14,36
57872,28,8,36
51430,22,14,36
56661,32,4,36
57341,30,6,36
61285,35,1,36
53004,25,11,36
37857,32,4,36
56601,25,11,36
57763,33,3,36
54609,28,8,36
53131,25,11,36
36976,32,4,36
35571,31,5,36
57062,19,17,36
51884,31,5,36
36170,32,4,36
42782,32,4,36
51524,24,12,36
40657,12,24,36
57449,25,11,36
47687,33,3,36
40633,22,14,36
45508,22,14,36
41586,33,3,36
40747,32,4,36
52957,27,9,36
54411,32,4,36
60746,27,9,36
44829,32,4,36
62854,30,6,36
35851,27,9,36
59002,25,11,36
51969,29,7,36
51514,32,4,36
53215,18,18,36
51561,29,7,36
51590,26,10,36
40271,29,7,36
48364,32,4,36
35517,34,2,36
45482,35,1,36
41278,32,4,36
35882,24,12,36
46721,30,6,36
42871,35,1,36
43543,29,7,36
35430,31,5,36
48594,29,7,36
48199,34,2,36
45938,31,5,36
53680,32,4,36
59585,31,5,36
46174,16,20,36
46191,36,0,36
50863,29,7,36
54708,29,7,36
48704,34,2,36
46543,33,3,36
56942,33,3,36
55328,23,13,36
42704,33,3,36
58367,18,18,36
60343,24,12,36
41218,31,5,36
52900,32,4,36
38755,34,2,36
53008,33,3,36
48953,35,1,36
49004,33,3,36
51691,35,1,36
42036,34,2,36
59972,32,4,36
34533,29,7,36
33929,30,6,36
32805,31,5,36
34416,31,5,36
40403,28,8,36
57672,12,24,36
47046,36,0,36
60329,32,4,36
37392,31,5,36
35609,35,1,36
60447,32,4,36
39774,31,5,36
35257,34,2,36
43500,33,3,36
61763,34,2,36
43549,30,6,36
42130,30,6,36
47237,33,3,36
38010,29,7,36
60690,30,5,35
43979,29,6,35
36386,34,1,35
51396,29,6,35
46575,25,10,35
41234,30,5,35
37971,33,2,35
48220,29,6,35
41036,31,4,35
46995,30,5,35
46681,30,5,35
40280,33,2,35
48764,33,2,35
32876,29,6,35
36648,26,9,35
46514,30,5,35
42595,34,1,35
54055,30,5,35
37892,22,13,35
42202,30,5,35
54600,30,5,35
48708,23,12,35
54641,29,6,35
47138,27,8,35
44840,29,6,35
46594,28,7,35
39125,28,7,35
39780,27,8,35
46907,31,4,35
39764,30,5,35
44284,28,7,35
42570,30,5,35
40113,28,7,35
40220,26,9,35
45136,27,8,35
46973,25,10,35
48950,28,7,35
45986,31,4,35
47798,31,4,35
42693,29,6,35
44846,27,8,35
37640,31,4,35
41266,10,25,35
47179,26,9,35
44352,30,5,35
41871,28,7,35
44487,30,5,35
41159,32,3,35
46589,30,5,35
36847,31,4,35
43696,31,4,35
46103,22,13,35
37884,29,6,35
42191,32,3,35
53658,31,4,35
36807,26,9,35
38249,32,3,35
40729,31,4,35
57864,33,2,35
58517,25,10,35
37561,32,3,35
36275,23,12,35
37793,28,7,35
43811,34,1,35
36409,25,10,35
45797,31,4,35
59898,25,10,35
38046,27,8,35
39758,20,15,35
36671,31,4,35
48001,28,7,35
51795,32,3,35
43338,23,12,35
39059,30,5,35
46766,30,5,35
37717,27,8,35
52026,33,2,35
36279,30,5,35
35956,30,5,35
45373,27,8,35
60545,27,8,35
48810,28,7,35
48845,31,4,35
36899,25,10,35
52414,33,2,35
48519,28,7,35
47666,29,6,35
41662,28,7,35
61152,35,0,35
41427,26,9,35
54675,28,7,35
44471,34,1,35
56704,31,4,35
54176,34,1,35
59471,31,4,35
55753,29,6,35
34538,33,2,35
57544,27,8,35
52106,32,3,35
56735,28,7,35
52055,25,10,35
35179,31,4,35
52614,25,10,35
52331,29,6,35
58211,20,15,35
57285,23,12,35
32992,31,4,35
41924,27,8,35
50481,29,6,35
62773,5,30,35
40483,28,7,35
61311,29,6,35
49279,24,11,35
36598,27,8,35
60389,29,6,35
62356,30,5,35
48767,29,6,35
51109,24,11,35
40847,32,3,35
60046,30,5,35
33269,27,8,35
63996,31,4,35
53955,31,4,35
41280,27,8,35
63641,20,15,35
56841,19,16,35
58657,13,22,35
55048,33,2,35
63265,14,21,35
57582,31,4,35
41438,23,12,35
59237,27,8,35
37865,25,10,35
42320,29,6,35
37526,26,9,35
61639,34,1,35
52800,26,9,35
52126,30,5,35
61072,28,7,35
61432,22,13,35
56057,21,14,35
60829,26,9,35
60811,28,7,35
60616,28,7,35
53089,26,9,35
50857,27,8,35
60054,21,14,35
48573,29,6,35
42419,28,7,35
53316,25,10,35
49765,28,7,35
58785,20,15,35
60552,28,7,35
55994,21,14,35
48429,30,5,35
64039,5,30,35
58436,22,13,35
54799,22,13,35
57314,28,7,35
48572,32,3,35
56534,32,3,35
58098,20,15,35
46722,25,10,35
50462,33,2,35
50452,26,9,35
57386,17,18,35
50434,34,1,35
61889,34,1,35
43821,23,12,35
62603,27,8,35
61030,30,5,35
47076,28,7,35
50188,28,7,35
50395,31,4,35
36817,33,2,35
43997,30,5,35
52147,23,12,35
50105,22,13,35
46047,27,8,35
40500,21,14,35
51910,15,20,35
50247,21,14,35
54574,34,1,35
46736,33,2,35
51525,22,13,35
42733,26,9,35
55641,29,6,35
49311,29,6,35
53842,24,11,35
54620,30,5,35
46043,16,19,35
45218,21,14,35
62675,27,8,35
37272,27,8,35
37219,29,6,35
51773,29,6,35
34546,31,4,35
44406,30,5,35
56144,21,14,35
63993,31,4,35
59164,29,6,35
35622,19,16,35
52645,13,22,35
35082,29,6,35
35409,29,6,35
54027,22,13,35
44033,29,6,35
60892,31,4,35
40884,22,13,35
40883,34,1,35
53603,26,9,35
49285,29,6,35
41133,26,9,35
57668,19,16,35
52665,33,2,35
43071,28,7,35
51858,22,13,35
36018,31,4,35
44937,27,8,35
55733,25,10,35
57114,24,11,35
52479,25,10,35
34863,26,9,35
40034,32,3,35
65476,5,30,35
44006,32,3,35
49545,28,7,35
50175,21,14,35
49106,30,5,35
41619,24,11,35
40869,33,2,35
65382,25,10,35
54737,27,8,35
33782,29,6,35
37251,33,2,35
53920,32,3,35
46923,32,3,35
52657,34,1,35
53467,32,3,35
52112,22,13,35
52104,25,10,35
35209,31,4,35
33741,22,13,35
37973,30,5,35
36641,33,2,35
65143,31,4,35
36774,27,8,35
36952,28,7,35
53434,26,9,35
49033,32,3,35
52292,30,5,35
55756,13,22,35
51562,28,7,35
50160,19,16,35
33519,30,5,35
38338,28,7,35
47330,20,15,35
35669,27,8,35
49623,23,12,35
34300,26,9,35
34567,22,13,35
34321,20,15,35
51263,22,13,35
49987,23,12,35
54212,29,6,35
34779,31,4,35
55465,29,6,35
58215,25,10,35
54536,30,5,35
55740,23,12,35
59175,24,11,35
50263,29,6,35
56829,23,12,35
46170,31,4,35
41670,16,19,35
42826,21,14,35
47578,24,11,35
59980,26,9,35
62137,30,5,35
52278,27,8,35
60619,26,9,35
64129,35,0,35
33982,26,9,35
59573,26,9,35
35744,29,6,35
44930,21,14,35
56407,31,4,35
33736,26,9,35
55516,28,7,35
59141,33,2,35
47677,19,16,35
61788,35,0,35
52573,33,2,35
53486,29,6,35
53782,30,5,35
54733,22,13,35
55719,29,6,35
42043,28,7,35
57392,28,7,35
48047,28,7,35
43766,35,0,35
59418,26,9,35
59991,30,5,35
50582,16,19,35
40514,32,3,35
51484,30,5,35
54651,34,1,35
56978,26,9,35
60585,31,4,35
61627,31,4,35
46992,32,3,35
37936,28,7,35
53267,31,4,35
54864,23,12,35
55366,29,6,35
55706,33,2,35
55875,27,8,35
61640,34,1,35
56717,30,5,35
58214,24,11,35
60377,28,7,35
63389,35,0,35
51623,26,9,35
54184,23,12,35
54317,25,10,35
59415,25,10,35
59926,30,5,35
56322,22,13,35
56833,26,9,35
60792,29,6,35
61636,35,0,35
62855,11,24,35
62858,11,24,35
48639,31,4,35
54865,25,10,35
52105,35,0,35
38325,30,5,35
49779,27,8,35
33342,28,7,35
51627,25,10,35
40199,29,6,35
33362,31,4,35
53921,27,8,35
48403,25,10,35
41358,30,5,35
33257,27,8,35
35707,34,1,35
60877,30,5,35
46208,30,5,35
48031,27,8,35
35435,25,10,35
35820,19,16,35
52254,28,7,35
47031,32,3,35
51422,26,9,35
45451,30,5,35
33307,14,21,35
45320,32,3,35
55996,17,18,35
50688,27,8,35
50759,34,1,35
59702,29,6,35
55437,25,10,35
54084,30,5,35
60790,26,9,35
46869,27,8,35
42815,33,2,35
56324,26,9,35
56412,18,17,35
33593,30,5,35
47975,17,18,35
47230,12,23,35
56891,31,4,35
34169,27,8,35
45383,33,2,35
53469,29,6,35
54093,26,9,35
33710,34,1,35
48094,32,3,35
44314,35,0,35
46370,28,7,35
45371,29,6,35
34513,27,8,35
52423,27,8,35
48130,32,3,35
50081,32,3,35
43268,1,34,35
61443,32,3,35
44496,32,3,35
45297,33,2,35
35501,28,7,35
42686,30,5,35
60391,22,13,35
62302,32,3,35
52142,25,10,35
56883,27,8,35
57230,32,3,35
45085,31,4,35
41260,25,10,35
34247,33,2,35
45500,26,9,35
45169,29,6,35
48700,26,9,35
46639,32,3,35
38113,31,4,35
45427,13,22,35
52789,19,16,35
48719,30,5,35
44038,31,4,35
61938,5,30,35
60143,24,11,35
45487,22,13,35
41819,24,11,35
39542,33,2,35
57054,27,8,35
35591,33,2,35
42316,33,2,35
59332,26,9,35
42747,13,22,35
63155,35,0,35
38157,27,8,35
50183,30,5,35
35366,31,4,35
34378,30,5,35
55155,27,8,35
44147,12,23,35
44781,31,4,35
33068,29,6,35
40753,27,8,35
56890,28,7,35
56173,31,4,35
33756,32,3,35
9090,35,0,35
42794,31,3,34
45442,27,7,34
60125,27,7,34
48537,30,4,34
37863,20,14,34
56387,27,7,34
44431,26,8,34
48529,30,4,34
48082,25,9,34
54324,23,11,34
36234,28,6,34
53304,29,5,34
57886,24,10,34
41240,26,8,34
39935,31,3,34
46711,25,9,34
42678,28,6,34
45441,31,3,34
48701,27,7,34
45714,34,0,34
46572,31,3,34
46876,30,4,34
36595,29,5,34
41321,31,3,34
46825,26,8,34
52148,28,6,34
44596,29,5,34
39514,28,6,34
45272,31,3,34
49992,20,14,34
46890,27,7,34
47243,27,7,34
42888,32,2,34
45160,31,3,34
39879,31,3,34
43150,30,4,34
49308,26,8,34
40941,31,3,34
54111,15,19,34
45961,29,5,34
42378,26,8,34
55603,27,7,34
42903,17,17,34
48566,19,15,34
40492,20,14,34
43700,32,2,34
38991,26,8,34
59674,25,9,34
44625,26,8,34
52165,32,2,34
57466,25,9,34
37630,26,8,34
45550,33,1,34
55080,29,5,34
40192,28,6,34
39673,26,8,34
40765,25,9,34
43448,29,5,34
36367,30,4,34
53621,25,9,34
42434,27,7,34
40466,22,12,34
44842,29,5,34
58003,29,5,34
39981,30,4,34
39552,25,9,34
59694,24,10,34
60112,27,7,34
46688,27,7,34
60507,22,12,34
55194,26,8,34
36633,30,4,34
55491,29,5,34
38363,29,5,34
54090,15,19,34
42482,21,13,34
41944,21,13,34
46259,33,1,34
41997,31,3,34
38022,29,5,34
51426,25,9,34
45041,27,7,34
36877,28,6,34
36853,29,5,34
58699,34,0,34
41277,31,3,34
44394,26,8,34
53619,26,8,34
40832,31,3,34
54375,17,17,34
61160,33,1,34
52349,24,10,34
58087,30,4,34
59556,25,9,34
41984,26,8,34
46189,22,12,34
55927,16,18,34
55765,25,9,34
35918,26,8,34
40890,27,7,34
52976,24,10,34
59208,9,25,34
52765,27,7,34
40433,26,8,34
52648,19,15,34
52624,28,6,34
52241,30,4,34
42246,32,2,34
58223,22,12,34
51866,29,5,34
55703,29,5,34
51415,26,8,34
38587,7,27,34
51153,29,5,34
55705,28,6,34
55482,32,2,34
58584,23,11,34
57335,22,12,34
40952,34,0,34
58163,21,13,34
54933,31,3,34
51502,13,21,34
65029,33,1,34
51457,29,5,34
48459,31,3,34
61661,29,5,34
33096,28,6,34
47377,28,6,34
43653,31,3,34
56964,25,9,34
52036,25,9,34
40616,29,5,34
44479,5,29,34
56220,33,1,34
53601,20,14,34
62763,33,1,34
48271,31,3,34
57931,29,5,34
61460,34,0,34
45077,20,14,34
61354,32,2,34
47662,24,10,34
61046,30,4,34
59030,25,9,34
60882,28,6,34
33413,29,5,34
54848,25,9,34
32840,28,6,34
60222,28,6,34
60079,31,3,34
59633,31,3,34
50644,30,4,34
58843,32,2,34
58798,25,9,34
36427,27,7,34
46946,33,1,34
50549,31,3,34
50546,25,9,34
39642,20,14,34
37473,27,7,34
44408,21,13,34
46759,27,7,34
42276,23,11,34
47383,31,3,34
55880,15,19,34
47348,26,8,34
51889,26,8,34
53075,20,14,34
38314,24,10,34
60921,21,13,34
42624,33,1,34
39272,27,7,34
60726,21,13,34
51534,26,8,34
39798,32,2,34
39023,32,2,34
52007,31,3,34
54166,23,11,34
52053,18,16,34
53569,15,19,34
36277,26,8,34
47722,20,14,34
39202,22,12,34
39056,30,4,34
62676,34,0,34
33190,24,10,34
58219,14,20,34
43046,25,9,34
50216,21,13,34
39425,30,4,34
45452,22,12,34
35563,20,14,34
58392,30,4,34
53029,27,7,34
52719,22,12,34
42266,28,6,34
54977,28,6,34
48948,25,9,34
33192,28,6,34
56306,26,8,34
49799,19,15,34
49574,26,8,34
36320,30,4,34
48446,22,12,34
38426,28,6,34
36769,12,22,34
58030,21,13,34
56721,29,5,34
50406,30,4,34
39341,23,11,34
52891,25,9,34
50157,29,5,34
34399,29,5,34
33644,29,5,34
49704,23,11,34
61410,33,1,34
43309,23,11,34
36010,29,5,34
60774,19,15,34
45759,27,7,34
35476,27,7,34
36744,29,5,34
53149,25,9,34
36868,27,7,34
41989,30,4,34
51049,24,10,34
49813,31,3,34
36773,25,9,34
33401,28,6,34
44768,30,4,34
49549,23,11,34
35108,23,11,34
63112,33,1,34
33936,23,11,34
44448,25,9,34
37192,32,2,34
33140,23,11,34
33692,29,5,34
63781,24,10,34
60884,26,8,34
63528,12,22,34
62059,29,5,34
53514,33,1,34
56662,31,3,34
47320,22,12,34
52091,19,15,34
35258,30,4,34
50066,30,4,34
35487,22,12,34
64473,34,0,34
34924,25,9,34
51722,24,10,34
38155,26,8,34
34880,30,4,34
34221,33,1,34
34772,27,7,34
34245,21,13,34
40899,26,8,34
46584,27,7,34
56147,24,10,34
34069,29,5,34
55614,28,6,34
49653,29,5,34
34324,24,10,34
48189,22,12,34
35573,22,12,34
34745,9,25,34
35207,28,6,34
44900,20,14,34
47655,13,21,34
51429,23,11,34
56502,21,13,34
42248,28,6,34
50182,30,4,34
34960,24,10,34
41468,19,15,34
57052,31,3,34
34154,28,6,34
40891,26,8,34
34408,30,4,34
58967,30,4,34
49560,31,3,34
42951,24,10,34
55804,22,12,34
33916,23,11,34
64802,30,4,34
51704,28,6,34
43928,26,8,34
57798,21,13,34
50896,27,7,34
47267,25,9,34
37105,26,8,34
53863,23,11,34
54364,24,10,34
65100,34,0,34
41006,27,7,34
51213,21,13,34
44039,24,10,34
52181,30,4,34
55525,28,6,34
54365,29,5,34
39208,31,3,34
54387,25,9,34
55800,24,10,34
59005,8,26,34
59431,29,5,34
61062,34,0,34
35790,27,7,34
54515,27,7,34
55689,28,6,34
57525,27,7,34
58188,29,5,34
59254,29,5,34
52587,24,10,34
53605,28,6,34
53765,33,1,34
52022,28,6,34
38246,25,9,34
53667,30,4,34
56847,26,8,34
58961,24,10,34
58964,31,3,34
36092,27,7,34
56979,29,5,34
57258,28,6,34
62647,34,0,34
50698,31,3,34
53561,27,7,34
60966,28,6,34
35167,33,1,34
56490,29,5,34
41829,33,1,34
60647,20,14,34
62499,25,9,34
34284,29,5,34
55178,25,9,34
56363,26,8,34
38470,4,30,34
38271,26,8,34
34784,28,6,34
52124,16,18,34
57664,29,5,34
54247,20,14,34
35841,17,17,34
34381,25,9,34
58701,19,15,34
45417,29,5,34
44955,26,8,34
35438,28,6,34
47234,32,2,34
51607,24,10,34
47275,28,6,34
43904,24,10,34
62533,5,29,34
45519,28,6,34
60692,25,9,34
57417,33,1,34
59102,29,5,34
36985,28,6,34
44415,20,14,34
35813,33,1,34
45822,23,11,34
43255,23,11,34
55388,24,10,34
37081,29,5,34
52501,28,6,34
44989,25,9,34
57652,29,5,34
61872,5,29,34
35601,26,8,34
47003,27,7,34
57138,26,8,34
51363,28,6,34
54125,22,12,34
58117,28,6,34
59933,28,6,34
51260,18,16,34
51266,20,14,34
41195,30,4,34
55667,23,11,34
58757,23,11,34
60176,29,5,34
41440,32,2,34
36397,30,4,34
55466,26,8,34
46926,27,7,34
43778,33,1,34
45434,25,9,34
37317,31,3,34
50072,31,3,34
55735,32,2,34
53443,29,5,34
57806,29,5,34
35938,31,3,34
41328,33,1,34
39142,33,1,34
43031,29,5,34
56830,29,5,34
49082,27,7,34
48665,32,2,34
54569,26,8,34
37933,28,6,34
40118,30,4,34
49287,13,21,34
44211,25,9,34
41011,31,3,34
64366,5,29,34
58298,29,5,34
43272,34,0,34
54071,32,2,34
38264,26,8,34
59224,19,15,34
56011,28,6,34
44769,30,4,34
42315,28,6,34
46519,31,3,34
55909,33,1,34
44545,33,1,34
47307,27,7,34
33609,33,1,34
47403,25,9,34
48817,20,14,34
45220,26,8,34
48992,31,3,34
58530,24,10,34
44529,22,12,34
40155,27,7,34
44779,31,3,34
56741,30,4,34
41047,30,4,34
59595,29,5,34
42270,31,3,34
60269,29,5,34
61716,34,0,34
34796,33,1,34
55691,26,8,34
56896,28,6,34
33696,26,8,34
38533,15,19,34
51758,19,15,34
43596,31,2,33
46593,30,3,33
46792,24,9,33
58823,23,10,33
46760,33,0,33
44504,32,1,33
39621,31,2,33
45361,31,2,33
53879,26,7,33
52144,25,8,33
46720,29,4,33
52061,27,6,33
39434,26,7,33
41444,28,5,33
50684,28,5,33
43011,29,4,33
41020,26,7,33
47760,29,4,33
44805,28,5,33
58856,15,18,33
41345,28,5,33
45416,26,7,33
54423,28,5,33
37733,27,6,33
48830,17,16,33
44720,24,9,33
47625,29,4,33
40947,23,10,33
42559,26,7,33
38573,28,5,33
45876,28,5,33
46655,29,4,33
36539,28,5,33
48192,27,6,33
39131,27,6,33
45052,31,2,33
41986,25,8,33
38515,22,11,33
54444,29,4,33
36483,26,7,33
60126,29,4,33
41800,31,2,33
42480,28,5,33
48201,29,4,33
54967,30,3,33
33795,27,6,33
56882,25,8,33
46011,27,6,33
38039,27,6,33
53961,29,4,33
38492,31,2,33
38900,27,6,33
40062,24,9,33
36246,25,8,33
43728,27,6,33
57695,27,6,33
37568,27,6,33
39487,23,10,33
41416,26,7,33
48261,31,2,33
52083,15,18,33
58035,30,3,33
60148,24,9,33
50585,32,1,33
57206,16,17,33
46200,30,3,33
37905,24,9,33
59654,31,2,33
36695,24,9,33
44762,24,9,33
41658,26,7,33
38009,31,2,33
40776,25,8,33
44648,30,3,33
46050,20,13,33
38159,28,5,33
41834,27,6,33
38174,25,8,33
52009,26,7,33
37756,23,10,33
38066,21,12,33
37127,31,2,33
45969,21,12,33
37108,30,3,33
52363,29,4,33
33093,26,7,33
41936,20,13,33
48961,20,13,33
61392,29,4,33
50111,20,13,33
57613,24,9,33
54459,23,10,33
49233,23,10,33
43554,24,9,33
56157,22,11,33
54239,29,4,33
37084,21,12,33
54299,20,13,33
44786,29,4,33
44482,20,13,33
61970,29,4,33
63278,25,8,33
60569,26,7,33
53178,26,7,33
48940,23,10,33
52921,23,10,33
50422,32,1,33
38420,25,8,33
56350,21,12,33
45399,30,3,33
58832,25,8,33
47631,26,7,33
50248,26,7,33
56395,23,10,33
45001,19,14,33
52332,28,5,33
35892,29,4,33
32865,31,2,33
59370,20,13,33
52727,19,14,33
63802,7,26,33
51276,20,13,33
32910,24,9,33
63444,31,2,33
56960,24,9,33
38595,28,5,33
51240,28,5,33
60430,25,8,33
62793,29,4,33
62759,20,13,33
62756,32,1,33
62650,31,2,33
43252,31,2,33
62381,33,0,33
51901,26,7,33
49505,24,9,33
61719,32,1,33
61628,30,3,33
62017,26,7,33
61324,29,4,33
61076,28,5,33
56056,19,14,33
51960,28,5,33
56588,18,15,33
60608,17,16,33
60847,23,10,33
42485,26,7,33
60186,21,12,33
56732,23,10,33
42097,27,6,33
60035,29,4,33
46299,3,30,33
51922,27,6,33
52186,18,15,33
59412,27,6,33
62287,22,11,33
50681,30,3,33
48025,21,12,33
53265,22,11,33
60560,22,11,33
57610,24,9,33
46951,29,4,33
54792,24,9,33
49257,28,5,33
47244,27,6,33
53904,19,14,33
42656,24,9,33
43713,29,4,33
58095,12,21,33
51637,22,11,33
53246,31,2,33
46119,20,13,33
52127,17,16,33
55156,30,3,33
60055,26,7,33
36823,30,3,33
37298,30,3,33
51199,22,11,33
36702,28,5,33
45152,11,22,33
42916,29,4,33
54318,21,12,33
39179,27,6,33
48854,23,10,33
51256,19,14,33
51915,25,8,33
36576,24,9,33
44782,19,14,33
53354,26,7,33
46180,26,7,33
51321,27,6,33
51301,18,15,33
51291,30,3,33
38478,18,15,33
48127,32,1,33
60700,30,3,33
47037,19,14,33
38532,30,3,33
54890,27,6,33
33258,27,6,33
52172,25,8,33
48751,29,4,33
50191,29,4,33
55471,21,12,33
46960,32,1,33
38204,30,3,33
52820,18,15,33
59009,27,6,33
64112,32,1,33
53035,26,7,33
52454,31,2,33
54433,20,13,33
35595,26,7,33
43009,26,7,33
50025,28,5,33
45905,23,10,33
56059,24,9,33
38240,29,4,33
36283,29,4,33
55816,28,5,33
46324,21,12,33
48363,29,4,33
39046,26,7,33
54700,31,2,33
39554,28,5,33
49956,21,12,33
33645,32,1,33
52390,27,6,33
50974,26,7,33
34317,29,4,33
36535,32,1,33
34578,27,6,33
52868,26,7,33
50151,28,5,33
36008,31,2,33
60612,29,4,33
46661,32,1,33
35774,31,2,33
63929,31,2,33
64691,25,8,33
44046,28,5,33
59219,28,5,33
35002,25,8,33
38552,28,5,33
56335,14,19,33
47565,28,5,33
35174,23,10,33
33146,27,6,33
39364,21,12,33
37196,21,12,33
50821,27,6,33
57984,29,4,33
34019,23,10,33
64468,31,2,33
34919,21,12,33
57183,13,20,33
48696,26,7,33
43192,24,9,33
33024,3,30,33
57324,18,15,33
34814,30,3,33
52350,26,7,33
33438,32,1,33
49267,24,9,33
48436,23,10,33
49020,28,5,33
40022,27,6,33
53889,27,6,33
41957,28,5,33
53090,27,6,33
58797,14,19,33
38308,28,5,33
53481,26,7,33
36356,26,7,33
51529,27,6,33
56493,22,11,33
52277,28,5,33
49817,31,2,33
59500,24,9,33
35162,25,8,33
49616,32,1,33
60709,19,14,33
51825,20,13,33
44723,25,8,33
37206,7,26,33
34424,24,9,33
50110,25,8,33
52892,20,13,33
50561,8,25,33
45150,28,5,33
46384,27,6,33
48511,27,6,33
33001,27,6,33
54322,24,9,33
51167,25,8,33
34577,19,14,33
55813,24,9,33
57585,22,11,33
58748,19,14,33
39612,29,4,33
34042,24,9,33
36909,26,7,33
40586,26,7,33
41555,28,5,33
49350,28,5,33
43831,24,9,33
35611,28,5,33
60691,32,1,33
63041,10,23,33
55546,27,6,33
40374,18,15,33
39195,26,7,33
52838,27,6,33
62841,29,4,33
34558,28,5,33
52759,28,5,33
60178,30,3,33
46227,28,5,33
51121,22,11,33
53566,26,7,33
54205,14,19,33
40511,23,10,33
58546,27,6,33
60843,25,8,33
53849,25,8,33
56114,22,11,33
58993,26,7,33
62690,33,0,33
47683,25,8,33
60097,24,9,33
57826,26,7,33
57995,30,3,33
61141,31,2,33
51957,23,10,33
52646,19,14,33
42081,26,7,33
42710,28,5,33
60725,19,14,33
61835,12,21,33
62658,26,7,33
54667,9,24,33
54671,20,13,33
63144,32,1,33
55791,13,20,33
57265,29,4,33
62353,31,2,33
50731,17,16,33
51423,20,13,33
38500,21,12,33
56836,25,8,33
58673,33,0,33
32829,28,5,33
57364,16,17,33
59383,23,10,33
36935,24,9,33
46452,28,5,33
49957,22,11,33
53784,22,11,33
41768,18,15,33
46827,23,10,33
34223,25,8,33
38905,28,5,33
38460,24,9,33
43695,21,12,33
61799,32,1,33
53900,27,6,33
36966,23,10,33
61810,33,0,33
38548,26,7,33
37891,33,0,33
51499,28,5,33
60742,18,15,33
33283,30,3,33
50023,31,2,33
39511,23,10,33
56614,28,5,33
46727,26,7,33
55878,21,12,33
60330,24,9,33
55760,19,14,33
46470,25,8,33
52203,24,9,33
39474,25,8,33
40421,29,4,33
47451,25,8,33
56282,23,10,33
36016,28,5,33
57784,30,3,33
55709,29,4,33
58556,24,9,33
50703,25,8,33
50753,24,9,33
51803,24,9,33
51065,26,7,33
51159,30,3,33
39348,21,12,33
56798,20,13,33
46368,31,2,33
34736,28,5,33
48804,33,0,33
42116,27,6,33
47540,31,2,33
60113,31,2,33
48827,29,4,33
48229,31,2,33
56446,32,1,33
53847,27,6,33
47226,30,3,33
32817,23,10,33
59752,30,3,33
55980,20,13,33
60965,32,1,33
41481,27,6,33
35705,25,8,33
44851,18,15,33
52740,26,7,33
40377,28,5,33
47986,24,9,33
48045,25,8,33
49547,24,9,33
59056,31,2,33
33509,31,2,33
42420,29,4,33
39143,30,3,33
48423,10,23,33
47675,31,2,33
46810,29,4,33
41434,30,3,33
45186,32,1,33
46801,30,3,33
56669,28,5,33
57785,30,3,33
46809,25,8,33
46788,23,10,33
35838,28,5,33
33495,32,1,33
56581,25,8,33
34184,27,6,33
48717,29,4,33
44229,32,1,33
62689,33,0,33
46009,32,1,33
42945,29,4,33
37918,27,6,33
35810,33,0,33
47091,25,8,33
46642,11,22,33
45397,29,4,33
56131,30,3,33
34309,23,10,33
39708,29,4,33
42751,26,7,33
57300,29,4,33
35440,32,1,33
42193,30,3,33
58968,27,6,33
42311,30,3,33
59317,32,1,33
41524,25,8,33
39772,32,1,33
41759,30,3,33
46568,32,1,33
43912,30,3,33
56653,25,8,33
61608,33,0,33
51617,20,13,33
40918,30,3,33
57802,23,10,33
39119,26,7,33
44286,31,2,33
47595,29,4,33
42233,31,2,33
40659,30,2,32
47295,23,9,32
55854,21,11,32
37809,30,2,32
47970,15,17,32
36426,24,8,32
49710,29,3,32
52057,28,4,32
44732,12,20,32
48477,23,9,32
42083,24,8,32
52773,20,12,32
38474,26,6,32
36604,28,4,32
44608,24,8,32
45216,27,5,32
41615,17,15,32
54434,26,6,32
55737,23,9,32
45869,25,7,32
57729,28,4,32
47132,25,7,32
45713,29,3,32
33764,29,3,32
49475,23,9,32
40708,24,8,32
38203,29,3,32
46943,27,5,32
58162,24,8,32
44107,23,9,32
39906,22,10,32
56500,28,4,32
49304,31,1,32
49796,23,9,32
48328,25,7,32
44730,27,5,32
44446,29,3,32
40725,29,3,32
55203,28,4,32
43287,26,6,32
48890,25,7,32
49807,23,9,32
46548,28,4,32
48471,22,10,32
47551,30,2,32
42288,27,5,32
54604,31,1,32
38076,14,18,32
44478,26,6,32
36495,30,2,32
41690,24,8,32
49730,23,9,32
58120,11,21,32
44570,17,15,32
40425,28,4,32
45573,23,9,32
38374,19,13,32
36762,30,2,32
37921,24,8,32
47799,22,10,32
46807,31,1,32
60762,28,4,32
56163,26,6,32
48919,27,5,32
50118,23,9,32
43092,29,3,32
60238,20,12,32
60900,21,11,32
37500,26,6,32
38906,30,2,32
48478,25,7,32
41562,23,9,32
56272,20,12,32
41577,23,9,32
36614,28,4,32
52929,17,15,32
58137,17,15,32
39870,23,9,32
49015,23,9,32
43368,23,9,32
37499,19,13,32
45325,29,3,32
48914,27,5,32
41361,23,9,32
48011,25,7,32
49040,27,5,32
41296,25,7,32
40242,28,4,32
61647,32,0,32
60773,25,7,32
52404,21,11,32
40417,17,15,32
46872,23,9,32
57491,18,14,32
49232,7,25,32
54614,25,7,32
52238,18,14,32
52163,19,13,32
48952,24,8,32
52096,17,15,32
52251,23,9,32
52718,29,3,32
53396,28,4,32
53353,31,1,32
46023,20,12,32
46731,24,8,32
46326,12,20,32
37075,23,9,32
60141,22,10,32
55423,19,13,32
53193,25,7,32
43041,25,7,32
33761,27,5,32
59673,18,14,32
38554,24,8,32
44996,32,0,32
52803,18,14,32
49850,19,13,32
56074,15,17,32
43107,29,3,32
34783,26,6,32
51684,20,12,32
53625,20,12,32
59657,23,9,32
43402,30,2,32
50090,27,5,32
51449,20,12,32
47877,24,8,32
51388,31,1,32
59996,17,15,32
33220,25,7,32
51138,23,9,32
49962,21,11,32
53947,18,14,32
64217,31,1,32
62968,32,0,32
62966,27,5,32
62965,26,6,32
62902,5,27,32
62400,32,0,32
46577,25,7,32
54844,25,7,32
61351,30,2,32
61205,32,0,32
50442,27,5,32
59191,22,10,32
59044,18,14,32
40350,19,13,32
60359,18,14,32
60864,25,7,32
50922,28,4,32
60623,27,5,32
60013,19,13,32
48560,27,5,32
55931,11,21,32
36756,26,6,32
48506,10,22,32
47093,21,11,32
41184,28,4,32
47369,26,6,32
57079,23,9,32
58753,29,3,32
61181,21,11,32
51090,24,8,32
47018,19,13,32
59613,27,5,32
50516,30,2,32
44979,21,11,32
48268,24,8,32
48256,28,4,32
58093,23,9,32
57447,18,14,32
53595,18,14,32
53535,28,4,32
49242,18,14,32
61088,26,6,32
52839,16,16,32
51869,28,4,32
37436,26,6,32
51861,20,12,32
57517,19,13,32
51201,22,10,32
45305,25,7,32
44310,31,1,32
33539,23,9,32
51255,20,12,32
47507,31,1,32
59551,30,2,32
43810,23,9,32
58983,29,3,32
51695,19,13,32
44491,18,14,32
37618,28,4,32
50153,26,6,32
44035,27,5,32
45067,26,6,32
59049,20,12,32
60083,24,8,32
63783,26,6,32
65104,30,2,32
45177,13,19,32
55514,22,10,32
36380,25,7,32
36122,21,11,32
60628,27,5,32
35508,26,6,32
48977,29,3,32
60326,25,7,32
37851,25,7,32
39836,26,6,32
53477,19,13,32
48650,30,2,32
35236,18,14,32
35590,23,9,32
48064,27,5,32
51282,21,11,32
34080,23,9,32
44933,16,16,32
33804,26,6,32
41001,26,6,32
37300,23,9,32
37259,28,4,32
43803,26,6,32
40671,17,15,32
46426,22,10,32
50372,24,8,32
54654,17,15,32
51909,18,14,32
57755,23,9,32
32990,22,10,32
45104,23,9,32
36055,23,9,32
41255,21,11,32
54789,21,11,32
36120,20,12,32
45415,26,6,32
48819,28,4,32
34852,28,4,32
53777,26,6,32
48612,23,9,32
33872,29,3,32
42592,22,10,32
47468,29,3,32
34944,25,7,32
35374,15,17,32
34163,23,9,32
47030,24,8,32
63390,32,0,32
48811,22,10,32
48093,30,2,32
34231,28,4,32
49600,22,10,32
53165,24,8,32
33902,26,6,32
35178,28,4,32
41978,19,13,32
48779,21,11,32
56189,31,1,32
42027,24,8,32
63914,32,0,32
34483,30,2,32
49220,24,8,32
41124,24,8,32
40815,27,5,32
55988,28,4,32
56886,21,11,32
34697,23,9,32
53925,28,4,32
56271,23,9,32
52320,21,11,32
64937,27,5,32
35294,19,13,32
34193,4,28,32
56149,22,10,32
48683,30,2,32
52993,20,12,32
58996,24,8,32
34420,28,4,32
36993,27,5,32
39415,27,5,32
50158,25,7,32
33796,30,2,32
35107,28,4,32
64862,24,8,32
35373,29,3,32
39663,27,5,32
61854,11,21,32
34854,12,20,32
41483,26,6,32
56447,26,6,32
51785,23,9,32
60657,28,4,32
33536,26,6,32
58737,14,18,32
36187,25,7,32
50233,25,7,32
61466,22,10,32
35843,26,6,32
55231,24,8,32
53954,26,6,32
65291,5,27,32
35720,20,12,32
36045,19,13,32
63539,5,27,32
34371,21,11,32
53970,27,5,32
56509,21,11,32
53292,24,8,32
47181,23,9,32
48308,29,3,32
35254,24,8,32
42785,21,11,32
52283,28,4,32
53990,30,2,32
51705,19,13,32
54361,27,5,32
53226,17,15,32
56301,28,4,32
47423,25,7,32
62836,31,1,32
54253,24,8,32
63945,32,0,32
53386,22,10,32
56374,30,2,32
55508,25,7,32
61363,28,4,32
59352,22,10,32
34618,19,13,32
53106,24,8,32
53584,29,3,32
44169,29,3,32
56218,27,5,32
59060,29,3,32
60047,28,4,32
44880,31,1,32
61618,31,1,32
63570,32,0,32
55291,25,7,32
62687,25,7,32
61134,31,1,32
51600,19,13,32
53517,27,5,32
62156,32,0,32
61755,23,9,32
43930,19,13,32
43281,26,6,32
56715,13,19,32
56674,27,5,32
57764,18,14,32
43116,20,12,32
52269,23,9,32
53455,25,7,32
40229,27,5,32
58608,24,8,32
46743,24,8,32
38652,13,19,32
40135,27,5,32
52915,19,13,32
52611,22,10,32
40942,23,9,32
44360,20,12,32
45076,25,7,32
44595,25,7,32
34147,17,15,32
61836,11,21,32
54450,24,8,32
51572,28,4,32
34962,20,12,32
51296,25,7,32
41520,27,5,32
59007,26,6,32
35815,23,9,32
36850,27,5,32
39911,30,2,32
36458,19,13,32
38939,29,3,32
34049,26,6,32
54793,22,10,32
55750,25,7,32
36530,25,7,32
55448,24,8,32
51877,28,4,32
55666,24,8,32
51974,11,21,32
53213,26,6,32
47014,29,3,32
38031,31,1,32
40255,27,5,32
36329,32,0,32
45480,22,10,32
42196,29,3,32
43165,25,7,32
56367,25,7,32
34258,15,17,32
37826,29,3,32
37543,18,14,32
40351,29,3,32
43871,25,7,32
50181,23,9,32
42216,28,4,32
47186,15,17,32
36017,21,11,32
43857,20,12,32
45420,30,2,32
33334,27,5,32
47934,23,9,32
43154,20,12,32
45758,31,1,32
55228,27,5,32
34795,13,19,32
44179,28,4,32
55832,19,13,32
58837,28,4,32
55511,31,1,32
53471,28,4,32
48425,24,8,32
35046,24,8,32
54074,31,1,32
48540,26,6,32
54489,28,4,32
41419,21,11,32
33798,28,4,32
65177,5,27,32
34275,20,12,32
58963,24,8,32
60106,27,5,32
59684,26,6,32
45446,27,5,32
42054,28,4,32
48798,26,6,32
46482,28,4,32
39151,28,4,32
43331,31,1,32
51937,26,6,32
35779,27,5,32
43073,19,13,32
35818,30,2,32
56136,25,7,32
37868,27,5,32
34112,28,4,32
46972,27,5,32
40634,28,4,32
48842,27,5,32
48885,30,2,32
60779,22,10,32
40185,28,4,32
58364,31,1,32
55268,27,5,32
54288,24,8,32
33769,22,10,32
38379,25,7,32
37838,30,2,32
44025,28,4,32
43264,1,31,32
54814,25,7,32
47640,32,0,32
37482,22,10,32
55985,29,3,32
89,32,0,32
56266,18,14,32
63097,31,1,32
37661,23,9,32
34356,5,27,32
42446,29,3,32
38091,19,13,32
43581,27,4,31
37458,28,3,31
49495,24,7,31
43906,23,8,31
37455,26,5,31
38854,15,16,31
36261,19,12,31
43017,22,9,31
57697,25,6,31
40279,21,10,31
38543,28,3,31
57690,22,9,31
33560,26,5,31
45422,25,6,31
44077,23,8,31
54988,21,10,31
44845,22,9,31
43568,28,3,31
52798,24,7,31
55919,29,2,31
46880,27,4,31
42781,20,11,31
40306,29,2,31
56701,24,7,31
38366,27,4,31
42101,19,12,31
36422,23,8,31
41616,29,2,31
38052,27,4,31
42907,24,7,31
47110,22,9,31
38130,29,2,31
43517,25,6,31
45981,27,4,31
42972,25,6,31
50931,24,7,31
41835,26,5,31
46652,28,3,31
45865,28,3,31
56457,28,3,31
36214,30,1,31
56770,28,3,31
36499,24,7,31
57640,27,4,31
46298,30,1,31
44277,18,13,31
39441,23,8,31
36446,31,0,31
57311,23,8,31
58592,23,8,31
44290,30,1,31
39147,26,5,31
46359,15,16,31
44738,9,22,31
46947,15,16,31
41787,24,7,31
52088,26,5,31
36917,26,5,31
39778,30,1,31
60853,19,12,31
42492,22,9,31
49072,29,2,31
37513,3,28,31
46592,29,2,31
45584,27,4,31
44815,23,8,31
40272,28,3,31
40145,21,10,31
46902,29,2,31
42772,20,11,31
60938,23,8,31
33983,27,4,31
36616,19,12,31
47263,22,9,31
54413,26,5,31
41913,27,4,31
57100,30,1,31
33030,26,5,31
38042,28,3,31
37553,24,7,31
46238,28,3,31
48551,28,3,31
39821,29,2,31
55170,27,4,31
44335,11,20,31
45646,25,6,31
37635,28,3,31
39238,20,11,31
39961,20,11,31
43314,25,6,31
36021,28,3,31
53875,24,7,31
37148,24,7,31
44861,24,7,31
35981,23,8,31
35974,20,11,31
42652,19,12,31
37114,27,4,31
41275,27,4,31
42204,19,12,31
40921,24,7,31
52370,23,8,31
61144,31,0,31
44859,21,10,31
41243,27,4,31
58291,24,7,31
41226,27,4,31
41723,27,4,31
35190,23,8,31
57091,19,12,31
49228,21,10,31
55582,19,12,31
58661,7,24,31
52141,23,8,31
52122,25,6,31
44660,20,11,31
44214,19,12,31
62987,27,4,31
52767,26,5,31
58067,15,16,31
52720,27,4,31
52604,23,8,31
57634,21,10,31
56120,26,5,31
55617,22,9,31
61304,23,8,31
51579,24,7,31
46267,26,5,31
43525,22,9,31
43657,27,4,31
54599,22,9,31
64167,27,4,31
48633,25,6,31
63995,31,0,31
59920,17,14,31
45954,22,9,31
40581,27,4,31
53132,29,2,31
56729,20,11,31
55478,23,8,31
48314,20,11,31
61742,31,0,31
61722,28,3,31
61516,31,0,31
61449,30,1,31
48186,22,9,31
47370,27,4,31
61353,29,2,31
36867,22,9,31
61075,27,4,31
60724,15,16,31
60627,17,14,31
44372,21,10,31
43853,25,6,31
48497,25,6,31
60070,23,8,31
39293,20,11,31
37040,28,3,31
48452,25,6,31
59211,25,6,31
50351,25,6,31
40944,15,16,31
60120,23,8,31
50607,25,6,31
60563,25,6,31
47017,27,4,31
64687,21,10,31
60379,26,5,31
50457,21,10,31
53791,20,11,31
63997,31,0,31
53250,30,1,31
52636,13,18,31
51948,17,14,31
44371,24,7,31
60713,19,12,31
51895,27,4,31
34644,24,7,31
35496,20,11,31
59524,26,5,31
53011,29,2,31
42666,24,7,31
47917,28,3,31
61052,27,4,31
60920,16,15,31
35069,28,3,31
51765,29,2,31
61694,5,26,31
43216,23,8,31
36463,30,1,31
55847,15,16,31
39740,20,11,31
37109,25,6,31
39447,17,14,31
61948,14,17,31
63980,24,7,31
43677,26,5,31
40341,21,10,31
59197,23,8,31
51680,20,11,31
52474,24,7,31
58380,20,11,31
54765,8,23,31
33138,5,26,31
48974,21,10,31
62219,30,1,31
55861,15,16,31
38763,25,6,31
41534,28,3,31
44387,28,3,31
35562,27,4,31
58734,25,6,31
37268,28,3,31
50869,29,2,31
39426,23,8,31
36041,27,4,31
49969,19,12,31
58763,25,6,31
58200,25,6,31
54407,28,3,31
50927,21,10,31
63998,31,0,31
63223,31,0,31
41945,26,5,31
37218,16,15,31
35659,27,4,31
34932,26,5,31
53435,20,11,31
41125,23,8,31
35307,24,7,31
34595,21,10,31
62091,30,1,31
43446,7,24,31
64689,27,4,31
64699,25,6,31
50845,24,7,31
32982,23,8,31
50925,27,4,31
53429,23,8,31
45318,19,12,31
37002,28,3,31
52385,21,10,31
64239,13,18,31
41639,27,4,31
34086,26,5,31
49262,28,3,31
48091,24,7,31
48839,24,7,31
62222,31,0,31
64693,21,10,31
56003,21,10,31
65227,22,9,31
34370,25,6,31
33680,25,6,31
33515,26,5,31
34060,25,6,31
46408,21,10,31
33673,22,9,31
51522,19,12,31
65166,27,4,31
64134,31,0,31
64414,31,0,31
49501,26,5,31
35804,30,1,31
64092,14,17,31
36023,21,10,31
44047,21,10,31
42467,22,9,31
34650,25,6,31
34621,19,12,31
53493,25,6,31
34199,26,5,31
56905,29,2,31
64662,28,3,31
50512,22,9,31
34664,21,10,31
37253,19,12,31
62207,27,4,31
34893,25,6,31
33171,23,8,31
58651,19,12,31
45111,26,5,31
51970,12,19,31
33747,28,3,31
53485,13,18,31
59909,22,9,31
41165,29,2,31
49905,23,8,31
48369,23,8,31
41513,14,17,31
35349,20,11,31
58702,25,6,31
41329,25,6,31
43339,24,7,31
49967,24,7,31
34815,24,7,31
38802,18,13,31
56787,17,14,31
34743,23,8,31
43317,18,13,31
43044,12,19,31
56773,19,12,31
49517,17,14,31
63627,31,0,31
62351,27,4,31
64652,31,0,31
54319,22,9,31
58535,21,10,31
50565,22,9,31
35773,26,5,31
65205,13,18,31
33878,29,2,31
44309,29,2,31
34515,23,8,31
35593,21,10,31
35412,18,13,31
42318,27,4,31
59306,28,3,31
57616,18,13,31
34770,23,8,31
51585,24,7,31
46473,23,8,31
35243,26,5,31
64079,31,0,31
34340,28,3,31
62844,31,0,31
51689,20,11,31
47428,29,2,31
56200,27,4,31
57204,27,4,31
45306,29,2,31
52025,16,15,31
37035,25,6,31
53107,19,12,31
53855,27,4,31
57689,25,6,31
43293,29,2,31
52114,18,13,31
52652,25,6,31
55569,11,20,31
61448,30,1,31
61454,30,1,31
63279,31,0,31
56124,26,5,31
56775,25,6,31
61312,29,2,31
61477,26,5,31
47885,11,20,31
49095,26,5,31
54476,25,6,31
57338,21,10,31
60642,23,8,31
61754,25,6,31
34349,25,6,31
35737,23,8,31
33324,24,7,31
46211,24,7,31
58426,14,17,31
35746,23,8,31
58936,22,9,31
42462,24,7,31
60988,23,8,31
62489,7,24,31
51195,22,9,31
63930,23,8,31
42687,24,7,31
38727,24,7,31
41779,31,0,31
52304,25,6,31
36978,18,13,31
54183,24,7,31
61824,30,1,31
55989,28,3,31
61187,29,2,31
54134,20,11,31
60940,26,5,31
39062,21,10,31
35503,16,15,31
39762,30,1,31
56410,25,6,31
54862,25,6,31
40741,20,11,31
34599,19,12,31
36114,29,2,31
52328,25,6,31
55581,19,12,31
53941,28,3,31
57608,21,10,31
44569,29,2,31
52257,24,7,31
60879,28,3,31
42171,14,17,31
58992,12,19,31
55744,28,3,31
51239,24,7,31
56799,16,15,31
45244,23,8,31
59545,29,2,31
61382,29,2,31
42525,16,15,31
41099,22,9,31
45833,24,7,31
55193,26,5,31
36424,19,12,31
35342,27,4,31
48100,29,2,31
35857,27,4,31
60781,26,5,31
42745,27,4,31
41952,30,1,31
42997,25,6,31
46968,20,11,31
56687,17,14,31
44515,24,7,31
48951,26,5,31
40270,26,5,31
58282,30,1,31
55785,27,4,31
55445,28,3,31
40532,26,5,31
46062,29,2,31
58368,25,6,31
41273,26,5,31
59805,25,6,31
47012,26,5,31
58090,22,9,31
37859,27,4,31
46896,28,3,31
48390,27,4,31
46643,24,7,31
55831,28,3,31
39587,30,1,31
51334,9,22,31
57528,25,6,31
50949,28,3,31
41244,23,8,31
41641,26,5,31
56817,23,8,31
35909,25,6,31
42033,23,8,31
47199,26,5,31
48553,25,6,31
40444,28,3,31
56522,22,9,31
56162,18,13,31
55567,25,6,31
42142,12,19,31
47607,14,17,31
42382,25,6,31
38148,31,0,31
45488,29,2,31
61037,31,0,31
32906,28,3,31
42464,26,5,31
46586,27,4,31
40273,25,6,31
40583,29,2,31
38321,30,1,31
38416,29,2,31
38730,30,1,31
59634,30,1,31
33698,30,0,30
40995,24,6,30
44363,22,8,30
46797,25,5,30
42212,25,5,30
40096,23,7,30
36276,26,4,30
41750,28,2,30
56461,27,3,30
58268,20,10,30
46784,28,2,30
44862,22,8,30
44760,23,7,30
44236,25,5,30
39175,26,4,30
41208,24,6,30
48143,26,4,30
40791,24,6,30
56193,29,1,30
38711,29,1,30
43027,16,14,30
47242,21,9,30
60285,22,8,30
54430,20,10,30
52219,29,1,30
57344,25,5,30
38339,3,27,30
46620,15,15,30
52856,24,6,30
48846,25,5,30
42583,20,10,30
51080,22,8,30
55234,16,14,30
36656,23,7,30
39039,28,2,30
36573,26,4,30
42411,24,6,30
44737,23,7,30
48670,24,6,30
46874,16,14,30
56756,25,5,30
57766,24,6,30
47057,28,2,30
55244,28,2,30
41705,21,9,30
54410,17,13,30
45830,21,9,30
43634,25,5,30
47139,26,4,30
55602,18,12,30
47709,24,6,30
47089,22,8,30
38081,28,2,30
44426,23,7,30
41607,23,7,30
44850,21,9,30
48038,24,6,30
36625,20,10,30
48340,25,5,30
58582,21,9,30
36892,20,10,30
45464,24,6,30
47283,25,5,30
46983,24,6,30
46480,25,5,30
36291,22,8,30
41140,23,7,30
59367,22,8,30
60348,25,5,30
55504,26,4,30
60706,20,10,30
38516,26,4,30
54431,28,2,30
40727,26,4,30
32789,24,6,30
43129,23,7,30
47188,22,8,30
39632,29,1,30
42650,16,14,30
40862,28,2,30
45545,27,3,30
42630,22,8,30
46239,27,3,30
41050,20,10,30
40286,20,10,30
43254,24,6,30
39305,19,11,30
43813,26,4,30
53604,24,6,30
49092,21,9,30
46466,23,7,30
57284,22,8,30
58711,19,11,30
42282,27,3,30
42561,23,7,30
45774,15,15,30
38330,21,9,30
56521,26,4,30
45899,12,18,30
37408,22,8,30
37139,23,7,30
56695,27,3,30
38722,24,6,30
36765,20,10,30
45002,24,6,30
37739,27,3,30
60765,20,10,30
35942,6,24,30
59245,27,3,30
57601,24,6,30
59351,18,12,30
59344,19,11,30
41707,28,2,30
38286,19,11,30
52252,27,3,30
54298,21,9,30
49639,18,12,30
50937,22,8,30
32781,17,13,30
49120,15,15,30
52954,19,11,30
56656,22,8,30
52757,28,2,30
52712,23,7,30
52365,24,6,30
52339,29,1,30
58066,17,13,30
58224,22,8,30
46750,28,2,30
36684,24,6,30
37461,25,5,30
42164,19,11,30
58506,20,10,30
46866,26,4,30
33061,19,11,30
43363,24,6,30
51619,10,20,30
49483,26,4,30
63329,5,25,30
50251,24,6,30
43644,25,5,30
34576,25,5,30
54132,25,5,30
55185,26,4,30
52173,25,5,30
58807,16,14,30
51446,19,11,30
51395,24,6,30
45468,20,10,30
46846,25,5,30
43421,23,7,30
63779,22,8,30
54921,20,10,30
63621,25,5,30
63239,29,1,30
38749,6,24,30
51192,14,16,30
62681,25,5,30
42107,24,6,30
48295,28,2,30
56819,18,12,30
45581,13,17,30
56663,21,9,30
61451,22,8,30
33525,27,3,30
51804,24,6,30
61084,29,1,30
50909,24,6,30
47681,19,11,30
50868,18,12,30
61744,26,4,30
60100,17,13,30
60064,26,4,30
60022,21,9,30
52353,8,22,30
46013,25,5,30
42873,22,8,30
59260,30,0,30
59204,25,5,30
47166,22,8,30
52702,12,18,30
47774,27,3,30
62767,25,5,30
41748,15,15,30
50530,29,1,30
57962,25,5,30
44863,25,5,30
50513,24,6,30
39230,26,4,30
50471,22,8,30
57489,21,9,30
57420,28,2,30
53069,22,8,30
46336,20,10,30
55411,22,8,30
56777,10,20,30
56774,26,4,30
48956,23,7,30
45912,23,7,30
52585,24,6,30
34975,30,0,30
49438,29,1,30
37771,27,3,30
52577,14,16,30
60287,29,1,30
40594,24,6,30
37222,25,5,30
42506,25,5,30
60671,24,6,30
44094,23,7,30
36677,24,6,30
48768,21,9,30
48747,27,3,30
51767,25,5,30
52795,20,10,30
61356,24,6,30
52033,21,9,30
54975,21,9,30
49414,28,2,30
40688,21,9,30
40076,20,10,30
55378,24,6,30
40829,24,6,30
56549,8,22,30
62782,24,6,30
33828,25,5,30
44121,18,12,30
42760,23,7,30
52713,28,2,30
61133,30,0,30
41897,27,3,30
47750,23,7,30
57830,29,1,30
35626,18,12,30
37262,25,5,30
51633,30,0,30
52715,24,6,30
33271,25,5,30
34084,22,8,30
37599,23,7,30
33430,24,6,30
60856,26,4,30
37792,19,11,30
51924,21,9,30
47754,26,4,30
40882,20,10,30
60972,20,10,30
33817,25,5,30
50647,26,4,30
36163,25,5,30
64898,26,4,30
65199,30,0,30
34902,25,5,30
33350,28,2,30
50036,19,11,30
64793,11,19,30
52916,21,9,30
38632,17,13,30
49292,25,5,30
49615,21,9,30
34884,22,8,30
49266,28,2,30
55007,28,2,30
33937,25,5,30
37375,29,1,30
34436,25,5,30
41972,26,4,30
52663,27,3,30
39608,27,3,30
48843,20,10,30
43893,22,8,30
49998,26,4,30
35456,27,3,30
43753,24,6,30
35631,27,3,30
35250,15,15,30
65024,26,4,30
64262,17,13,30
37598,22,8,30
36069,23,7,30
52409,19,11,30
52655,24,6,30
64486,30,0,30
53960,20,10,30
53862,23,7,30
37600,25,5,30
35539,24,6,30
55150,22,8,30
49972,26,4,30
59234,19,11,30
44584,20,10,30
51144,25,5,30
46746,21,9,30
34941,15,15,30
36102,26,4,30
34722,24,6,30
55449,20,10,30
42847,25,5,30
42348,20,10,30
55501,9,21,30
35949,15,15,30
44299,23,7,30
41354,25,5,30
46431,25,5,30
46609,26,4,30
48175,27,3,30
34640,26,4,30
33262,27,3,30
58566,13,17,30
60381,20,10,30
52877,19,11,30
52095,19,11,30
36569,24,6,30
55721,27,3,30
38701,24,6,30
46218,29,1,30
65061,21,9,30
34550,28,2,30
35085,25,5,30
57516,26,4,30
43842,28,2,30
54363,28,2,30
40419,22,8,30
61330,24,6,30
48060,21,9,30
50657,28,2,30
52038,19,11,30
57971,21,9,30
55716,25,5,30
43760,29,1,30
58939,24,6,30
63428,27,3,30
34308,8,22,30
37735,18,12,30
55051,23,7,30
56023,22,8,30
53590,28,2,30
58191,24,6,30
59073,20,10,30
62710,30,0,30
63780,5,25,30
50595,24,6,30
36317,20,10,30
52208,24,6,30
57818,11,19,30
58989,18,12,30
62344,26,4,30
63034,26,4,30
34758,24,6,30
58306,21,9,30
52491,18,12,30
54305,21,9,30
42019,12,18,30
32901,26,4,30
55289,26,4,30
56941,13,17,30
56946,23,7,30
58558,22,8,30
61676,28,2,30
55580,21,9,30
59930,23,7,30
62500,22,8,30
61757,26,4,30
58232,24,6,30
60917,17,13,30
51663,19,11,30
35753,21,9,30
48243,26,4,30
38342,17,13,30
35648,26,4,30
36981,25,5,30
47935,21,9,30
47573,26,4,30
55840,7,23,30
61807,30,0,30
54045,25,5,30
60514,23,7,30
48023,20,10,30
52897,21,9,30
39136,22,8,30
60661,19,11,30
44219,23,7,30
44678,21,9,30
37810,23,7,30
53169,15,15,30
35516,28,2,30
39765,27,3,30
45862,18,12,30
57017,23,7,30
59026,21,9,30
51764,22,8,30
42084,14,16,30
55918,27,3,30
55679,19,11,30
52534,24,6,30
51719,26,4,30
52045,19,11,30
44189,24,6,30
37867,23,7,30
32777,26,4,30
48368,28,2,30
42981,30,0,30
46928,25,5,30
55476,22,8,30
39925,23,7,30
48351,27,3,30
47167,28,2,30
43844,22,8,30
45381,23,7,30
36001,21,9,30
42298,26,4,30
46201,29,1,30
39388,25,5,30
38383,15,15,30
58648,22,8,30
46098,25,5,30
48906,28,2,30
40595,25,5,30
41463,20,10,30
54474,23,7,30
48067,16,14,30
45448,30,0,30
46423,27,3,30
51401,29,1,30
39019,29,1,30
42544,25,5,30
53345,17,13,30
38200,21,9,30
46451,11,19,30
47357,25,5,30
54122,17,13,30
55108,29,1,30
50273,27,3,30
57718,27,3,30
46193,22,8,30
38778,23,7,30
47318,27,3,30
62910,25,5,30
44288,25,5,30
45132,11,19,30
44943,27,3,30
46599,25,5,30
40632,23,7,30
47825,28,2,30
37457,22,8,30
37873,28,2,30
39846,24,6,30
55287,24,6,30
40810,24,6,30
49121,30,0,30
43077,21,9,30
43630,12,18,30
42739,26,4,30
45778,23,7,30
39712,28,2,30
42303,24,6,30
35612,25,5,30
61373,30,0,30
61918,30,0,30
51738,28,2,30
59078,27,3,30
58954,26,4,30
59951,25,5,30
63476,30,0,30
43307,27,3,30
56134,28,2,30
40998,29,1,30
57084,30,0,30
52732,22,7,29
42556,28,1,29
55409,12,17,29
55358,24,5,29
55592,5,24,29
56488,22,7,29
60590,21,8,29
44743,20,9,29
44741,26,3,29
37789,27,2,29
39531,24,5,29
45064,20,9,29
44735,26,3,29
41714,15,14,29
40412,18,11,29
59318,23,6,29
36243,18,11,29
46276,25,4,29
50223,23,6,29
40479,21,8,29
38104,25,4,29
45523,19,10,29
42986,23,6,29
37339,11,18,29
40525,26,3,29
44763,24,5,29
43897,21,8,29
46998,16,13,29
56949,25,4,29
40518,23,6,29
42300,27,2,29
45861,21,8,29
49030,25,4,29
39494,20,9,29
54585,26,3,29
39734,24,5,29
44872,21,8,29
51381,15,14,29
47086,22,7,29
45081,19,10,29
46654,5,24,29
33139,19,10,29
47054,23,6,29
33473,27,2,29
60496,23,6,29
53598,14,15,29
36447,18,11,29
53500,26,3,29
42578,25,4,29
38751,14,15,29
40593,14,15,29
55922,25,4,29
44350,26,3,29
46635,22,7,29
54702,25,4,29
48284,24,5,29
45530,24,5,29
44539,28,1,29
44146,20,9,29
41301,22,7,29
60361,23,6,29
39905,24,5,29
47021,28,1,29
47847,24,5,29
60449,24,5,29
41550,25,4,29
36567,13,16,29
48330,16,13,29
38994,24,5,29
58994,28,1,29
39281,27,2,29
48206,27,2,29
57646,21,8,29
36776,25,4,29
46976,23,6,29
40799,20,9,29
45828,25,4,29
43535,20,9,29
40542,16,13,29
43354,26,3,29
45240,22,7,29
36745,29,0,29
42681,19,10,29
48171,18,11,29
42306,19,10,29
36711,26,3,29
43326,21,8,29
60417,22,7,29
36703,25,4,29
36720,19,10,29
52512,26,3,29
39480,25,4,29
47425,19,10,29
60208,27,2,29
57058,25,4,29
32794,23,6,29
47028,24,5,29
47725,18,11,29
36544,26,3,29
47218,22,7,29
46636,21,8,29
44015,15,14,29
45780,25,4,29
37129,18,11,29
42939,19,10,29
47697,16,13,29
41225,25,4,29
54211,21,8,29
43189,24,5,29
61153,29,0,29
61150,24,5,29
61139,25,4,29
61140,29,0,29
47669,19,10,29
48347,21,8,29
60128,23,6,29
52266,9,20,29
57787,22,7,29
56089,12,17,29
37456,18,11,29
56078,22,7,29
49949,26,3,29
52911,19,10,29
39696,14,15,29
35920,28,1,29
42685,21,8,29
33551,21,8,29
56334,21,8,29
52578,22,7,29
63497,23,6,29
59938,23,6,29
41476,21,8,29
44072,26,3,29
58199,20,9,29
52679,23,6,29
53269,22,7,29
48510,21,8,29
44022,26,3,29
41236,27,2,29
42818,21,8,29
50299,24,5,29
39820,29,0,29
35997,20,9,29
52361,23,6,29
63016,10,19,29
64421,29,0,29
54562,16,13,29
41760,24,5,29
32953,24,5,29
63601,10,19,29
54508,20,9,29
32797,22,7,29
50677,27,2,29
52289,22,7,29
63551,14,15,29
64344,25,4,29
63069,25,4,29
59241,17,12,29
52539,10,19,29
54259,20,9,29
37054,22,7,29
47447,22,7,29
47413,22,7,29
49798,18,11,29
61574,28,1,29
50552,15,14,29
60135,25,4,29
44747,16,13,29
56054,19,10,29
43661,25,4,29
60916,20,9,29
53552,21,8,29
57037,12,17,29
36217,20,9,29
54267,15,14,29
43515,24,5,29
53459,25,4,29
59730,19,10,29
61313,25,4,29
37046,22,7,29
40460,16,13,29
40097,20,9,29
54210,19,10,29
59212,20,9,29
50648,19,10,29
58477,28,1,29
54540,19,10,29
58587,20,9,29
40624,29,0,29
54543,24,5,29
58919,20,9,29
53567,11,18,29
47436,19,10,29
47990,26,3,29
53158,24,5,29
33013,25,4,29
44725,22,7,29
47488,18,11,29
46753,14,15,29
44553,16,13,29
48117,16,13,29
35311,19,10,29
54091,25,4,29
52601,19,10,29
36238,26,3,29
52092,25,4,29
36689,23,6,29
39395,18,11,29
35528,24,5,29
57625,5,24,29
39401,18,11,29
39327,14,15,29
61242,24,5,29
45032,10,19,29
48035,10,19,29
33088,17,12,29
65526,20,9,29
37291,29,0,29
59911,24,5,29
44367,22,7,29
49758,21,8,29
47791,23,6,29
61951,29,0,29
43461,24,5,29
51987,12,17,29
35972,15,14,29
58761,25,4,29
36049,24,5,29
34009,22,7,29
34216,21,8,29
51932,17,12,29
37278,16,13,29
40486,24,5,29
44513,16,13,29
48103,22,7,29
34638,28,1,29
48651,26,3,29
53101,19,10,29
63099,25,4,29
42657,20,9,29
43439,24,5,29
38483,28,1,29
46512,26,3,29
33273,20,9,29
54634,6,23,29
64681,23,6,29
56726,17,12,29
49150,29,0,29
33784,19,10,29
37217,23,6,29
37197,23,6,29
45321,18,11,29
56668,27,2,29
48831,25,4,29
52780,16,13,29
60717,18,11,29
34270,28,1,29
58222,18,11,29
40531,21,8,29
52119,19,10,29
36418,18,11,29
54580,26,3,29
33831,7,22,29
48359,27,2,29
51294,24,5,29
38294,26,3,29
33409,12,17,29
35045,23,6,29
65088,29,0,29
39189,26,3,29
65170,26,3,29
65222,25,4,29
55802,22,7,29
56130,23,6,29
65185,10,19,29
33731,14,15,29
65192,26,3,29
65209,5,24,29
37296,18,11,29
42004,18,11,29
33837,24,5,29
34643,24,5,29
34480,23,6,29
33718,25,4,29
37424,24,5,29
49085,24,5,29
58186,22,7,29
65264,25,4,29
40621,23,6,29
33117,24,5,29
33667,20,9,29
58934,25,4,29
34439,25,4,29
48543,21,8,29
33746,16,13,29
45521,27,2,29
60788,26,3,29
43908,18,11,29
60949,14,15,29
37811,26,3,29
64310,19,10,29
54588,21,8,29
33948,23,6,29
39900,28,1,29
48662,21,8,29
49624,23,6,29
35582,19,10,29
48332,19,10,29
38531,22,7,29
35461,22,7,29
36237,25,4,29
33191,1,28,29
61318,28,1,29
35234,21,8,29
55926,17,12,29
41880,24,5,29
58681,14,15,29
35515,27,2,29
52378,26,3,29
51710,22,7,29
34064,23,6,29
32825,21,8,29
58217,23,6,29
63540,11,18,29
33925,21,8,29
47108,26,3,29
34900,27,2,29
42286,27,2,29
34614,23,6,29
34085,25,4,29
46307,20,9,29
61465,24,5,29
48085,27,2,29
35047,26,3,29
56873,27,2,29
36140,26,3,29
55692,25,4,29
34242,24,5,29
59173,13,16,29
59101,26,3,29
49578,20,9,29
34676,21,8,29
32839,19,10,29
36107,21,8,29
42966,28,1,29
36108,23,6,29
37174,19,10,29
42100,21,8,29
50113,23,6,29
34164,21,8,29
36117,23,6,29
41732,24,5,29
34790,21,8,29
49945,22,7,29
44134,25,4,29
39124,17,12,29
51147,22,7,29
57109,18,11,29
50011,20,9,29
49319,25,4,29
34731,21,8,29
36532,23,6,29
38572,9,20,29
53072,24,5,29
54722,23,6,29
55357,20,9,29
62272,24,5,29
47925,21,8,29
58720,20,9,29
59778,24,5,29
61521,28,1,29
63577,29,0,29
34607,23,6,29
52569,27,2,29
54355,23,6,29
55961,19,10,29
56965,21,8,29
61453,29,0,29
39942,22,7,29
50578,19,10,29
52997,19,10,29
53475,23,6,29
52898,20,9,29
56455,24,5,29
59408,22,7,29
60086,28,1,29
63794,27,2,29
36070,22,7,29
52116,21,8,29
38398,22,7,29
48138,7,22,29
58502,21,8,29
35351,16,13,29
61759,29,0,29
55646,19,10,29
42743,24,5,29
56916,24,5,29
52970,13,16,29
36490,20,9,29
35289,12,17,29
53033,18,11,29
54016,19,10,29
37496,24,5,29
34771,27,2,29
41883,23,6,29
58610,26,3,29
51241,22,7,29
44517,23,6,29
61804,24,5,29
52136,23,6,29
36196,26,3,29
61811,29,0,29
48304,24,5,29
56716,13,16,29
44409,24,5,29
49659,22,7,29
61853,28,1,29
35448,27,2,29
47762,15,14,29
40385,22,7,29
43561,21,8,29
47745,26,3,29
35510,23,6,29
47903,21,8,29
44526,21,8,29
36372,23,6,29
35854,21,8,29
57403,19,10,29
60513,22,7,29
56497,17,12,29
54945,20,9,29
42512,22,7,29
51310,17,12,29
51551,21,8,29
62245,28,1,29
39359,23,6,29
60537,25,4,29
60555,23,6,29
51796,23,6,29
51586,18,11,29
54445,11,18,29
57021,25,4,29
51769,23,6,29
37492,25,4,29
45012,25,4,29
38465,24,5,29
39884,28,1,29
60955,10,19,29
41453,21,8,29
32889,21,8,29
33041,25,4,29
39512,14,15,29
48177,19,10,29
35371,26,3,29
40795,28,1,29
43529,20,9,29
35998,27,2,29
39033,20,9,29
33835,20,9,29
42096,21,8,29
59084,24,5,29
37728,26,3,29
49372,23,6,29
44721,23,6,29
54419,22,7,29
38280,29,0,29
55038,26,3,29
61490,25,4,29
48288,22,7,29
48298,19,10,29
52032,21,8,29
62548,27,2,29
38254,27,2,29
63598,5,24,29
55367,20,9,29
48632,21,8,29
41094,27,2,29
34040,25,4,29
37886,24,5,29
59766,25,4,29
50831,27,2,29
34907,28,1,29
57217,27,2,29
41470,25,4,29
61913,29,0,29
49276,24,5,29
62581,28,1,29
48785,26,3,29
34388,27,2,29
40763,25,4,29
44296,23,6,29
58176,16,13,29
47460,28,1,29
46567,24,5,29
49003,20,9,29
58384,25,4,29
38488,25,4,29
35861,21,8,29
35839,21,8,29
40949,18,11,29
44245,10,19,29
44285,23,6,29
39739,23,6,29
38952,24,5,29
35143,26,3,29
40739,22,7,29
35952,27,2,29
34868,26,3,29
60339,20,9,29
45340,19,10,29
42085,25,4,29
47068,24,5,29
40073,27,2,29
56421,13,16,29
42071,29,0,29
34120,22,7,29
59597,29,0,29
42790,27,2,29
46547,27,2,29
61963,28,1,29
63164,28,1,29
43954,25,4,29
57789,27,2,29
62225,28,1,29
63484,29,0,29
40501,23,6,29
58550,25,4,29
41915,24,5,29
53698,27,2,29
38666,14,15,29
45317,25,4,29
34466,27,2,29
38999,16,13,29
42091,20,9,29
55452,28,1,29
38697,25,4,29
57301,27,2,29
64461,29,0,29
48152,27,1,28
36299,26,2,28
54935,22,6,28
33642,23,5,28
55384,19,9,28
53764,22,6,28
41033,24,4,28
43901,26,2,28
60837,22,6,28
40477,25,3,28
41297,20,8,28
45793,23,5,28
48545,23,5,28
39157,20,8,28
57415,17,11,28
42283,23,5,28
48635,22,6,28
33338,24,4,28
46660,22,6,28
45506,16,12,28
37698,20,8,28
42249,22,6,28
41043,19,9,28
39801,19,9,28
43355,21,7,28
52513,27,1,28
36565,21,7,28
43087,21,7,28
47241,19,9,28
42236,16,12,28
45345,22,6,28
48837,22,6,28
45925,23,5,28
56742,9,19,28
39229,22,6,28
42519,21,7,28
40834,24,4,28
42105,22,6,28
40368,21,7,28
44820,23,5,28
37641,19,9,28
42310,21,7,28
44516,22,6,28
52832,22,6,28
47397,23,5,28
47149,25,3,28
42808,20,8,28
45901,23,5,28
56764,23,5,28
55645,18,10,28
36855,23,5,28
44178,26,2,28
46756,19,9,28
40100,22,6,28
38008,17,11,28
48588,21,7,28
43621,19,9,28
44685,22,6,28
45102,25,3,28
41075,21,7,28
47454,24,4,28
46459,22,6,28
42308,20,8,28
59519,26,2,28
47075,22,6,28
47685,21,7,28
51538,19,9,28
41786,23,5,28
36710,23,5,28
40028,19,9,28
46646,15,13,28
36888,10,18,28
36691,22,6,28
41063,20,8,28
46794,20,8,28
50487,22,6,28
40852,24,4,28
43960,20,8,28
56423,22,6,28
33392,23,5,28
41901,20,8,28
43466,18,10,28
39207,25,3,28
52451,26,2,28
42465,18,10,28
45348,21,7,28
59617,20,8,28
49834,25,3,28
46014,22,6,28
48531,23,5,28
49117,21,7,28
64107,26,2,28
52078,20,8,28
52069,25,3,28
52778,24,4,28
52605,18,10,28
47674,17,11,28
52382,21,7,28
53367,20,8,28
47500,27,1,28
40839,15,13,28
52675,17,11,28
61388,25,3,28
61968,24,4,28
52837,14,14,28
43985,21,7,28
37358,9,19,28
34755,20,8,28
36919,18,10,28
50295,28,0,28
50302,12,16,28
53130,20,8,28
49751,20,8,28
49760,19,9,28
48502,25,3,28
58833,16,12,28
51568,23,5,28
46821,19,9,28
51498,28,0,28
52421,6,22,28
44347,24,4,28
63101,25,3,28
49058,16,12,28
51402,27,1,28
51348,17,11,28
63967,27,1,28
33235,14,14,28
54554,15,13,28
48943,21,7,28
64374,5,23,28
63616,28,0,28
63442,8,20,28
63397,28,0,28
51237,23,5,28
63244,24,4,28
63235,27,1,28
59000,21,7,28
63059,21,7,28
56738,15,13,28
62801,24,4,28
62717,27,1,28
62645,27,1,28
35941,17,11,28
55006,21,7,28
62404,27,1,28
40415,21,7,28
47478,26,2,28
51902,22,6,28
41890,15,13,28
36542,21,7,28
61562,24,4,28
61515,28,0,28
61497,25,3,28
61509,27,1,28
61508,28,0,28
52802,13,15,28
61069,19,9,28
64135,25,3,28
60883,27,1,28
52306,16,12,28
60861,21,7,28
44705,21,7,28
54632,25,3,28
61750,24,4,28
60193,22,6,28
60183,25,3,28
59444,20,8,28
60021,25,3,28
56658,16,12,28
55575,20,8,28
55162,7,21,28
61586,5,23,28
59414,22,6,28
39799,18,10,28
54703,21,7,28
55164,19,9,28
44180,19,9,28
40045,4,24,28
36675,17,11,28
58461,18,10,28
50541,23,5,28
42423,20,8,28
49076,27,1,28
38450,20,8,28
42179,22,6,28
57370,23,5,28
57353,16,12,28
54008,23,5,28
37034,22,6,28
44804,23,5,28
55823,12,16,28
53728,26,2,28
60071,22,6,28
48215,17,11,28
45839,16,12,28
51870,21,7,28
52926,17,11,28
35661,21,7,28
40598,24,4,28
55391,23,5,28
64840,23,5,28
35588,21,7,28
37061,21,7,28
65487,11,17,28
48773,18,10,28
44300,21,7,28
53284,25,3,28
55628,24,4,28
37247,27,1,28
52052,20,8,28
33158,21,7,28
62228,27,1,28
61692,23,5,28
51232,27,1,28
54971,17,11,28
42956,26,2,28
59696,19,9,28
60855,25,3,28
57387,14,14,28
58529,20,8,28
63985,28,0,28
39089,18,10,28
64692,24,4,28
55021,9,19,28
38499,15,13,28
54293,19,9,28
64195,27,1,28
51351,20,8,28
58771,21,7,28
63793,19,9,28
44043,16,12,28
34215,24,4,28
34800,18,10,28
33038,25,3,28
36159,26,2,28
39665,17,11,28
45549,22,6,28
38980,14,14,28
37263,25,3,28
34848,22,6,28
56174,25,3,28
62180,26,2,28
59358,14,14,28
43023,21,7,28
39234,24,4,28
34407,22,6,28
42227,20,8,28
54531,16,12,28
48922,20,8,28
59022,5,23,28
35192,23,5,28
36157,14,14,28
65311,25,3,28
56289,27,1,28
45639,20,8,28
40237,23,5,28
33985,22,6,28
36946,18,10,28
63986,28,0,28
34139,24,4,28
55208,21,7,28
40035,22,6,28
34691,25,3,28
39411,20,8,28
54584,20,8,28
56109,17,11,28
49353,21,7,28
35555,28,0,28
36260,21,7,28
52246,16,12,28
34175,20,8,28
34952,22,6,28
36931,19,9,28
36026,22,6,28
34467,25,3,28
34087,26,2,28
35280,20,8,28
34434,27,1,28
33632,21,7,28
35275,27,1,28
56970,23,5,28
35526,24,4,28
50254,24,4,28
37570,22,6,28
56145,23,5,28
33966,21,7,28
44926,18,10,28
52005,18,10,28
64690,24,4,28
34853,26,2,28
47699,17,11,28
33946,18,10,28
65214,27,1,28
33687,24,4,28
34718,23,5,28
52824,21,7,28
62298,16,12,28
44045,21,7,28
50540,23,5,28
35050,17,11,28
38296,19,9,28
38520,23,5,28
34354,25,3,28
35729,23,5,28
42118,14,14,28
50148,23,5,28
54275,26,2,28
37224,23,5,28
52183,21,7,28
44302,19,9,28
33662,24,4,28
33562,23,5,28
45138,24,4,28
34936,23,5,28
52157,21,7,28
62726,23,5,28
34824,17,11,28
38817,24,4,28
38158,24,4,28
60073,23,5,28
33994,21,7,28
50450,12,16,28
34791,26,2,28
45627,21,7,28
52155,24,4,28
52294,22,6,28
45269,19,9,28
50297,19,9,28
42364,24,4,28
42641,19,9,28
60687,18,10,28
33885,23,5,28
53942,25,3,28
63107,16,12,28
64694,24,4,28
35060,22,6,28
38600,24,4,28
57295,19,9,28
46293,24,4,28
56713,19,9,28
62163,20,8,28
65139,28,0,28
50889,21,7,28
50985,22,6,28
35387,24,4,28
51547,26,2,28
54349,22,6,28
51956,22,6,28
34825,25,3,28
35037,19,9,28
34328,21,7,28
37022,19,9,28
50612,26,2,28
58378,12,16,28
45050,22,6,28
54388,19,9,28
57405,20,8,28
57039,8,20,28
51978,8,20,28
47645,19,9,28
61064,23,5,28
52008,27,1,28
54358,21,7,28
61368,11,17,28
52021,12,16,28
52931,22,6,28
43474,20,8,28
58813,19,9,28
36500,22,6,28
52933,12,16,28
54056,23,5,28
61294,28,0,28
62174,28,0,28
52649,23,5,28
44703,20,8,28
60734,20,8,28
54041,23,5,28
59051,25,3,28
61138,24,4,28
47005,24,4,28
65030,27,1,28
64963,28,0,28
52321,23,5,28
46022,24,4,28
58155,25,3,28
60576,22,6,28
61642,26,2,28
34289,22,6,28
49141,17,11,28
35734,16,12,28
42047,27,1,28
48417,18,10,28
35683,23,5,28
33311,17,11,28
43550,23,5,28
41487,19,9,28
32898,22,6,28
62442,26,2,28
58978,24,4,28
53543,23,5,28
52971,23,5,28
36907,19,9,28
47878,27,1,28
34119,20,8,28
61808,26,2,28
35718,23,5,28
58604,17,11,28
52059,25,3,28
63653,24,4,28
52828,20,8,28
60951,5,23,28
38431,18,10,28
51639,18,10,28
38753,24,4,28
56210,10,18,28
51359,17,11,28
41451,26,2,28
38539,15,13,28
45413,18,10,28
55900,22,6,28
35944,19,9,28
37968,18,10,28
50689,22,6,28
61871,5,23,28
44724,18,10,28
40405,24,4,28
55560,25,3,28
48296,25,3,28
55082,19,9,28
39784,19,9,28
58738,18,10,28
51293,18,10,28
42124,22,6,28
42327,23,5,28
44780,23,5,28
54338,23,5,28
48488,19,9,28
34662,22,6,28
48514,20,8,28
45185,28,0,28
38201,23,5,28
39006,17,11,28
45465,24,4,28
40276,24,4,28
38682,25,3,28
39267,22,6,28
44546,24,4,28
60743,19,9,28
40638,11,17,28
56138,20,8,28
45659,23,5,28
58006,22,6,28
57714,17,11,28
34058,21,7,28
40608,21,7,28
40709,14,14,28
34227,19,9,28
53044,24,4,28
50017,26,2,28
61786,27,1,28
48618,24,4,28
47191,21,7,28
56851,7,21,28
43225,21,7,28
44205,19,9,28
40269,23,5,28
62112,17,11,28
45896,21,7,28
44719,25,3,28
48597,22,6,28
33128,27,1,28
46277,27,1,28
56692,18,10,28
50164,25,3,28
50228,23,5,28
35596,23,5,28
32775,22,6,28
57223,24,4,28
35575,25,3,28
64384,21,7,28
49303,27,1,28
38253,24,4,28
54842,21,7,28
44558,26,2,28
60899,20,8,28
36124,23,5,28
51745,22,6,28
39532,27,1,28
34397,20,8,28
48660,26,2,28
34003,26,2,28
34108,26,2,28
39192,20,8,28
47627,22,6,28
35656,22,6,28
44959,26,2,28
48699,27,1,28
55324,18,10,28
49055,20,8,28
35902,19,9,28
45033,18,10,28
39174,21,7,28
42018,19,9,28
34813,28,0,28
34228,15,13,28
47484,27,1,28
59941,26,2,28
39967,26,2,28
46152,22,6,28
63076,28,0,28
40089,23,5,28
40761,24,4,28
62942,27,1,28
62995,28,0,28
34200,22,6,28
38603,17,11,28
55217,24,4,28
41312,27,1,28
29265,1,27,28
40427,26,1,27
42450,18,9,27
60675,21,6,27
38923,21,6,27
59377,24,3,27
46375,18,9,27
38888,26,1,27
45728,27,0,27
39475,21,6,27
45469,22,5,27
54942,22,5,27
58183,21,6,27
40411,24,3,27
59625,24,3,27
40469,14,13,27
44356,14,13,27
33570,20,7,27
58164,15,12,27
49125,18,9,27
46160,20,7,27
42245,15,12,27
40413,25,2,27
47010,18,9,27
44197,25,2,27
41344,21,6,27
38859,22,5,27
47033,23,4,27
42971,22,5,27
60985,20,7,27
45897,23,4,27
48882,20,7,27
43182,18,9,27
41964,24,3,27
49707,18,9,27
54496,10,17,27
43837,26,1,27
39958,18,9,27
36545,21,6,27
41700,18,9,27
58238,20,7,27
49556,17,10,27
41729,22,5,27
45643,21,6,27
47923,24,3,27
57357,13,14,27
37550,25,2,27
48343,18,9,27
48630,21,6,27
48161,19,8,27
43878,23,4,27
58122,18,9,27
44102,20,7,27
42952,25,2,27
47558,24,3,27
36927,6,21,27
42219,22,5,27
43651,24,3,27
49006,24,3,27
47836,24,3,27
43681,17,10,27
41349,18,9,27
39853,13,14,27
48334,27,0,27
42274,27,0,27
39330,21,6,27
41376,18,9,27
40843,20,7,27
59201,24,3,27
45826,21,6,27
42335,21,6,27
40109,19,8,27
36887,20,7,27
37626,16,11,27
47612,18,9,27
45884,21,6,27
40528,22,5,27
38851,21,6,27
39132,24,3,27
47446,23,4,27
40193,18,9,27
46871,19,8,27
43295,16,11,27
38152,22,5,27
52885,18,9,27
44125,21,6,27
40894,18,9,27
32937,20,7,27
43835,22,5,27
36709,18,9,27
46021,22,5,27
37571,24,3,27
42606,14,13,27
43527,17,10,27
41771,6,21,27
44896,18,9,27
53630,18,9,27
57715,13,14,27
48015,19,8,27
60419,18,9,27
38926,22,5,27
39387,24,3,27
52854,11,16,27
48491,16,11,27
37572,14,13,27
41761,24,3,27
38983,13,14,27
55171,25,2,27
47102,23,4,27
44642,21,6,27
52792,23,4,27
36724,16,11,27
40441,24,3,27
40158,21,6,27
48329,19,8,27
37143,19,8,27
37116,13,14,27
42475,23,4,27
40343,22,5,27
56184,17,10,27
58258,17,10,27
58257,14,13,27
51179,17,10,27
61566,23,4,27
61147,27,0,27
42369,24,3,27
61560,21,6,27
54131,18,9,27
57815,25,2,27
56106,20,7,27
57614,19,8,27
57600,19,8,27
59399,20,7,27
39485,25,2,27
37088,21,6,27
55759,17,10,27
54943,23,4,27
52463,17,10,27
54245,23,4,27
54869,21,6,27
42936,17,10,27
57346,15,12,27
52140,10,17,27
38721,23,4,27
52643,15,12,27
53344,16,11,27
51829,18,9,27
37790,18,9,27
37452,19,8,27
51145,25,2,27
48939,20,7,27
53155,25,2,27
49018,24,3,27
58859,19,8,27
50456,19,8,27
38684,21,6,27
63257,5,22,27
60302,23,4,27
53303,10,17,27
49112,21,6,27
44150,21,6,27
61123,22,5,27
51802,22,5,27
52077,22,5,27
54560,15,12,27
49762,21,6,27
52134,17,10,27
40812,20,7,27
39691,24,3,27
57151,23,4,27
45634,20,7,27
51805,22,5,27
62998,27,0,27
57429,17,10,27
62799,24,3,27
57148,20,7,27
54861,21,6,27
62410,25,2,27
59199,22,5,27
62297,14,13,27
58483,16,11,27
43749,15,12,27
36557,13,14,27
57067,17,10,27
61402,18,9,27
61338,27,0,27
51703,11,16,27
48166,19,8,27
55604,23,4,27
61479,26,1,27
51905,19,8,27
40979,17,10,27
60620,12,15,27
54313,8,19,27
42973,23,4,27
60019,24,3,27
60009,21,6,27
55623,23,4,27
54402,14,13,27
45004,18,9,27
48555,18,9,27
37043,18,9,27
51920,16,11,27
52185,23,4,27
55165,16,11,27
56315,16,11,27
50683,22,5,27
63426,7,20,27
40017,22,5,27
60284,21,6,27
37595,16,11,27
32809,23,4,27
61535,18,9,27
53199,14,13,27
50477,26,1,27
48516,23,4,27
50466,19,8,27
48024,2,25,27
40950,19,8,27
57375,17,10,27
51824,18,9,27
51352,14,13,27
56102,15,12,27
63436,26,1,27
50363,24,3,27
47385,20,7,27
47994,22,5,27
53234,19,8,27
50348,22,5,27
53141,25,2,27
33009,25,2,27
54597,17,10,27
53472,18,9,27
61020,27,0,27
45851,18,9,27
40997,24,3,27
40889,20,7,27
62518,11,16,27
37475,18,9,27
39913,22,5,27
62232,27,0,27
60703,13,14,27
51916,23,4,27
54568,17,10,27
43185,16,11,27
62203,22,5,27
53848,24,3,27
33253,24,3,27
60772,11,16,27
60364,22,5,27
62678,24,3,27
60634,20,7,27
43433,27,0,27
63693,5,22,27
57821,19,8,27
35805,22,5,27
49022,23,4,27
64941,27,0,27
50841,18,9,27
62209,21,6,27
39260,22,5,27
52886,21,6,27
49454,19,8,27
57113,22,5,27
34384,24,3,27
49007,25,2,27
48993,20,7,27
64166,25,2,27
48998,21,6,27
64013,22,5,27
44279,19,8,27
54610,19,8,27
55091,23,4,27
63961,21,6,27
63582,27,0,27
39167,23,4,27
47183,24,3,27
64939,27,0,27
39322,20,7,27
53854,21,6,27
62033,26,1,27
51728,16,11,27
63690,22,5,27
38745,10,17,27
52227,16,11,27
58729,14,13,27
50389,24,3,27
38840,14,13,27
34634,20,7,27
45247,15,12,27
41386,19,8,27
57283,22,5,27
53924,22,5,27
35269,24,3,27
50856,19,8,27
33561,25,2,27
58294,23,4,27
38821,18,9,27
63979,25,2,27
49922,21,6,27
50668,17,10,27
50547,14,13,27
60352,23,4,27
33074,18,9,27
58714,19,8,27
37173,23,4,27
63811,18,9,27
42885,19,8,27
33172,21,6,27
48440,21,6,27
50082,14,13,27
43512,21,6,27
63928,27,0,27
40128,17,10,27
59970,21,6,27
34141,27,0,27
35133,8,19,27
64683,11,16,27
58736,22,5,27
45730,23,4,27
51660,17,10,27
53463,16,11,27
46036,16,11,27
52581,19,8,27
47786,20,7,27
46302,16,11,27
45189,23,4,27
40865,18,9,27
58722,14,13,27
49239,17,10,27
47371,2,25,27
38320,21,6,27
44613,16,11,27
48043,24,3,27
34488,18,9,27
52547,22,5,27
34985,23,4,27
33547,24,3,27
33284,19,8,27
33159,17,10,27
46424,19,8,27
34097,24,3,27
34054,18,9,27
36797,21,6,27
63691,27,0,27
48324,15,12,27
36229,19,8,27
61688,22,5,27
53564,22,5,27
58984,18,9,27
38019,19,8,27
60575,11,16,27
35158,25,2,27
40848,20,7,27
34516,20,7,27
49596,15,12,27
39324,17,10,27
36536,24,3,27
62115,22,5,27
64791,26,1,27
35678,22,5,27
35297,23,4,27
55777,14,13,27
46425,18,9,27
46601,18,9,27
34353,21,6,27
39771,17,10,27
50252,21,6,27
39486,19,8,27
36007,18,9,27
50077,19,8,27
50134,13,14,27
32787,23,4,27
40527,19,8,27
36191,22,5,27
34352,16,11,27
34478,19,8,27
65105,24,3,27
35715,13,14,27
48592,20,7,27
35442,22,5,27
39938,20,7,27
40367,14,13,27
56786,18,9,27
34897,22,5,27
47928,18,9,27
45384,21,6,27
34190,18,9,27
36582,19,8,27
34334,23,4,27
39654,15,12,27
46612,23,4,27
47496,24,3,27
47453,24,3,27
63217,11,16,27
34128,21,6,27
36448,17,10,27
59962,19,8,27
48029,20,7,27
46017,17,10,27
54386,22,5,27
62838,24,3,27
35337,25,2,27
39393,25,2,27
55245,25,2,27
58930,20,7,27
58933,23,4,27
62453,23,4,27
33773,25,2,27
37376,23,4,27
54046,24,3,27
54050,25,2,27
35803,21,6,27
62686,26,1,27
53859,22,5,27
58677,17,10,27
55626,20,7,27
55796,25,2,27
44362,19,8,27
62694,23,4,27
47866,21,6,27
49791,23,4,27
44892,20,7,27
63384,26,1,27
50736,17,10,27
56690,19,8,27
54420,9,18,27
61090,27,0,27
62979,12,15,27
63247,27,0,27
63574,27,0,27
34236,22,5,27
51943,21,6,27
55077,19,8,27
58684,18,9,27
55229,23,4,27
36798,16,11,27
65238,5,22,27
36938,24,3,27
34882,25,2,27
58034,25,2,27
56355,21,6,27
39994,6,21,27
43460,25,2,27
52639,16,11,27
35758,23,4,27
32934,26,1,27
51578,15,12,27
36298,24,3,27
42852,20,7,27
47198,16,11,27
35777,10,17,27
36969,19,8,27
57045,20,7,27
32939,14,13,27
43513,17,10,27
41417,20,7,27
36125,23,4,27
41477,24,3,27
47023,23,4,27
47405,16,11,27
48501,25,2,27
36034,23,4,27
43996,24,3,27
39459,19,8,27
36998,21,6,27
33178,14,13,27
37011,25,2,27
55336,10,17,27
37610,17,10,27
37019,25,2,27
53502,19,8,27
61873,24,3,27
61494,21,6,27
63009,12,15,27
53219,19,8,27
52708,22,5,27
56598,20,7,27
57302,22,5,27
35852,20,7,27
51965,11,16,27
41840,21,6,27
45929,11,16,27
42543,25,2,27
63689,14,13,27
58121,19,8,27
41390,13,14,27
35856,24,3,27
37896,20,7,27
48482,21,6,27
55696,25,2,27
45704,24,3,27
48297,16,11,27
43404,20,7,27
56397,18,9,27
38087,18,9,27
57342,20,7,27
43613,23,4,27
39499,21,6,27
53156,23,4,27
33317,20,7,27
40019,23,4,27
36398,24,3,27
56486,25,2,27
45131,21,6,27
37948,24,3,27
37316,22,5,27
44908,24,3,27
41999,19,8,27
43343,17,10,27
44749,22,5,27
57087,23,4,27
58858,23,4,27
39022,18,9,27
38438,20,7,27
45323,19,8,27
36025,22,5,27
35219,18,9,27
41352,24,3,27
56159,10,17,27
39127,24,3,27
47670,21,6,27
38559,25,2,27
48027,20,7,27
35357,24,3,27
32858,3,24,27
41369,24,3,27
40526,24,3,27
49554,26,1,27
48145,21,6,27
51549,18,9,27
58709,23,4,27
53446,19,8,27
63409,25,2,27
52524,23,4,27
50531,22,5,27
34279,26,1,27
55565,21,6,27
37680,20,7,27
43601,15,12,27
37915,18,9,27
37819,26,1,27
46203,24,3,27
41664,27,0,27
49079,25,2,27
39743,8,19,27
34393,19,8,27
60930,23,4,27
35557,21,6,27
50168,7,20,27
46562,22,5,27
34925,25,2,27
61689,27,0,27
35848,24,3,27
45128,21,6,27
62655,21,6,27
33774,25,2,27
48375,24,3,27
44811,23,4,27
37773,27,0,27
34517,24,3,27
41163,21,6,27
35073,24,3,27
37308,22,5,27
38679,20,7,27
47764,19,8,27
57937,24,3,27
56878,25,2,27
33219,19,8,27
44298,23,4,27
48693,22,5,27
48762,20,7,27
61919,26,1,27
42157,18,9,27
37876,24,3,27
47839,24,3,27
42331,20,7,27
43827,25,2,27
47518,19,8,27
45379,21,6,27
42742,23,4,27
33999,25,2,27
42569,23,4,27
46815,24,3,27
34489,6,21,27
42120,23,4,27
45936,8,19,27
42728,21,6,27
33448,26,1,27
40701,25,2,27
37839,22,5,27
34883,25,2,27
43942,25,2,27
37653,24,3,27
33023,26,1,27
26983,27,0,27
44522,22,5,27
63000,26,1,27
46613,22,5,27
54026,25,2,27
37759,18,9,27
35443,24,3,27
33092,22,5,27
46624,17,10,27
56013,17,10,27
41442,24,3,27
54558,21,6,27
58173,21,6,27
57723,25,2,27
64455,26,1,27
56900,25,2,27
45768,20,6,26
48908,21,5,26
42258,21,5,26
53636,19,7,26
55028,19,7,26
54940,12,14,26
46796,23,3,26
46752,23,3,26
48610,18,8,26
36240,17,9,26
46738,26,0,26
57085,16,10,26
56028,22,4,26
46889,24,2,26
50613,25,1,26
37721,23,3,26
36215,24,2,26
33002,17,9,26
43142,20,6,26
44773,17,9,26
48348,22,4,26
43808,21,5,26
40958,20,6,26
38283,18,8,26
46781,20,6,26
38423,18,8,26
40589,20,6,26
52117,22,4,26
42289,26,0,26
41762,20,6,26
14824,1,25,26
44084,16,10,26
42293,25,1,26
40713,23,3,26
40252,22,4,26
44101,25,1,26
54308,18,8,26
51944,19,7,26
54986,22,4,26
56814,17,9,26
41447,19,7,26
56755,26,0,26
38162,22,4,26
44383,19,7,26
52736,18,8,26
44801,14,12,26
36519,24,2,26
36497,19,7,26
47109,21,5,26
45330,18,8,26
38772,24,2,26
40965,21,5,26
30468,17,9,26
46454,20,6,26
41445,23,3,26
46698,24,2,26
33256,25,1,26
42662,26,0,26
41688,21,5,26
40154,21,5,26
36910,23,3,26
63040,25,1,26
52150,22,4,26
45429,19,7,26
42943,23,3,26
36462,20,6,26
37466,24,2,26
46185,22,4,26
36434,20,6,26
40482,19,7,26
48282,22,4,26
40665,24,2,26
55829,19,7,26
37310,15,11,26
33674,22,4,26
36838,17,9,26
38989,24,2,26
57593,20,6,26
48729,17,9,26
37519,20,6,26
47998,16,10,26
37503,22,4,26
36379,22,4,26
39869,19,7,26
36805,19,7,26
43030,18,8,26
44005,19,7,26
38458,23,3,26
36617,21,5,26
36441,20,6,26
36488,20,6,26
36791,22,4,26
36650,19,7,26
44533,21,5,26
40027,18,8,26
52935,8,18,26
41676,20,6,26
43935,19,7,26
36716,13,13,26
42732,9,17,26
43422,22,4,26
58400,19,7,26
39082,21,5,26
37906,16,10,26
39080,11,15,26
36860,20,6,26
52044,6,20,26
56973,16,10,26
38576,24,2,26
39951,22,4,26
42926,6,20,26
37153,15,11,26
37628,17,9,26
47288,20,6,26
48486,16,10,26
43988,25,1,26
60915,21,5,26
47556,15,11,26
42187,23,3,26
45274,13,13,26
38637,15,11,26
36836,14,12,26
43026,15,11,26
33638,20,6,26
61377,25,1,26
61166,26,0,26
46502,11,15,26
44615,18,8,26
37097,24,2,26
54672,18,8,26
42593,21,5,26
38998,20,6,26
48711,19,7,26
35926,20,6,26
55599,17,9,26
54353,18,8,26
33665,18,8,26
49023,19,7,26
59969,19,7,26
53549,22,4,26
49089,22,4,26
60662,18,8,26
33856,22,4,26
60705,13,13,26
52776,20,6,26
52701,9,17,26
52622,17,9,26
52543,22,4,26
54231,19,7,26
52335,19,7,26
56909,21,5,26
52182,20,6,26
52494,19,7,26
47266,19,7,26
35908,18,8,26
53294,10,16,26
53262,21,5,26
36369,23,3,26
53260,25,1,26
43980,20,6,26
43704,17,9,26
39763,18,8,26
50465,15,11,26
50463,16,10,26
49107,22,4,26
40293,19,7,26
52948,16,10,26
57633,14,12,26
51563,20,6,26
40948,22,4,26
55427,18,8,26
56813,13,13,26
51443,24,2,26
49081,22,4,26
55944,23,3,26
48033,18,8,26
38261,16,10,26
64425,18,8,26
48985,21,5,26
64132,25,1,26
48438,23,3,26
63965,16,10,26
63953,26,0,26
63825,26,0,26
58057,25,1,26
63246,26,0,26
63115,24,2,26
54325,20,6,26
56727,18,8,26
63683,24,2,26
62490,24,2,26
38163,24,2,26
62431,22,4,26
55101,10,16,26
61698,25,1,26
57072,17,9,26
62016,22,4,26
61517,26,0,26
61403,18,8,26
61258,25,1,26
44731,22,4,26
61228,22,4,26
50968,24,2,26
36282,22,4,26
33416,20,6,26
40966,17,9,26
60586,16,10,26
49043,20,6,26
42095,16,10,26
41727,20,6,26
61946,25,1,26
48616,23,3,26
60069,23,3,26
60024,20,6,26
40905,10,16,26
37048,22,4,26
53474,19,7,26
48522,14,12,26
59369,24,2,26
62286,24,2,26
54483,10,16,26
33387,23,3,26
35867,25,1,26
53295,12,14,26
52082,20,6,26
59691,17,9,26
58012,18,8,26
36783,23,3,26
42620,18,8,26
45357,18,8,26
57674,19,7,26
42588,19,7,26
57389,8,18,26
46764,20,6,26
44203,15,11,26
53055,23,3,26
45376,21,5,26
46694,12,14,26
61021,26,0,26
52609,17,9,26
34113,16,10,26
54470,19,7,26
61241,18,8,26
62224,24,2,26
36040,18,8,26
57655,14,12,26
43776,19,7,26
64104,25,1,26
52392,26,0,26
58092,24,2,26
55224,19,7,26
48126,19,7,26
63061,17,9,26
64477,25,1,26
51647,19,7,26
39450,20,6,26
64189,25,1,26
49005,19,7,26
40009,18,8,26
59206,22,4,26
37639,17,9,26
58184,19,7,26
47626,23,3,26
39381,19,7,26
34001,19,7,26
33615,17,9,26
35761,16,10,26
54679,15,11,26
37271,18,8,26
49443,17,9,26
35233,21,5,26
47780,15,11,26
36453,25,1,26
54348,19,7,26
44486,18,8,26
64696,22,4,26
53922,13,13,26
33970,19,7,26
49836,20,6,26
48092,16,10,26
53927,15,11,26
58305,24,2,26
63770,21,5,26
37834,14,12,26
40723,19,7,26
64682,5,21,26
34956,19,7,26
38002,14,12,26
51894,11,15,26
63976,26,0,26
47691,20,6,26
35566,22,4,26
54567,16,10,26
39564,21,5,26
34366,21,5,26
39535,5,21,26
54320,19,7,26
54012,17,9,26
34171,23,3,26
52846,22,4,26
56294,21,5,26
65339,21,5,26
48580,6,20,26
33720,24,2,26
64444,24,2,26
33721,17,9,26
34473,21,5,26
38216,26,0,26
34909,24,2,26
45654,21,5,26
34485,22,4,26
64458,25,1,26
48748,22,4,26
44800,21,5,26
64786,12,14,26
62068,22,4,26
35120,17,9,26
36112,16,10,26
55631,23,3,26
41950,20,6,26
55161,22,4,26
37177,21,5,26
50071,20,6,26
65097,25,1,26
33607,20,6,26
65168,22,4,26
56314,25,1,26
49638,22,4,26
38852,18,8,26
34423,26,0,26
37286,19,7,26
41102,19,7,26
34711,21,5,26
57145,23,3,26
36185,18,8,26
52980,17,9,26
38785,20,6,26
43375,18,8,26
49576,20,6,26
55343,18,8,26
64304,22,4,26
41404,24,2,26
64800,26,0,26
33941,16,10,26
34450,14,12,26
36083,21,5,26
45261,20,6,26
59338,18,8,26
43742,18,8,26
46488,13,13,26
47846,18,8,26
55779,24,2,26
40987,13,13,26
34403,22,4,26
43408,18,8,26
32803,22,4,26
34725,17,9,26
34105,21,5,26
46725,22,4,26
49907,22,4,26
47178,20,6,26
34442,18,8,26
53699,18,8,26
42425,19,7,26
33296,22,4,26
65087,25,1,26
35716,21,5,26
62133,25,1,26
41336,13,13,26
36531,14,12,26
54072,21,5,26
59406,24,2,26
51218,16,10,26
36105,18,8,26
50900,19,7,26
34362,21,5,26
64327,11,15,26
41961,23,3,26
33211,17,9,26
57126,16,10,26
33274,10,16,26
52011,12,14,26
38594,14,12,26
34669,20,6,26
59307,14,12,26
35466,22,4,26
32871,20,6,26
59222,16,10,26
43318,20,6,26
52613,23,3,26
43970,19,7,26
51610,6,20,26
50022,21,5,26
61336,22,4,26
62832,25,1,26
62294,16,10,26
37899,25,1,26
39523,19,7,26
54723,19,7,26
54724,22,4,26
42387,21,5,26
57562,19,7,26
62445,18,8,26
32856,19,7,26
37021,19,7,26
54519,19,7,26
51676,18,8,26
37934,23,3,26
57813,16,10,26
52758,24,2,26
55373,25,1,26
60643,14,12,26
62343,25,1,26
63381,25,1,26
64913,11,15,26
32933,13,13,26
63450,17,9,26
35730,22,4,26
51645,19,7,26
53499,24,2,26
53558,21,5,26
59233,20,6,26
23,26,0,26
62887,26,0,26
33216,15,11,26
56835,22,4,26
44052,18,8,26
34296,25,1,26
34322,16,10,26
57220,21,5,26
53346,16,10,26
35735,17,9,26
59210,10,16,26
53087,18,8,26
55327,23,3,26
43944,19,7,26
53589,18,8,26
35122,24,2,26
53127,23,3,26
46114,16,10,26
61774,24,2,26
63067,21,5,26
39855,18,8,26
45906,21,5,26
36953,17,9,26
47148,24,2,26
40161,19,7,26
63459,25,1,26
35767,21,5,26
33897,14,12,26
42967,16,10,26
63984,26,0,26
46034,22,4,26
44536,16,10,26
44663,19,7,26
37901,15,11,26
39283,19,7,26
35832,13,13,26
47101,22,4,26
60887,25,1,26
45888,20,6,26
52923,16,10,26
41019,15,11,26
41861,23,3,26
47801,23,3,26
35636,25,1,26
43029,21,5,26
61080,17,9,26
57657,23,3,26
52480,14,12,26
55505,14,12,26
50704,19,7,26
60961,18,8,26
53508,16,10,26
51646,25,1,26
51844,20,6,26
45736,19,7,26
44188,17,9,26
36332,24,2,26
48320,25,1,26
40774,21,5,26
35049,16,10,26
48874,10,16,26
50362,22,4,26
33700,21,5,26
54962,25,1,26
43748,23,3,26
33857,17,9,26
34632,22,4,26
45073,17,9,26
43972,19,7,26
48181,21,5,26
45800,21,5,26
37465,21,5,26
59312,20,6,26
45565,18,8,26
56797,19,7,26
35171,20,6,26
59368,20,6,26
40653,20,6,26
48856,21,5,26
40399,15,11,26
51835,13,13,26
34314,18,8,26
44087,21,5,26
45593,17,9,26
35468,21,5,26
62107,23,3,26
62897,25,1,26
62424,15,11,26
41975,21,5,26
37380,25,1,26
37846,23,3,26
42654,20,6,26
33596,19,7,26
46246,22,4,26
40203,20,6,26
42401,24,2,26
61819,26,0,26
47052,20,6,26
61904,25,1,26
62709,26,0,26
62714,20,6,26
33689,14,12,26
55934,18,8,26
34786,20,6,26
47912,20,6,26
41812,22,4,26
45145,15,11,26
42786,22,4,26
35936,20,6,26
42443,20,6,26
45195,14,12,26
42473,17,9,26
44215,17,9,26
35070,20,6,26
46210,21,5,26
55026,15,11,26
39689,20,6,26
45188,19,7,26
49017,22,4,26
35145,20,6,26
40496,22,4,26
46090,22,4,26
57773,17,9,26
45540,24,2,26
58940,22,4,26
63475,22,4,26
57232,21,5,26
45209,23,3,26
63161,22,4,26
43586,21,5,26
61715,26,0,26
63654,20,6,26
38774,8,18,26
35694,17,9,26
63404,26,0,26
39704,11,15,26
39479,23,3,26
64858,24,2,26
47996,19,7,26
43983,22,4,26
33877,23,3,26
53428,11,15,26
63028,25,1,26
55541,23,3,26
35139,23,3,26
33987,21,5,26
57146,23,3,26
40831,23,3,26
34785,9,17,26
41634,24,2,26
40093,25,1,26
57136,23,3,26
61253,26,0,26
37559,16,9,25
48761,23,2,25
47417,20,5,25
44706,20,5,25
36285,24,1,25
43462,22,3,25
45072,19,6,25
41108,21,4,25
48077,9,16,25
58179,20,5,25
44921,23,2,25
42243,21,4,25
42241,21,4,25
48980,21,4,25
36654,19,6,25
53369,6,19,25
37786,15,10,25
33611,22,3,25
46079,18,7,25
47844,18,7,25
40300,18,7,25
38972,17,8,25
42150,22,3,25
47032,21,4,25
36587,8,17,25
46477,18,7,25
46140,17,8,25
57746,21,4,25
46813,24,1,25
41811,17,8,25
47042,22,3,25
45135,19,6,25
52162,17,8,25
42484,19,6,25
45088,12,13,25
45117,21,4,25
39692,22,3,25
40090,7,18,25
43737,21,4,25
42703,18,7,25
40629,25,0,25
40219,20,5,25
36476,23,2,25
40536,14,11,25
45390,23,2,25
45528,15,10,25
42275,17,8,25
36469,17,8,25
36467,22,3,25
44000,18,7,25
41683,17,8,25
39794,13,12,25
39871,22,3,25
36638,20,5,25
41552,21,4,25
37402,15,10,25
49014,17,8,25
57222,12,13,25
44449,19,6,25
57835,21,4,25
44541,21,4,25
47562,18,7,25
36873,14,11,25
42509,15,10,25
58571,21,4,25
41362,24,1,25
41237,18,7,25
46402,17,8,25
46255,23,2,25
44882,24,1,25
48990,21,4,25
41348,20,5,25
36840,24,1,25
47015,21,4,25
46949,21,4,25
42980,22,3,25
42701,18,7,25
36820,20,5,25
39428,17,8,25
40452,18,7,25
42964,15,10,25
38919,22,3,25
46164,17,8,25
43432,17,8,25
42455,16,9,25
44319,15,10,25
42727,23,2,25
45228,20,5,25
47026,23,2,25
41267,18,7,25
36771,16,9,25
45476,17,8,25
48155,20,5,25
49099,18,7,25
36725,23,2,25
41746,19,6,25
36719,9,16,25
38710,18,7,25
37880,13,12,25
51356,17,8,25
39872,20,5,25
36713,18,7,25
48750,15,10,25
40569,19,6,25
53666,17,8,25
56831,18,7,25
45358,19,6,25
38399,18,7,25
39658,21,4,25
45300,19,6,25
44649,14,11,25
36680,18,7,25
48796,21,4,25
46202,22,3,25
36591,21,4,25
44327,21,4,25
39862,16,9,25
41905,20,5,25
36501,20,5,25
47875,6,19,25
43822,17,8,25
42694,19,6,25
60387,20,5,25
57237,14,11,25
37147,18,7,25
44173,18,7,25
42527,17,8,25
43304,25,0,25
43020,24,1,25
52388,18,7,25
42797,15,10,25
48458,18,7,25
42682,20,5,25
56432,24,1,25
38504,7,18,25
39973,19,6,25
41808,22,3,25
37338,16,9,25
46071,1,24,25
37087,16,9,25
52303,23,2,25
45952,10,15,25
56746,8,17,25
39679,20,5,25
39244,16,9,25
48539,22,3,25
52151,10,15,25
53330,17,8,25
37520,22,3,25
52690,19,6,25
44315,18,7,25
48722,20,5,25
52314,22,3,25
53375,21,4,25
52184,17,8,25
58202,11,14,25
52681,18,7,25
61383,16,9,25
37431,22,3,25
58912,18,7,25
43921,21,4,25
41293,9,16,25
41681,22,3,25
48877,18,7,25
43793,22,3,25
57768,19,6,25
36435,6,19,25
53623,16,9,25
64172,22,3,25
41526,14,11,25
52635,21,4,25
61322,23,2,25
47752,19,6,25
64515,22,3,25
64436,24,1,25
39963,20,5,25
49127,17,8,25
44860,20,5,25
33464,20,5,25
33428,19,6,25
51324,10,15,25
43416,15,10,25
33646,14,11,25
63636,25,0,25
48198,20,5,25
63600,24,1,25
33382,16,9,25
60179,22,3,25
63237,25,0,25
59330,20,5,25
51227,22,3,25
59001,12,13,25
51170,15,10,25
56352,20,5,25
33310,18,7,25
62753,21,4,25
51148,16,9,25
62637,25,0,25
37144,21,4,25
42887,20,5,25
35881,23,2,25
56881,19,6,25
45278,20,5,25
52521,11,14,25
61620,21,4,25
39398,12,13,25
61565,21,4,25
56060,11,14,25
47673,15,10,25
61079,20,5,25
61070,11,14,25
46749,14,11,25
56051,19,6,25
60787,20,5,25
53333,20,5,25
54636,12,13,25
46595,16,9,25
60023,20,5,25
58324,17,8,25
59998,21,4,25
54965,14,11,25
37045,18,7,25
37795,22,3,25
42849,19,6,25
56624,19,6,25
60798,23,2,25
47973,20,5,25
63189,21,4,25
50609,15,10,25
37767,19,6,25
52437,12,13,25
41739,3,22,25
34948,18,7,25
50470,19,6,25
57485,21,4,25
41194,12,13,25
65115,22,3,25
58795,10,15,25
50941,13,12,25
40418,22,3,25
37902,25,0,25
62249,21,4,25
43376,17,8,25
35604,19,6,25
51990,10,15,25
62478,24,1,25
51480,18,7,25
39779,20,5,25
40451,13,12,25
46964,22,3,25
45543,9,16,25
35567,17,8,25
63276,24,1,25
54963,20,5,25
33834,17,8,25
38692,24,1,25
36186,24,1,25
55483,21,4,25
38688,16,9,25
44159,11,14,25
34712,23,2,25
41088,13,12,25
63917,17,8,25
33385,22,3,25
33462,23,2,25
37220,12,13,25
37470,16,9,25
57082,20,5,25
53134,12,13,25
43483,20,5,25
34091,13,12,25
53401,16,9,25
35722,20,5,25
46136,14,11,25
59976,19,6,25
52250,20,5,25
36147,17,8,25
38395,18,7,25
59098,18,7,25
54499,16,9,25
44604,19,6,25
52818,13,12,25
34541,20,5,25
65295,21,4,25
34568,14,11,25
36096,23,2,25
34716,19,6,25
34715,12,13,25
36811,10,15,25
44823,20,5,25
34294,22,3,25
34350,21,4,25
36123,18,7,25
62116,17,8,25
39172,20,5,25
41499,22,3,25
37322,19,6,25
65478,25,0,25
34906,16,9,25
33064,16,9,25
37260,16,9,25
35304,20,5,25
40906,16,9,25
55119,21,4,25
51591,13,12,25
39129,20,5,25
39311,21,4,25
43971,18,7,25
34652,22,3,25
63531,18,7,25
34074,21,4,25
33348,15,10,25
34463,14,11,25
33125,20,5,25
35447,20,5,25
37185,19,6,25
37242,7,18,25
49980,16,9,25
63686,15,10,25
65010,14,11,25
62672,20,5,25
51515,11,14,25
52310,18,7,25
63867,25,0,25
50156,20,5,25
53077,14,11,25
49970,19,6,25
52686,17,8,25
40347,14,11,25
63506,14,11,25
65301,24,1,25
34574,18,7,25
51613,6,19,25
38784,14,11,25
45087,17,8,25
64445,25,0,25
49129,22,3,25
51338,13,12,25
34675,11,14,25
34474,22,3,25
49032,19,6,25
36188,22,3,25
35879,24,1,25
64609,18,7,25
34709,17,8,25
33949,18,7,25
51180,17,8,25
41738,20,5,25
35038,13,12,25
40722,15,10,25
36581,19,6,25
34782,14,11,25
35149,12,13,25
36061,16,9,25
34532,22,3,25
37243,20,5,25
54665,10,15,25
35391,21,4,25
50859,13,12,25
35124,25,0,25
64474,14,11,25
52902,21,4,25
50570,22,3,25
55118,16,9,25
56316,22,3,25
56827,18,7,25
47019,25,0,25
36537,22,3,25
42069,3,22,25
56194,17,8,25
65094,25,0,25
36087,22,3,25
50220,19,6,25
35460,19,6,25
65169,21,4,25
46092,18,7,25
36094,19,6,25
34553,20,5,25
36097,20,5,25
36098,16,9,25
34125,21,4,25
41490,19,6,25
43907,10,15,25
63533,18,7,25
35331,19,6,25
51248,18,7,25
47271,11,14,25
55923,24,1,25
54896,14,11,25
55526,12,13,25
54389,21,4,25
63773,5,20,25
46162,21,4,25
62830,20,5,25
47678,16,9,25
62056,5,20,25
47509,17,8,25
52571,15,10,25
52751,21,4,25
54731,18,7,25
57558,22,3,25
50744,12,13,25
51843,20,5,25
54690,22,3,25
54694,12,13,25
62713,24,1,25
65152,17,8,25
52750,20,5,25
56287,16,9,25
56981,17,8,25
58134,21,4,25
52943,15,10,25
53259,20,5,25
44126,12,13,25
59649,23,2,25
35789,18,7,25
36948,20,5,25
56384,22,3,25
57249,20,5,25
57725,22,3,25
43885,21,4,25
59378,19,6,25
61082,13,12,25
61833,25,0,25
62651,25,0,25
32903,24,1,25
63388,25,0,25
47514,21,4,25
51257,18,7,25
56616,19,6,25
53365,20,5,25
56938,16,9,25
42699,18,7,25
62705,18,7,25
56321,20,5,25
44403,20,5,25
42779,22,3,25
41817,21,4,25
48554,17,8,25
39508,19,6,25
43243,21,4,25
40602,17,8,25
46965,21,4,25
36454,15,10,25
43559,22,3,25
47208,20,5,25
48176,16,9,25
33318,25,0,25
41718,18,7,25
41256,19,6,25
53490,21,4,25
36968,18,7,25
42812,15,10,25
41711,18,7,25
46897,10,15,25
61429,11,14,25
35783,21,4,25
37889,19,6,25
34733,16,9,25
51649,21,4,25
46025,18,7,25
32926,20,5,25
42064,6,19,25
59929,17,8,25
45056,15,10,25
50439,18,7,25
43291,19,6,25
50750,16,9,25
45649,21,4,25
33810,18,7,25
38058,16,9,25
57549,18,7,25
56698,9,16,25
42991,22,3,25
51152,16,9,25
47427,18,7,25
35826,19,6,25
42601,18,7,25
37014,20,5,25
38777,17,8,25
37528,21,4,25
45666,21,4,25
54964,16,9,25
61496,16,9,25
57792,24,1,25
56940,17,8,25
38229,20,5,25
40160,23,2,25
61279,23,2,25
50658,21,4,25
55342,16,9,25
54680,19,6,25
55680,15,10,25
48041,24,1,25
44009,16,9,25
40140,20,5,25
34775,23,2,25
48456,19,6,25
34096,21,4,25
35728,20,5,25
51596,11,14,25
39262,12,13,25
33992,11,14,25
42168,21,4,25
42810,19,6,25
44118,18,7,25
42526,18,7,25
40612,24,1,25
34626,21,4,25
37856,15,10,25
48026,22,3,25
53638,23,2,25
39317,23,2,25
36399,13,12,25
42869,17,8,25
34155,21,4,25
46001,21,4,25
35586,23,2,25
33106,20,5,25
33845,18,7,25
43531,20,5,25
42585,11,14,25
62108,23,2,25
44106,14,11,25
40365,9,16,25
47809,19,6,25
55031,16,9,25
53376,22,3,25
33595,17,8,25
38456,21,4,25
39775,23,2,25
37551,22,3,25
44940,10,15,25
35474,19,6,25
48003,19,6,25
49044,16,9,25
43951,22,3,25
54000,18,7,25
52042,19,6,25
48129,19,6,25
63070,5,20,25
35096,10,15,25
53392,16,9,25
53628,19,6,25
47616,20,5,25
54316,25,0,25
46168,23,2,25
41356,25,0,25
39793,13,12,25
41740,19,6,25
41005,17,8,25
46142,21,4,25
43245,18,7,25
56600,18,7,25
49265,22,3,25
40805,16,9,25
55833,21,4,25
45267,20,5,25
37674,18,7,25
46555,23,2,25
42615,21,4,25
41073,16,9,25
34150,18,7,25
34341,23,2,25
46911,25,0,25
43557,19,6,25
40735,21,4,25
45575,9,16,25
40127,20,5,25
42201,19,6,25
45978,18,7,25
45536,23,2,25
34066,22,3,25
60775,21,4,25
58233,19,6,25
39290,24,1,25
40754,23,2,25
45146,20,5,25
39522,14,11,25
39657,24,1,25
35916,23,2,25
38176,17,8,25
45651,19,6,25
33850,22,3,25
41593,21,4,25
39530,23,2,25
39214,20,5,25
37781,23,2,25
40174,19,6,25
33412,19,6,25
41110,22,3,25
46113,22,3,25
43008,23,2,25
43106,22,3,25
44835,13,12,25
40232,20,5,25
43727,11,14,25
26650,25,0,25
43546,24,1,25
35340,15,10,25
62362,24,1,25
61967,24,1,25
46328,18,7,25
42268,22,3,25
37350,21,4,25
33437,15,10,25
42505,25,0,25
39647,1,24,25
47058,20,5,25
40402,17,8,25
54057,24,1,25
46829,17,8,25
35101,20,5,25
42621,16,9,25
50225,25,0,25
40676,23,2,25
56501,21,4,25
42207,23,2,25
47394,23,2,25
46154,25,0,25
46629,22,3,25
33513,23,2,25
51564,20,4,24
55370,9,15,24
48847,22,2,24
43427,17,7,24
41215,7,17,24
41436,18,6,24
42037,20,4,24
57149,20,4,24
39015,20,4,24
40478,21,3,24
49274,13,11,24
54463,18,6,24
41753,15,9,24
48857,20,4,24
36244,22,2,24
46133,22,2,24
40700,22,2,24
39892,14,10,24
37916,18,6,24
43319,11,13,24
43058,19,5,24
45236,20,4,24
50491,11,13,24
36619,21,3,24
54746,18,6,24
53660,17,7,24
39286,17,7,24
36228,20,4,24
46596,18,6,24
52060,13,11,24
47206,23,1,24
46165,18,6,24
39845,16,8,24
44253,14,10,24
47862,20,4,24
41821,17,7,24
60992,21,3,24
32848,16,8,24
58706,9,15,24
41793,19,5,24
47956,22,2,24
36522,24,0,24
42131,21,3,24
36513,24,0,24
45514,20,4,24
43035,17,7,24
43919,24,0,24
39303,16,8,24
47976,17,7,24
33136,18,6,24
41214,15,9,24
44216,21,3,24
49016,20,4,24
39644,20,4,24
36472,22,2,24
47953,21,3,24
36363,22,2,24
44243,23,1,24
40575,19,5,24
43548,13,11,24
44919,21,3,24
39083,20,4,24
42608,21,3,24
41246,11,13,24
41589,14,10,24
38568,19,5,24
39275,18,6,24
39173,16,8,24
46823,18,6,24
54570,22,2,24
36905,13,11,24
36896,21,3,24
39198,23,1,24
40523,13,11,24
43104,16,8,24
59321,23,1,24
42802,16,8,24
42030,21,3,24
52216,22,2,24
46565,17,7,24
44247,17,7,24
57631,20,4,24
44001,19,5,24
38737,12,12,24
43311,16,8,24
41096,18,6,24
39710,20,4,24
36577,14,10,24
47254,6,18,24
36406,21,3,24
44904,21,3,24
37874,21,3,24
43482,15,9,24
49143,21,3,24
42414,16,8,24
45287,16,8,24
36410,18,6,24
39832,22,2,24
45265,16,8,24
44010,17,7,24
56400,15,9,24
38030,20,4,24
39670,18,6,24
41827,15,9,24
48028,18,6,24
44559,17,7,24
39766,20,4,24
41755,19,5,24
47262,20,4,24
37997,20,4,24
39611,15,9,24
39631,19,5,24
45428,20,4,24
38793,15,9,24
43353,19,5,24
40895,23,1,24
59927,17,7,24
38759,18,6,24
51928,9,15,24
36708,23,1,24
45271,21,3,24
36334,19,5,24
39333,17,7,24
47392,19,5,24
60911,21,3,24
55361,15,9,24
36918,20,4,24
56804,19,5,24
41596,14,10,24
57164,9,15,24
38925,23,1,24
45691,16,8,24
37969,17,7,24
44834,16,8,24
33553,17,7,24
37961,19,5,24
37137,20,4,24
38894,20,4,24
36831,19,5,24
39027,13,11,24
47522,22,2,24
37124,13,11,24
37123,19,5,24
47193,19,5,24
49371,18,6,24
40435,15,9,24
44577,16,8,24
42239,18,6,24
51735,17,7,24
41584,21,3,24
59511,20,4,24
52383,14,10,24
61189,14,10,24
36685,22,2,24
39007,15,9,24
47422,19,5,24
43941,19,5,24
56733,23,1,24
48246,19,5,24
35924,15,9,24
52274,12,12,24
54529,18,6,24
54201,20,4,24
47339,19,5,24
63750,5,19,24
48086,14,10,24
43345,19,5,24
37667,20,4,24
37651,20,4,24
53104,18,6,24
53696,20,4,24
45974,20,4,24
56558,17,7,24
43725,17,7,24
52492,9,15,24
53348,16,8,24
36898,19,5,24
36871,16,8,24
51226,15,9,24
53445,8,16,24
52545,6,18,24
35904,21,3,24
53049,18,6,24
36264,18,6,24
42819,20,4,24
40508,21,3,24
37824,15,9,24
35897,10,14,24
51587,13,11,24
46287,21,3,24
53350,16,8,24
51489,18,6,24
32811,10,14,24
39247,15,9,24
49048,17,7,24
51317,17,7,24
51313,14,10,24
63949,20,4,24
54548,18,6,24
63692,24,0,24
63679,21,3,24
63576,24,0,24
63526,12,12,24
63264,14,10,24
38719,18,6,24
56360,17,7,24
43465,19,5,24
40590,22,2,24
59246,17,7,24
62788,24,0,24
40544,18,6,24
48895,17,7,24
56818,7,17,24
61629,20,4,24
61422,16,8,24
49487,15,9,24
61066,17,7,24
60263,19,5,24
50316,11,13,24
60760,19,5,24
60601,19,5,24
52511,19,5,24
51962,14,10,24
42912,18,6,24
58650,16,8,24
55457,17,7,24
59205,19,5,24
48679,19,5,24
37523,14,10,24
52849,12,12,24
47016,24,0,24
34873,15,9,24
40442,19,5,24
43963,15,9,24
57494,19,5,24
45694,7,17,24
48202,19,5,24
52942,11,13,24
48039,14,10,24
60614,18,6,24
48034,19,5,24
64480,5,19,24
57041,17,7,24
64850,16,8,24
61087,21,3,24
37305,18,6,24
47105,24,0,24
64078,22,2,24
62879,20,4,24
52887,17,7,24
62515,22,2,24
52343,21,3,24
45155,17,7,24
65013,12,12,24
35655,20,4,24
45902,18,6,24
35931,19,5,24
47820,19,5,24
58682,16,8,24
35203,18,6,24
62028,23,1,24
37290,20,4,24
38673,21,3,24
34377,14,10,24
39802,14,10,24
47299,22,2,24
39423,18,6,24
48302,18,6,24
46355,21,3,24
61528,24,0,24
52488,15,9,24
40213,13,11,24
40083,18,6,24
58735,19,5,24
33314,19,5,24
45196,18,6,24
37540,16,8,24
34970,18,6,24
44644,16,8,24
37491,12,12,24
58386,23,1,24
50944,19,5,24
55648,19,5,24
59905,19,5,24
37077,20,4,24
52436,21,3,24
65310,11,13,24
38025,16,8,24
49964,21,3,24
33169,17,7,24
55967,8,16,24
38518,17,7,24
48821,18,6,24
55429,18,6,24
35493,18,6,24
34560,14,10,24
37288,18,6,24
46396,14,10,24
33688,16,8,24
37230,11,13,24
34747,17,7,24
32875,16,8,24
45812,22,2,24
34254,10,14,24
62216,22,2,24
54893,15,9,24
37178,23,1,24
34446,17,7,24
48319,10,14,24
35106,14,10,24
45349,12,12,24
34572,17,7,24
49130,18,6,24
42829,12,12,24
64663,13,11,24
33488,18,6,24
56659,13,11,24
34118,4,20,24
60663,6,18,24
34106,15,9,24
33297,19,5,24
33586,15,9,24
35291,12,12,24
53171,12,12,24
37041,19,5,24
50019,21,3,24
36071,18,6,24
49974,18,6,24
63742,23,1,24
62121,19,5,24
43743,20,4,24
35880,16,8,24
65162,15,9,24
65141,24,0,24
34429,15,9,24
50563,15,9,24
64676,14,10,24
35119,21,3,24
56796,15,9,24
65444,5,19,24
45816,20,4,24
61806,19,5,24
41284,21,3,24
34239,20,4,24
36201,22,2,24
42324,10,14,24
59705,9,15,24
37179,15,9,24
33621,17,7,24
49947,10,14,24
42788,12,12,24
33366,14,10,24
34714,20,4,24
35778,14,10,24
35170,16,8,24
34696,4,20,24
33506,23,1,24
34400,22,2,24
34022,15,9,24
41903,15,9,24
55676,11,13,24
34000,7,17,24
65516,23,1,24
62847,23,1,24
36231,19,5,24
62151,5,19,24
35165,20,4,24
45080,12,12,24
48073,22,2,24
45777,13,11,24
38705,19,5,24
57333,20,4,24
35471,20,4,24
33827,17,7,24
51219,15,9,24
35285,21,3,24
42507,15,9,24
46802,6,18,24
35433,17,7,24
35093,11,13,24
49885,15,9,24
64249,17,7,24
35113,22,2,24
40579,14,10,24
38088,14,10,24
33000,12,12,24
37730,20,4,24
52919,17,7,24
34971,18,6,24
36104,21,3,24
42356,19,5,24
35989,15,9,24
65092,21,3,24
65106,24,0,24
52010,8,16,24
50497,18,6,24
44133,24,0,24
37249,20,4,24
33898,19,5,24
36533,22,2,24
49519,14,10,24
62014,16,8,24
62238,24,0,24
47659,13,11,24
62833,24,0,24
63233,9,15,24
50127,21,3,24
54734,10,14,24
61057,23,1,24
62270,17,7,24
63583,17,7,24
39521,6,18,24
50587,22,2,24
58649,17,7,24
45579,12,12,24
63700,21,3,24
36202,18,6,24
63563,23,1,24
49548,18,6,24
55728,21,3,24
42457,14,10,24
62256,17,7,24
63615,24,0,24
32888,17,7,24
51938,18,6,24
38506,17,7,24
40047,16,8,24
57002,17,7,24
63556,21,3,24
61756,18,6,24
41617,19,5,24
56697,13,11,24
65307,18,6,24
51386,19,5,24
38561,20,4,24
63797,20,4,24
42853,20,4,24
47388,16,8,24
46904,22,2,24
65107,23,1,24
56722,17,7,24
36961,18,6,24
35426,22,2,24
38103,20,4,24
47274,16,8,24
43792,18,6,24
51500,15,9,24
33839,23,1,24
39684,13,11,24
39097,17,7,24
36989,21,3,24
54235,6,18,24
48253,17,7,24
40187,22,2,24
58880,21,3,24
42827,15,9,24
52799,21,3,24
59981,21,3,24
47563,13,11,24
52589,21,3,24
38602,17,7,24
44722,20,4,24
40010,20,4,24
50752,19,5,24
36232,17,7,24
34811,12,12,24
36344,16,8,24
52237,18,6,24
58772,16,8,24
42291,20,4,24
54594,8,16,24
56067,9,15,24
51438,20,4,24
60289,18,6,24
63095,19,5,24
33326,10,14,24
44704,21,3,24
57227,22,2,24
56769,19,5,24
59198,20,4,24
48014,19,5,24
36327,20,4,24
40964,20,4,24
48698,21,3,24
43647,18,6,24
42197,20,4,24
36355,22,2,24
32851,22,2,24
53767,20,4,24
48331,20,4,24
48105,24,0,24
38221,17,7,24
38404,15,9,24
33105,15,9,24
39037,17,7,24
33701,15,9,24
34983,18,6,24
44699,19,5,24
44473,10,14,24
47993,11,13,24
44874,21,3,24
41446,20,4,24
47074,20,4,24
52415,16,8,24
44254,17,7,24
58140,21,3,24
46666,18,6,24
34342,18,6,24
36005,23,1,24
46858,23,1,24
38413,22,2,24
48108,8,16,24
39727,15,9,24
37611,13,11,24
39795,17,7,24
39066,18,6,24
34945,19,5,24
44654,14,10,24
43593,20,4,24
32804,19,5,24
39309,20,4,24
52016,22,2,24
48123,23,1,24
45447,18,6,24
63166,23,1,24
41560,22,2,24
35329,16,8,24
35205,20,4,24
48400,15,9,24
63741,5,19,24
33672,12,12,24
44999,10,14,24
55600,19,5,24
41553,15,9,24
37557,16,8,24
55673,18,6,24
39161,20,4,24
48617,12,12,24
39848,20,4,24
42551,19,5,24
44676,22,2,24
39236,20,4,24
62094,24,0,24
34422,22,2,24
64734,5,19,24
61323,23,1,24
36119,22,2,24
40798,14,10,24
56859,18,6,24
32872,15,9,24
33866,22,2,24
46285,21,3,24
35703,22,2,24
39859,11,13,24
40125,22,2,24
40345,18,6,24
45880,22,2,24
40702,19,5,24
38355,19,5,24
45557,19,5,24
35866,24,0,24
37539,19,5,24
47207,22,2,24
45939,20,4,24
39328,21,3,24
39332,24,0,24
45673,13,11,24
39651,17,7,24
48968,21,3,24
49146,19,5,24
43859,6,18,24
41350,21,3,24
37533,16,8,24
44756,23,1,24
41774,17,7,24
47719,21,3,24
55644,18,6,24
34161,18,6,24
47376,21,3,24
60926,20,4,24
25964,10,14,24
42254,22,2,24
61439,24,0,24
62360,24,0,24
38037,19,5,24
62903,24,0,24
46461,19,5,24
39453,18,6,24
41627,18,6,24
37954,18,6,24
44441,19,5,24
52631,19,5,24
35104,22,2,24
58394,17,7,24
38489,22,2,24
35676,20,4,24
54482,20,4,24
35214,18,6,24
61533,24,0,24
61776,23,1,24
44807,24,0,24
40262,19,5,24
47602,22,2,24
51827,14,10,24
40827,5,19,24
34648,20,4,24
53766,23,1,24
47852,13,11,24
54311,19,5,24
54453,19,5,24
60338,20,4,24
38068,18,6,24
64301,24,0,24
64418,24,0,24
39079,19,4,23
41640,18,5,23
36301,21,2,23
40172,11,12,23
38161,13,10,23
48251,20,3,23
36284,8,15,23
36273,21,2,23
42670,19,4,23
49466,17,6,23
57518,15,8,23
47523,16,7,23
49256,17,6,23
37370,14,9,23
43374,19,4,23
40687,17,6,23
33693,19,4,23
41955,16,7,23
40003,20,3,23
38681,4,19,23
38803,14,9,23
39636,23,0,23
39943,18,5,23
46486,15,8,23
44051,17,6,23
63657,22,1,23
38206,10,13,23
41169,18,5,23
55647,20,3,23
44293,16,7,23
45234,18,5,23
40152,17,6,23
42448,21,2,23
42163,18,5,23
36572,18,5,23
40803,20,3,23
56425,15,8,23
45984,20,3,23
36383,20,3,23
41460,17,6,23
56180,19,4,23
41021,18,5,23
38714,20,3,23
54290,14,9,23
47965,18,5,23
44770,19,4,23
54427,15,8,23
43330,21,2,23
36508,22,1,23
50970,20,3,23
44019,19,4,23
33760,18,5,23
36482,18,5,23
45946,17,6,23
42132,22,1,23
51794,11,12,23
40857,15,8,23
43162,17,6,23
41398,17,6,23
45275,17,6,23
42374,15,8,23
36916,15,8,23
54955,16,7,23
50956,12,11,23
44074,9,14,23
47176,12,11,23
43763,16,7,23
32783,17,6,23
41449,11,12,23
45554,18,5,23
43197,12,11,23
40879,20,3,23
41907,17,6,23
47072,18,5,23
36849,21,2,23
39537,17,6,23
59676,17,6,23
39581,17,6,23
38624,14,9,23
58158,18,5,23
49715,14,9,23
40990,14,9,23
57939,11,12,23
38273,17,6,23
36812,13,10,23
36810,18,5,23
40771,17,6,23
41914,17,6,23
42199,9,14,23
45207,15,8,23
40026,17,6,23
44848,16,7,23
39078,22,1,23
44012,18,5,23
46176,16,7,23
47246,13,10,23
36757,21,2,23
48795,15,8,23
56710,13,10,23
40224,17,6,23
36566,18,5,23
45726,18,5,23
48187,16,7,23
47223,16,7,23
51197,6,17,23
44936,17,6,23
38884,19,4,23
46274,17,6,23
44696,7,16,23
51394,13,10,23
36701,20,3,23
36697,11,12,23
44847,19,4,23
38541,15,8,23
38324,16,7,23
42490,18,5,23
42875,18,5,23
49142,20,3,23
48303,18,5,23
33602,11,12,23
36676,20,3,23
44628,18,5,23
38449,20,3,23
38393,14,9,23
45692,13,10,23
55960,19,4,23
51935,18,5,23
43612,18,5,23
38354,12,11,23
33574,20,3,23
37156,14,9,23
42255,15,8,23
38740,16,7,23
41882,10,13,23
40054,14,9,23
49126,12,11,23
39649,9,14,23
39300,19,4,23
41261,7,16,23
36351,4,19,23
61654,23,0,23
57981,10,13,23
61376,21,2,23
58388,20,3,23
61137,20,3,23
55821,18,5,23
54950,14,9,23
44040,17,6,23
56097,16,7,23
47325,12,11,23
59353,15,8,23
59340,16,7,23
55761,15,8,23
35041,17,6,23
49230,11,12,23
46178,16,7,23
46898,17,6,23
39995,16,7,23
45224,19,4,23
55247,17,6,23
47337,19,4,23
43604,16,7,23
41170,18,5,23
52499,11,12,23
56154,19,4,23
33786,15,8,23
52621,15,8,23
53150,19,4,23
49074,12,11,23
62384,19,4,23
52497,10,13,23
44062,16,7,23
61389,16,7,23
55583,18,5,23
52446,16,7,23
38537,17,6,23
55720,10,13,23
55674,12,11,23
52963,11,12,23
56648,17,6,23
54340,18,5,23
49334,15,8,23
39362,10,13,23
46392,15,8,23
37062,19,4,23
63043,22,1,23
62519,19,4,23
36442,22,1,23
46516,18,5,23
64203,13,10,23
57958,16,7,23
63956,21,2,23
63947,23,0,23
49065,19,4,23
63673,22,1,23
32917,16,7,23
40841,12,11,23
1034,23,0,23
63243,21,2,23
45656,19,4,23
51878,15,8,23
63120,5,18,23
51172,11,12,23
60999,17,6,23
55477,12,11,23
62746,22,1,23
62735,22,1,23
62663,21,2,23
62636,22,1,23
48916,19,4,23
43257,16,7,23
61488,19,4,23
38045,17,6,23
61675,21,2,23
62295,23,0,23
54203,8,15,23
59268,17,6,23
61635,22,1,23
47260,16,7,23
61510,23,0,23
56431,5,18,23
63340,5,18,23
61337,21,2,23
61273,22,1,23
61222,10,13,23
51806,6,17,23
40325,11,12,23
40316,13,10,23
38971,16,7,23
47647,13,10,23
35410,21,2,23
60026,21,2,23
53461,22,1,23
40969,17,6,23
58898,13,10,23
53668,16,7,23
43457,11,12,23
47087,18,5,23
41801,15,8,23
55731,10,13,23
58878,15,8,23
46353,14,9,23
44264,15,8,23
58541,19,4,23
35969,20,3,23
37624,16,7,23
48260,19,4,23
42612,20,3,23
58096,5,18,23
43002,16,7,23
46045,21,2,23
42577,20,3,23
56048,14,9,23
33008,16,7,23
54863,14,9,23
49489,16,7,23
64848,15,8,23
39822,14,9,23
54502,18,5,23
36906,19,4,23
36270,7,16,23
63858,21,2,23
54803,14,9,23
36763,19,4,23
35453,20,3,23
52517,10,13,23
52279,15,8,23
44255,15,8,23
40398,16,7,23
36080,21,2,23
33134,13,10,23
35939,12,11,23
46824,19,4,23
49996,17,6,23
47927,17,6,23
36663,15,8,23
41828,22,1,23
62677,17,6,23
37111,17,6,23
60834,11,12,23
35619,19,4,23
445,23,0,23
40661,12,11,23
38105,21,2,23
46268,15,8,23
44167,16,7,23
40448,11,12,23
44160,13,10,23
36224,19,4,23
54846,21,2,23
35256,17,6,23
49001,18,5,23
56201,17,6,23
48465,9,14,23
34979,19,4,23
38480,20,3,23
48947,6,17,23
33213,8,15,23
54759,18,5,23
46041,12,11,23
36036,15,8,23
50269,16,7,23
49122,17,6,23
55971,13,10,23
38996,12,11,23
35121,16,7,23
35042,15,8,23
63890,19,4,23
53457,20,3,23
38844,12,11,23
33962,11,12,23
56100,11,12,23
37362,16,7,23
65327,17,6,23
36169,19,4,23
45811,21,2,23
39250,20,3,23
58908,19,4,23
44852,18,5,23
47603,13,10,23
37176,17,6,23
45799,15,8,23
51946,17,6,23
63782,10,13,23
37250,17,6,23
49550,19,4,23
36192,16,7,23
37484,17,6,23
33465,14,9,23
33980,9,14,23
49997,21,2,23
62820,21,2,23
63266,17,6,23
65432,5,18,23
48584,14,9,23
64629,12,11,23
45098,5,18,23
34821,16,7,23
53000,14,9,23
41016,9,14,23
34867,12,11,23
45947,21,2,23
36760,19,4,23
34679,22,1,23
35598,9,14,23
37198,19,4,23
56877,14,9,23
35271,21,2,23
48063,19,4,23
34405,17,6,23
35055,10,13,23
52774,18,5,23
38408,14,9,23
52836,13,10,23
48464,18,5,23
34241,11,12,23
63935,21,2,23
37274,13,10,23
58713,11,12,23
49137,16,7,23
33388,15,8,23
48552,15,8,23
40731,9,14,23
64679,16,7,23
38756,21,2,23
36570,12,11,23
64962,22,1,23
35228,18,5,23
35156,18,5,23
65496,18,5,23
34587,19,4,23
41452,14,9,23
38723,18,5,23
52379,16,7,23
39257,12,11,23
65148,11,12,23
34826,19,4,23
38771,8,15,23
41600,18,5,23
33194,19,4,23
52527,17,6,23
47984,14,9,23
52247,13,10,23
37213,15,8,23
48355,17,6,23
44131,13,10,23
41635,15,8,23
42950,13,10,23
40572,20,3,23
58742,19,4,23
33160,17,6,23
36790,13,10,23
39288,18,5,23
33903,11,12,23
55199,10,13,23
48495,19,4,23
35706,16,7,23
48012,21,2,23
50126,19,4,23
37777,12,11,23
52262,16,7,23
35059,13,10,23
54449,11,12,23
51274,18,5,23
54435,20,3,23
34776,17,6,23
56801,15,8,23
64565,19,4,23
64083,19,4,23
61600,22,1,23
34468,16,7,23
35323,15,8,23
37031,18,5,23
61400,11,12,23
62451,11,12,23
62457,11,12,23
62875,21,2,23
53613,20,3,23
62166,11,12,23
63374,20,3,23
33540,20,3,23
54221,21,2,23
56204,14,9,23
51871,19,4,23
52990,18,5,23
56539,16,7,23
56725,19,4,23
42381,20,3,23
27836,11,12,23
62122,19,4,23
62661,15,8,23
58038,15,8,23
60960,11,12,23
62178,22,1,23
33358,16,7,23
52662,19,4,23
53364,19,4,23
54296,12,11,23
54472,22,1,23
56012,16,7,23
42984,12,11,23
63737,11,12,23
63943,22,1,23
45020,19,4,23
44474,18,5,23
45890,17,6,23
46465,13,10,23
58599,17,6,23
35740,13,10,23
56791,15,8,23
52305,16,7,23
57794,8,15,23
34198,12,11,23
52307,21,2,23
63912,23,0,23
46241,14,9,23
63688,18,5,23
43503,16,7,23
48286,17,6,23
42854,21,2,23
52085,15,8,23
41521,15,8,23
61801,22,1,23
45355,20,3,23
61812,23,0,23
43121,20,3,23
51203,21,2,23
35704,14,9,23
36973,19,4,23
56082,9,14,23
44538,16,7,23
32828,20,3,23
49622,22,1,23
35630,19,4,23
55763,16,7,23
38579,20,3,23
52169,12,11,23
35837,17,6,23
37017,13,10,23
52661,17,6,23
61875,13,10,23
37158,20,3,23
61876,5,18,23
46323,18,5,23
35606,14,9,23
59323,10,13,23
54959,18,5,23
62261,17,6,23
62702,21,2,23
62292,21,2,23
52626,11,12,23
55382,13,10,23
51335,19,4,23
45577,20,3,23
38448,17,6,23
39828,13,10,23
52014,13,10,23
40369,15,8,23
60041,21,2,23
55917,18,5,23
41512,13,10,23
58033,19,4,23
35467,18,5,23
41127,7,16,23
57270,13,10,23
38977,22,1,23
38351,5,18,23
39944,19,4,23
53943,18,5,23
55640,19,4,23
40268,15,8,23
45849,16,7,23
47972,18,5,23
36024,22,1,23
40289,22,1,23
47233,18,5,23
46143,19,4,23
33487,17,6,23
35142,16,7,23
47895,17,6,23
43890,17,6,23
40931,21,2,23
33818,19,4,23
62886,20,3,23
63090,17,6,23
48160,21,2,23
45802,20,3,23
58236,16,7,23
56688,16,7,23
55195,20,3,23
52015,19,4,23
45544,17,6,23
40734,18,5,23
49481,21,2,23
44565,17,6,23
41605,18,5,23
41648,19,4,23
48644,19,4,23
56001,16,7,23
52058,16,7,23
41851,19,4,23
32927,22,1,23
41930,18,5,23
47272,21,2,23
51659,20,3,23
38434,15,8,23
44813,14,9,23
61934,21,2,23
63727,5,18,23
46331,20,3,23
40489,21,2,23
51712,21,2,23
38107,17,6,23
44918,10,13,23
34318,20,3,23
41150,20,3,23
47137,21,2,23
39241,14,9,23
48872,20,3,23
39787,18,5,23
44866,15,8,23
47140,20,3,23
52101,22,1,23
44674,14,9,23
35075,18,5,23
48966,15,8,23
45551,17,6,23
35754,12,11,23
47663,14,9,23
43717,18,5,23
47071,22,1,23
43220,14,9,23
34218,23,0,23
45922,19,4,23
46779,16,7,23
54465,18,5,23
62541,22,1,23
39375,16,7,23
48707,15,8,23
55639,21,2,23
34389,13,10,23
35903,18,5,23
41461,21,2,23
37689,21,2,23
53572,17,6,23
41567,17,6,23
42352,16,7,23
38860,20,3,23
40759,22,1,23
43079,18,5,23
37742,22,1,23
41174,15,8,23
41698,19,4,23
45677,20,3,23
43496,21,2,23
33863,20,3,23
61319,23,0,23
61321,23,0,23
61739,22,1,23
61745,23,0,23
61780,22,1,23
61887,23,0,23
62031,23,0,23
43003,14,9,23
34244,20,3,23
47462,22,1,23
38380,20,3,23
35408,16,7,23
64338,23,0,23
34406,21,2,23
41482,20,3,23
43366,18,5,23
54813,20,3,23
48910,21,2,23
44002,18,5,23
35672,21,2,23
44207,22,1,23
34214,19,4,23
59709,22,1,23
61782,22,1,23
44809,20,3,23
62996,23,0,23
63407,22,1,23
43155,22,1,23
46235,15,8,23
41756,23,0,23
33470,20,3,23
44185,19,4,23
47843,14,9,23
42000,18,5,23
46357,18,5,23
45909,19,4,23
38549,15,8,23
48962,20,3,23
41309,20,3,23
40137,20,3,23
33912,16,7,23
60360,19,4,23
42160,18,5,23
62502,23,0,23
46856,15,7,22
51713,18,4,22
37897,15,7,22
56420,12,10,22
40392,20,2,22
36263,17,5,22
46094,19,3,22
27517,11,11,22
46598,16,6,22
51378,10,12,22
44108,18,4,22
42257,18,4,22
44742,19,3,22
36655,16,6,22
44265,18,4,22
60175,19,3,22
37909,18,4,22
44275,17,5,22
45631,19,3,22
46984,15,7,22
48090,14,8,22
40917,16,6,22
48352,18,4,22
40131,19,3,22
40304,18,4,22
40819,16,6,22
53163,20,2,22
38938,13,9,22
45226,12,10,22
52300,18,4,22
44924,12,10,22
36331,16,6,22
43824,12,10,22
36348,8,14,22
45700,13,9,22
63931,21,1,22
36471,21,1,22
40247,17,5,22
40977,17,5,22
44417,3,19,22
38001,15,7,22
43587,17,5,22
47735,15,7,22
38629,14,8,22
53539,21,1,22
43049,15,7,22
43241,18,4,22
43986,21,1,22
36895,18,4,22
40313,15,7,22
39614,13,9,22
36297,16,6,22
36878,22,0,22
45490,17,5,22
56433,10,12,22
44361,19,3,22
48605,17,5,22
53581,13,9,22
37681,18,4,22
48276,19,3,22
36926,16,6,22
47145,19,3,22
36842,18,4,22
44771,5,17,22
47561,19,3,22
44693,17,5,22
42049,21,1,22
45036,18,4,22
54206,20,2,22
46886,17,5,22
52322,21,1,22
48149,10,12,22
40432,20,2,22
36779,9,13,22
37686,21,1,22
37843,17,5,22
46787,14,8,22
40643,13,9,22
38402,14,8,22
36738,18,4,22
42563,18,4,22
55864,16,6,22
46520,16,6,22
45015,7,15,22
44641,9,13,22
41731,13,9,22
43235,18,4,22
39819,8,14,22
46952,13,9,22
38349,20,2,22
39040,16,6,22
33744,16,6,22
40622,16,6,22
46847,17,5,22
58161,13,9,22
55642,19,3,22
56995,19,3,22
37888,16,6,22
45933,15,7,22
56021,22,0,22
47450,13,9,22
46849,18,4,22
39515,18,4,22
42355,17,5,22
45735,5,17,22
37154,18,4,22
39256,5,17,22
39495,6,16,22
42562,12,10,22
40443,13,9,22
44746,12,10,22
35963,4,18,22
37113,19,3,22
38617,15,7,22
43654,11,11,22
39926,15,7,22
56312,15,7,22
61674,22,0,22
57800,18,4,22
56070,15,7,22
57623,11,11,22
55585,17,5,22
62418,5,17,22
56740,16,6,22
37425,15,7,22
53678,19,3,22
55751,14,8,22
53319,17,5,22
49045,14,8,22
52076,19,3,22
39699,18,4,22
48116,17,5,22
34986,10,12,22
52337,14,8,22
53356,20,2,22
37986,17,5,22
57988,15,7,22
53257,18,4,22
55790,12,10,22
45351,9,13,22
51149,21,1,22
36493,14,8,22
53139,21,1,22
52992,16,6,22
43798,16,6,22
37580,17,5,22
48454,18,4,22
51548,15,7,22
57945,10,12,22
53302,12,10,22
58977,16,6,22
48520,15,7,22
52315,16,6,22
43528,12,10,22
44778,5,17,22
56084,15,7,22
51332,18,4,22
33421,12,10,22
64098,21,1,22
45914,12,10,22
63826,21,1,22
64373,20,2,22
32918,12,10,22
63613,22,0,22
61427,21,1,22
59235,8,14,22
36330,20,2,22
33730,16,6,22
48503,13,9,22
63001,21,1,22
61687,11,11,22
62751,22,0,22
62745,18,4,22
62744,20,2,22
62682,22,0,22
62641,22,0,22
37059,7,15,22
51439,15,7,22
62486,22,0,22
54217,17,5,22
36848,8,14,22
51163,15,7,22
61732,21,1,22
61721,21,1,22
56761,14,8,22
61344,17,5,22
52129,17,5,22
33524,15,7,22
50865,20,2,22
51249,10,12,22
47490,18,4,22
52341,19,3,22
40971,17,5,22
60065,22,0,22
33713,17,5,22
42930,19,3,22
48538,11,11,22
48528,20,2,22
45040,14,8,22
45239,19,3,22
52192,16,6,22
38239,18,4,22
37039,17,5,22
37807,1,21,22
59213,15,7,22
54417,12,10,22
42371,18,4,22
54422,17,5,22
58020,12,10,22
55632,18,4,22
41254,16,6,22
60950,16,6,22
46975,17,5,22
47763,11,11,22
37980,13,9,22
54787,12,10,22
35864,16,6,22
39915,18,4,22
35871,15,7,22
57354,17,5,22
60368,20,2,22
63532,12,10,22
38510,17,5,22
47384,11,11,22
64061,5,17,22
41873,18,4,22
38288,19,3,22
40510,17,5,22
48608,17,5,22
51917,17,5,22
61089,18,4,22
53447,10,12,22
33360,16,6,22
53433,12,10,22
39568,13,9,22
35281,11,11,22
38640,18,4,22
35454,14,8,22
63711,20,2,22
51536,16,6,22
51509,8,14,22
54384,16,6,22
58740,10,12,22
36161,17,5,22
61130,21,1,22
44111,11,11,22
48833,12,10,22
45980,18,4,22
52429,17,5,22
46183,12,10,22
48931,18,4,22
55227,19,3,22
34015,20,2,22
36994,11,11,22
44650,19,3,22
35827,16,6,22
42824,14,8,22
48228,16,6,22
43468,16,6,22
54186,17,5,22
61239,11,11,22
48654,18,4,22
60769,11,11,22
55657,9,13,22
56707,11,11,22
58354,12,10,22
65036,22,0,22
34967,18,4,22
34201,21,1,22
43830,18,4,22
49983,15,7,22
38170,3,19,22
64120,20,2,22
47733,13,9,22
46501,15,7,22
40635,11,11,22
52050,15,7,22
51373,19,3,22
63620,18,4,22
53013,16,6,22
52982,15,7,22
65312,21,1,22
63842,10,12,22
33460,17,5,22
48494,8,14,22
34920,12,10,22
35164,13,9,22
64886,21,1,22
44666,14,8,22
37241,19,3,22
61569,20,2,22
55842,12,10,22
33972,13,9,22
48832,15,7,22
33865,18,4,22
51183,12,10,22
64116,19,3,22
63221,14,8,22
32899,10,12,22
35559,17,5,22
55836,12,10,22
35198,15,7,22
34561,8,14,22
59310,18,4,22
64448,21,1,22
34469,9,13,22
41134,10,12,22
34751,10,12,22
35008,7,15,22
34455,18,4,22
40728,18,4,22
34672,17,5,22
33816,9,13,22
34359,17,5,22
46301,5,17,22
33316,18,4,22
65142,20,2,22
35137,8,14,22
64849,16,6,22
64439,17,5,22
35863,16,6,22
44571,13,9,22
34598,16,6,22
36571,14,8,22
42891,14,8,22
49706,13,9,22
53858,17,5,22
61856,21,1,22
34917,9,13,22
48978,8,14,22
65118,21,1,22
64131,21,1,22
63386,17,5,22
58548,19,3,22
47860,16,6,22
36162,19,3,22
41388,17,5,22
33583,16,6,22
41621,13,9,22
65441,21,1,22
42800,13,9,22
44657,15,7,22
48658,11,11,22
65028,22,0,22
49113,19,3,22
34557,14,8,22
46551,12,10,22
42042,16,6,22
52659,18,4,22
40984,9,13,22
64853,5,17,22
40320,15,7,22
28005,11,11,22
39440,18,4,22
53261,18,4,22
34895,12,10,22
33321,3,19,22
46614,21,1,22
34148,14,8,22
35363,19,3,22
39864,18,4,22
53773,20,2,22
34417,17,5,22
37215,18,4,22
36197,14,8,22
43405,11,11,22
34559,13,9,22
64695,17,5,22
36829,19,3,22
42763,20,2,22
65331,20,2,22
63790,5,17,22
58745,17,5,22
35833,16,6,22
40684,16,6,22
55340,15,7,22
34031,20,2,22
51495,12,10,22
34571,18,4,22
36179,20,2,22
52056,14,8,22
46394,19,3,22
36131,15,7,22
42148,20,2,22
33352,14,8,22
63564,22,0,22
51986,14,8,22
44455,15,7,22
63098,14,8,22
35451,17,5,22
44651,16,6,22
62376,22,0,22
63748,17,5,22
64275,22,0,22
51840,18,4,22
52928,19,3,22
58653,13,9,22
63031,22,0,22
63377,18,4,22
37311,15,7,22
61656,14,8,22
63213,22,0,22
63560,21,1,22
56677,19,3,22
45942,18,4,22
60905,15,7,22
61953,21,1,22
54669,6,16,22
35731,11,11,22
51641,15,7,22
57724,13,9,22
60777,12,10,22
45604,17,5,22
61665,22,0,22
51594,17,5,22
36937,19,3,22
52656,21,1,22
61859,22,0,22
63027,18,4,22
63032,20,2,22
33597,17,5,22
65023,22,0,22
52808,17,5,22
36936,15,7,22
33244,19,3,22
51235,16,6,22
57367,17,5,22
45688,17,5,22
56790,9,13,22
35701,12,10,22
59244,12,10,22
35749,14,8,22
46003,10,12,22
33070,16,6,22
41071,19,3,22
31455,15,7,22
34593,16,6,22
65108,22,0,22
37881,18,4,22
36287,20,2,22
56903,17,5,22
47235,18,4,22
48144,19,3,22
36423,15,7,22
40171,18,4,22
51298,21,1,22
32974,14,8,22
58932,12,10,22
33153,21,1,22
36173,12,10,22
53637,11,11,22
50214,22,0,22
42213,17,5,22
51398,11,11,22
39627,14,8,22
62963,18,4,22
52500,13,9,22
37985,13,9,22
47081,19,3,22
46432,18,4,22
51466,18,4,22
54920,13,9,22
42153,15,7,22
57340,8,14,22
38121,16,6,22
47407,13,9,22
61129,20,2,22
47883,21,1,22
39690,18,4,22
42240,19,3,22
50659,19,3,22
54356,16,6,22
61169,20,2,22
58815,20,2,22
46919,12,10,22
47731,16,6,22
61884,18,4,22
39090,19,3,22
39297,17,5,22
39273,8,14,22
44748,19,3,22
41325,14,8,22
56654,17,5,22
41141,18,4,22
49029,20,2,22
36393,20,2,22
42325,18,4,22
44814,18,4,22
42550,19,3,22
35549,12,10,22
35237,17,5,22
44765,18,4,22
38893,17,5,22
47668,17,5,22
41291,14,8,22
44828,16,6,22
47251,9,13,22
38131,15,7,22
41203,18,4,22
43028,18,4,22
33484,20,2,22
34283,22,0,22
34440,18,4,22
34502,18,4,22
41210,19,3,22
42715,20,2,22
44055,4,18,22
42716,20,2,22
41794,15,7,22
41921,15,7,22
36146,22,0,22
41160,16,6,22
36066,17,5,22
46127,3,19,22
53665,17,5,22
37629,18,4,22
58525,7,15,22
7000,1,21,22
51558,20,2,22
36095,21,1,22
48907,19,3,22
55144,16,6,22
62267,17,5,22
38178,14,8,22
56557,18,4,22
46687,19,3,22
46261,20,2,22
33706,15,7,22
38110,13,9,22
54224,19,3,22
40617,22,0,22
35536,20,2,22
61107,18,4,22
45178,20,2,22
44390,21,1,22
61979,21,1,22
60207,19,3,22
62437,18,4,22
62805,21,1,22
41541,14,8,22
43931,16,6,22
59913,20,2,22
45375,18,4,22
33121,16,6,22
57684,13,9,22
45333,21,1,22
46637,21,1,22
46462,16,6,22
33826,17,5,22
44130,7,15,22
48002,19,3,22
51491,15,7,22
47705,18,4,22
44635,19,3,22
52878,20,2,22
48653,11,11,22
46835,19,3,22
34266,19,3,22
37396,16,6,22
35958,22,0,22
43780,17,5,22
39343,20,2,22
38507,17,5,22
34596,9,13,22
51770,9,13,22
44549,18,4,22
38097,20,2,22
56529,18,4,22
38592,11,11,22
46391,17,5,22
33789,19,3,22
33797,20,2,22
47217,13,9,22
35961,18,4,22
39941,19,3,22
41770,16,6,22
33981,6,16,22
47651,18,4,22
44398,14,8,22
44701,15,7,22
42771,16,6,22
47730,11,11,22
39304,8,14,22
57693,16,6,22
38136,18,4,22
40986,19,3,22
34041,15,7,22
42238,19,3,22
28204,1,21,22
38527,19,3,22
62155,5,17,22
45815,17,5,22
34126,22,0,22
61489,21,1,22
61857,21,1,22
61886,21,1,22
38390,16,6,22
62143,21,1,22
44209,13,9,22
53846,17,5,22
43013,19,3,22
41052,17,5,22
46228,17,5,22
25969,11,11,22
43909,10,12,22
41430,16,6,22
50946,8,14,22
37979,15,7,22
43843,18,4,22
46900,17,5,22
45113,20,2,22
47419,19,3,22
57122,20,2,22
57807,20,2,22
40326,14,8,22
49124,4,18,22
61491,21,1,22
61950,22,0,22
139,22,0,22
44960,16,6,22
43453,17,5,22
43794,19,3,22
38618,17,5,22
53770,21,1,22
48661,7,15,22
33920,21,1,22
39781,18,4,22
40901,19,3,22
44655,19,3,22
39860,16,6,22
55534,13,9,22
45633,19,3,22
36307,20,1,21
45266,13,8,21
42557,17,4,21
37745,17,4,21
36265,18,3,21
48689,17,4,21
50495,13,8,21
56394,7,14,21
41045,20,1,21
44865,17,4,21
45126,17,4,21
36223,18,3,21
44759,19,2,21
45176,19,2,21
43323,18,3,21
46730,18,3,21
42220,9,12,21
47280,18,3,21
46020,18,3,21
54220,12,9,21
48005,9,12,21
43840,18,3,21
46063,10,11,21
36643,19,2,21
46343,19,2,21
48899,19,2,21
52670,14,7,21
47481,15,6,21
40582,20,1,21
41545,16,5,21
39533,12,9,21
47776,14,7,21
41684,18,3,21
42041,16,5,21
64087,20,1,21
40379,14,7,21
36562,17,4,21
36559,17,4,21
41458,21,0,21
39966,17,4,21
45715,18,3,21
36551,18,3,21
46534,15,6,21
57152,18,3,21
36335,9,12,21
38373,16,5,21
58390,12,9,21
44603,16,5,21
40637,20,1,21
35980,13,8,21
46574,17,4,21
41319,17,4,21
44609,18,3,21
57018,14,7,21
43839,12,9,21
48193,12,9,21
40039,12,9,21
43148,17,4,21
36444,14,7,21
44776,18,3,21
57524,15,6,21
56199,15,6,21
38542,16,5,21
40397,7,14,21
48392,15,6,21
42517,18,3,21
41378,7,14,21
36876,18,3,21
57023,9,12,21
38832,12,9,21
36856,14,7,21
39106,18,3,21
38378,18,3,21
42440,15,6,21
41881,19,2,21
45435,15,6,21
54456,10,11,21
41837,13,8,21
40283,15,6,21
38272,13,8,21
38291,10,11,21
40710,18,3,21
48050,13,8,21
47702,14,7,21
58058,12,9,21
36924,11,10,21
33654,16,5,21
44344,15,6,21
37567,14,7,21
37894,15,6,21
52844,18,3,21
41824,17,4,21
36419,18,3,21
39962,11,10,21
54925,10,11,21
43181,15,6,21
38151,15,6,21
38179,14,7,21
56323,15,6,21
52432,13,8,21
46130,13,8,21
48188,13,8,21
38837,17,4,21
40955,15,6,21
47133,13,8,21
42729,14,7,21
44677,16,5,21
48508,10,11,21
36403,9,12,21
57465,18,3,21
42655,13,8,21
41104,12,9,21
36678,18,3,21
58189,18,3,21
41941,15,6,21
36673,10,11,21
44618,14,7,21
47487,19,2,21
48601,13,8,21
54060,16,5,21
38932,17,4,21
33325,12,9,21
42269,9,12,21
37150,15,6,21
38739,18,3,21
37135,9,12,21
43302,11,10,21
56156,20,1,21
39518,19,2,21
48168,16,5,21
55561,18,3,21
37117,20,1,21
52039,15,6,21
43389,17,4,21
36259,13,8,21
38471,13,8,21
36311,8,13,21
48771,13,8,21
40804,9,12,21
36480,7,14,21
52352,20,1,21
44295,12,9,21
37100,16,5,21
54677,11,10,21
56085,9,12,21
37104,7,14,21
57605,12,9,21
51661,16,5,21
49244,14,7,21
53550,13,8,21
65321,20,1,21
56153,18,3,21
38975,15,6,21
48889,6,15,21
47644,18,3,21
54287,18,3,21
54234,12,9,21
51685,11,10,21
52225,10,11,21
63505,9,12,21
52248,6,15,21
35684,7,14,21
52103,18,3,21
41028,19,2,21
45249,11,10,21
51598,13,8,21
54701,11,10,21
64513,11,10,21
52625,16,5,21
52617,15,6,21
54684,12,9,21
41400,21,0,21
45310,16,5,21
44251,19,2,21
63261,19,2,21
56531,15,6,21
42194,9,12,21
35899,18,3,21
52945,13,8,21
63846,5,16,21
37579,3,18,21
51542,15,6,21
55896,17,4,21
65303,21,0,21
51468,10,11,21
51455,13,8,21
63014,10,11,21
33788,13,8,21
64441,21,0,21
33507,8,13,21
64184,7,14,21
44024,13,8,21
54546,6,15,21
35991,16,5,21
44744,13,8,21
51264,14,7,21
63445,16,5,21
32894,14,7,21
60715,16,5,21
32826,15,6,21
43569,18,3,21
39292,14,7,21
40576,19,2,21
51520,12,9,21
62743,17,4,21
62724,21,0,21
61358,17,4,21
63573,19,2,21
51124,10,11,21
61485,15,6,21
40506,12,9,21
37055,15,6,21
37940,10,11,21
61653,14,7,21
61631,20,1,21
61518,21,0,21
61511,20,1,21
52149,13,8,21
61227,20,1,21
50976,18,3,21
53597,10,11,21
55637,14,7,21
44381,15,6,21
63197,15,6,21
60735,13,8,21
55271,7,14,21
60632,10,11,21
61182,17,4,21
52531,18,3,21
40332,6,15,21
45988,16,5,21
43730,11,10,21
63958,18,3,21
45808,15,6,21
62860,14,7,21
56899,15,6,21
38389,13,8,21
50604,18,3,21
27973,11,10,21
48148,11,10,21
50591,16,5,21
53201,13,8,21
51517,12,9,21
43961,21,0,21
50488,18,3,21
52358,12,9,21
48236,16,5,21
44324,11,10,21
54485,8,13,21
48311,17,4,21
53036,16,5,21
52062,12,9,21
53205,16,5,21
53148,17,4,21
47524,17,4,21
50330,18,3,21
46680,15,6,21
51893,16,5,21
56863,13,8,21
45843,18,3,21
40251,8,13,21
53159,10,11,21
44351,18,3,21
37509,13,8,21
36974,12,9,21
47948,18,3,21
51911,15,6,21
33130,9,12,21
61523,20,1,21
62665,13,8,21
61998,5,16,21
62223,18,3,21
64318,21,0,21
51250,17,4,21
62569,13,8,21
37293,19,2,21
36984,10,11,21
63548,14,7,21
34737,17,4,21
35529,11,10,21
33965,16,5,21
36309,14,7,21
63352,18,3,21
37294,16,5,21
36027,17,4,21
58731,18,3,21
41931,10,11,21
61879,5,16,21
38496,18,3,21
46795,15,6,21
54845,15,6,21
47229,12,9,21
62402,20,1,21
52641,13,8,21
40485,19,2,21
46585,17,4,21
51297,19,2,21
41736,16,5,21
33734,16,5,21
39484,10,11,21
44164,4,17,21
58156,19,2,21
44273,15,6,21
52120,9,12,21
55130,18,3,21
39634,14,7,21
34304,15,6,21
59097,17,4,21
43193,17,4,21
58747,19,2,21
38343,19,2,21
50515,18,3,21
60934,14,7,21
47011,9,12,21
64616,19,2,21
53023,9,12,21
51626,6,15,21
45641,18,3,21
35084,17,4,21
34165,16,5,21
48293,16,5,21
45931,7,14,21
41421,16,5,21
34211,11,10,21
52608,19,2,21
45943,10,11,21
35615,13,8,21
45028,10,11,21
38841,19,2,21
61570,19,2,21
60997,7,14,21
61874,5,16,21
52411,10,11,21
45308,9,12,21
34477,17,4,21
41925,8,13,21
35067,14,7,21
65332,21,0,21
65109,21,0,21
35029,17,4,21
51671,12,9,21
60984,16,5,21
52354,18,3,21
35131,20,1,21
48869,16,5,21
64678,14,7,21
35675,20,1,21
34950,15,6,21
45304,5,16,21
48646,10,11,21
63640,19,2,21
51945,11,10,21
34874,14,7,21
35253,18,3,21
34764,17,4,21
44158,21,0,21
32801,15,6,21
39068,20,1,21
34475,8,13,21
34823,19,2,21
33567,14,7,21
65004,14,7,21
41713,16,5,21
43790,7,14,21
65385,20,1,21
64901,5,16,21
58710,8,13,21
35279,16,5,21
37524,6,15,21
62544,20,1,21
34188,17,4,21
64598,21,0,21
64497,20,1,21
65391,20,1,21
41177,15,6,21
65025,21,0,21
64523,21,0,21
38885,17,4,21
35155,14,7,21
36620,14,7,21
34551,19,2,21
48227,15,6,21
35855,14,7,21
40584,18,3,21
40892,14,7,21
52265,10,11,21
49932,16,5,21
43240,13,8,21
50478,16,5,21
60704,14,7,21
33168,18,3,21
38728,9,12,21
65320,20,1,21
36046,12,9,21
36189,16,5,21
47418,18,3,21
38665,16,5,21
54892,14,7,21
46371,10,11,21
55095,18,3,21
32786,15,6,21
48278,13,8,21
34316,8,13,21
54747,18,3,21
52399,16,5,21
51220,16,5,21
63527,12,9,21
34647,10,11,21
34365,20,1,21
37232,18,3,21
47497,16,5,21
35138,10,11,21
33527,15,6,21
45992,16,5,21
60970,18,3,21
54381,13,8,21
54368,13,8,21
61334,20,1,21
47658,19,2,21
41251,17,4,21
39550,16,5,21
47510,18,3,21
34677,14,7,21
35578,11,10,21
51846,19,2,21
54052,16,5,21
58185,16,5,21
61361,14,7,21
46863,11,10,21
63399,19,2,21
54513,10,11,21
62859,11,10,21
63698,15,6,21
55371,11,10,21
63557,20,1,21
37479,17,4,21
54527,17,4,21
42067,17,4,21
44053,9,12,21
59228,18,3,21
61263,21,0,21
61955,17,4,21
62671,20,1,21
63376,13,8,21
63490,21,0,21
56771,19,2,21
57874,15,6,21
53355,18,3,21
60852,14,7,21
57998,14,7,21
58688,14,7,21
63562,21,0,21
65082,14,7,21
42778,18,3,21
42140,16,5,21
37615,8,13,21
47493,10,11,21
52602,17,4,21
44494,13,8,21
46038,16,5,21
63726,5,16,21
54424,8,13,21
41182,10,11,21
61393,16,5,21
63854,20,1,21
35628,17,4,21
35507,16,5,21
51185,16,5,21
47391,15,6,21
52704,14,7,21
46950,14,7,21
64624,18,3,21
33909,17,4,21
36289,19,2,21
40742,16,5,21
35793,14,7,21
64615,11,10,21
38502,17,4,21
44972,10,11,21
61000,15,6,21
63880,19,2,21
45648,18,3,21
45159,14,7,21
45945,14,7,21
38902,16,5,21
47632,13,8,21
35512,11,10,21
41547,15,6,21
42850,15,6,21
45324,11,10,21
61145,20,1,21
49575,15,6,21
52533,10,11,21
53430,11,10,21
58931,16,5,21
47946,10,11,21
36473,10,11,21
57279,11,10,21
52814,14,7,21
45591,19,2,21
34794,9,12,21
39449,19,2,21
47281,15,6,21
53562,18,3,21
36374,15,6,21
47285,17,4,21
34018,16,5,21
43816,17,4,21
36136,15,6,21
32820,19,2,21
46269,16,5,21
44141,17,4,21
27621,11,10,21
35858,12,9,21
37315,18,3,21
60684,15,6,21
57262,15,6,21
57772,15,6,21
44774,11,10,21
48879,15,6,21
43692,18,3,21
52741,18,3,21
49263,17,4,21
36145,12,9,21
43949,14,7,21
39314,16,5,21
38486,16,5,21
35686,19,2,21
33619,17,4,21
42787,12,9,21
37606,14,7,21
38706,14,7,21
46885,17,4,21
47910,20,1,21
47932,19,2,21
36062,21,0,21
36064,20,1,21
42795,21,0,21
56778,14,7,21
38020,13,8,21
39418,7,14,21
43558,16,5,21
57947,18,3,21
43795,13,8,21
54721,17,4,21
46790,15,6,21
62405,19,2,21
53654,16,5,21
34172,13,8,21
27444,11,10,21
35330,19,2,21
45215,13,8,21
55487,18,3,21
53018,13,8,21
35834,17,4,21
62000,8,13,21
43313,21,0,21
37637,17,4,21
34036,17,4,21
33440,14,7,21
41699,17,4,21
58562,14,7,21
56865,15,6,21
46742,13,8,21
55594,17,4,21
41432,9,12,21
61911,21,0,21
64735,5,16,21
40357,15,6,21
40664,15,6,21
41606,19,2,21
47715,13,8,21
33853,17,4,21
60890,20,1,21
47863,16,5,21
47704,16,5,21
35444,17,4,21
43306,18,3,21
47352,9,12,21
43618,18,3,21
48946,20,1,21
43399,10,11,21
41764,20,1,21
27327,11,10,21
43224,19,2,21
44934,15,6,21
39454,16,5,21
26728,11,10,21
55326,13,8,21
53571,11,10,21
48896,19,2,21
45460,18,3,21
33315,15,6,21
39877,18,3,21
27352,11,10,21
33150,7,14,21
46518,7,14,21
55591,17,4,21
42529,18,3,21
39643,11,10,21
42617,21,0,21
33961,11,10,21
41631,20,1,21
38654,20,1,21
38370,15,6,21
42466,15,6,21
42165,17,4,21
61106,19,2,21
34011,15,6,21
45702,19,2,21
52293,12,9,21
47570,14,7,21
34079,8,13,21
58844,18,3,21
45910,21,0,21
61097,21,0,21
42353,18,3,21
61170,5,16,21
61492,20,1,21
61547,21,0,21
39204,14,7,21
61960,21,0,21
42963,18,3,21
46308,14,7,21
50813,16,5,21
34961,14,7,21
64710,21,0,21
65066,20,1,21
26492,11,10,21
26521,11,10,21
26050,10,11,21
38232,9,12,21
41566,19,2,21
46927,19,2,21
38750,1,20,21
32978,13,8,21
26586,11,10,21
48875,19,2,21
60209,17,4,21
42001,20,1,21
26655,11,10,21
44123,14,7,21
44154,19,2,21
44213,12,9,21
47957,21,0,21
44524,19,2,21
46086,16,5,21
62105,17,4,21
39841,13,8,21
63048,19,2,21
47470,21,0,21
63401,21,0,21
35283,17,4,21
39873,19,2,21
34051,19,2,21
35359,14,7,21
35159,17,4,21
37623,17,4,21
41598,8,13,21
44306,20,1,21
45031,17,4,21
44144,15,6,21
38863,18,3,21
59094,20,1,21
34665,18,3,21
40515,18,3,21
40074,17,4,21
39222,17,4,21
63745,20,1,21
33712,21,0,21
64636,12,9,21
61907,21,0,21
41202,12,8,20
33478,17,3,20
40945,13,7,20
45513,16,4,20
47396,15,5,20
42842,18,2,20
38845,13,7,20
36252,18,2,20
46494,18,2,20
54343,16,4,20
50213,13,7,20
40587,15,5,20
42508,9,11,20
42192,16,4,20
32996,11,9,20
46935,13,7,20
33152,14,6,20
39957,18,2,20
46803,15,5,20
36642,9,11,20
48805,16,4,20
36632,17,3,20
43511,15,5,20
37584,14,6,20
58049,18,2,20
44567,6,14,20
42817,7,13,20
45564,14,6,20
54196,17,3,20
41484,16,4,20
41003,14,6,20
38578,13,7,20
46970,18,2,20
36318,12,8,20
40470,18,2,20
49028,17,3,20
46879,18,2,20
36659,10,10,20
32774,17,3,20
37383,17,3,20
42343,14,6,20
59008,15,5,20
50506,16,4,20
41519,16,4,20
45119,9,11,20
39150,15,5,20
38869,18,2,20
46621,12,8,20
41342,18,2,20
41448,17,3,20
45326,17,3,20
37335,11,9,20
36494,14,6,20
44796,14,6,20
43337,13,7,20
39540,16,4,20
56338,10,10,20
45277,13,7,20
27644,11,9,20
46159,1,19,20
48337,16,4,20
43133,14,6,20
41171,18,2,20
56555,15,5,20
45754,12,8,20
60907,12,8,20
41060,19,1,20
38344,13,7,20
48525,15,5,20
43690,15,5,20
48576,6,14,20
45187,10,10,20
40077,15,5,20
43490,19,1,20
45235,13,7,20
38120,16,4,20
45385,11,9,20
41377,20,0,20
45334,16,4,20
39825,16,4,20
46542,5,15,20
45083,15,5,20
48692,16,4,20
43394,16,4,20
38928,14,6,20
43925,17,3,20
56839,14,6,20
47482,15,5,20
43350,5,15,20
42579,9,11,20
40401,17,3,20
43152,17,3,20
46101,15,5,20
45825,10,10,20
47587,14,6,20
36780,5,15,20
44712,14,6,20
48987,13,7,20
57871,18,2,20
46587,13,7,20
36755,15,5,20
36750,19,1,20
38388,14,6,20
36262,20,0,20
37794,16,4,20
40801,17,3,20
43812,20,0,20
37691,14,6,20
39028,14,6,20
41207,12,8,20
41078,17,3,20
39939,10,10,20
44328,11,9,20
44258,16,4,20
36416,15,5,20
42211,12,8,20
62992,18,2,20
36664,14,6,20
43210,13,7,20
47180,16,4,20
39351,17,3,20
41111,5,15,20
33636,15,5,20
44196,14,6,20
47635,15,5,20
39575,6,14,20
43208,13,7,20
43303,14,6,20
43260,14,6,20
45114,8,12,20
37122,18,2,20
42934,18,2,20
40480,9,11,20
44392,10,10,20
48858,18,2,20
52441,12,8,20
45198,16,4,20
39433,6,14,20
41270,14,6,20
40391,19,1,20
55656,14,6,20
54678,16,4,20
42045,14,6,20
61404,16,4,20
54719,15,5,20
52410,12,8,20
40424,12,8,20
42868,17,3,20
56075,10,10,20
56647,17,3,20
54530,17,3,20
56128,13,7,20
52230,10,10,20
44318,19,1,20
37078,14,6,20
40055,12,8,20
54682,6,14,20
60698,11,9,20
52355,8,12,20
42955,9,11,20
38293,17,3,20
41049,5,15,20
52627,12,8,20
43968,16,4,20
36865,19,1,20
45693,18,2,20
41363,15,5,20
55858,10,10,20
61612,10,10,20
55711,11,9,20
60568,11,9,20
52965,15,5,20
53094,14,6,20
38540,12,8,20
51622,13,7,20
45707,12,8,20
36315,17,3,20
56720,7,13,20
51470,17,3,20
40846,10,10,20
52317,12,8,20
48321,17,3,20
43523,18,2,20
45058,16,4,20
51942,10,10,20
64241,13,7,20
64185,19,1,20
61660,16,4,20
54064,10,10,20
64412,18,2,20
63571,20,0,20
63464,20,0,20
33729,13,7,20
63222,20,0,20
40623,9,11,20
51194,19,1,20
63005,18,2,20
46046,10,10,20
62721,20,0,20
62639,20,0,20
38241,14,6,20
39458,15,5,20
55932,16,4,20
62578,14,6,20
36706,12,8,20
61971,15,5,20
61723,20,0,20
48016,14,6,20
56065,8,12,20
61284,20,0,20
44208,14,6,20
61051,19,1,20
61044,16,4,20
60874,19,1,20
33111,8,12,20
60603,13,7,20
41898,15,5,20
63093,17,3,20
54202,15,5,20
36465,16,4,20
42925,15,5,20
52630,14,6,20
43233,16,4,20
42863,13,7,20
38102,1,19,20
46971,17,3,20
64233,17,3,20
46942,12,8,20
43297,18,2,20
48106,13,7,20
39894,20,0,20
41820,17,3,20
44899,18,2,20
57511,15,5,20
50426,16,4,20
48053,14,6,20
53596,11,9,20
57323,10,10,20
33768,15,5,20
39422,15,5,20
42421,13,7,20
55768,17,3,20
37006,12,8,20
47706,16,4,20
37895,13,7,20
59334,18,2,20
54330,8,12,20
40296,6,14,20
52177,14,6,20
54728,18,2,20
43305,16,4,20
36373,17,3,20
25779,10,10,20
43552,13,7,20
34509,15,5,20
63194,17,3,20
61823,20,0,20
55232,14,6,20
35419,15,5,20
38880,16,4,20
44097,19,1,20
48763,17,3,20
63888,20,0,20
62220,20,0,20
39733,14,6,20
33266,20,0,20
52787,6,14,20
55588,12,8,20
63795,20,0,20
33247,7,13,20
52644,15,5,20
64080,18,2,20
38306,14,6,20
65111,20,0,20
41909,10,10,20
35116,18,2,20
49410,15,5,20
46647,9,11,20
52443,14,6,20
44599,14,6,20
63618,16,4,20
50361,13,7,20
50152,12,8,20
45856,17,3,20
35172,16,4,20
42872,14,6,20
37374,16,4,20
53599,6,14,20
37589,11,9,20
44727,15,5,20
54228,16,4,20
51281,11,9,20
65090,17,3,20
47782,14,6,20
34833,12,8,20
52685,14,6,20
63466,15,5,20
48345,16,4,20
35048,16,4,20
38608,12,8,20
52461,15,5,20
65501,10,10,20
33557,1,19,20
54017,12,8,20
52377,17,3,20
63990,19,1,20
34395,12,8,20
37275,14,6,20
35343,13,7,20
49115,15,5,20
42740,13,7,20
49000,17,3,20
38867,11,9,20
37003,9,11,20
37189,17,3,20
33906,15,5,20
35627,15,5,20
34805,15,5,20
34843,12,8,20
37025,7,13,20
41130,17,3,20
41121,8,12,20
33846,16,4,20
34067,15,5,20
34781,13,7,20
36970,16,4,20
34702,13,7,20
52525,13,7,20
65226,5,15,20
33723,16,4,20
39676,14,6,20
63387,19,1,20
35114,18,2,20
44948,17,3,20
64043,17,3,20
40876,10,10,20
34828,10,10,20
65110,20,0,20
33015,16,4,20
52374,12,8,20
55933,10,10,20
34430,15,5,20
34449,12,8,20
39465,14,6,20
33095,11,9,20
56046,13,7,20
56318,16,4,20
63787,11,9,20
65372,11,9,20
59075,14,6,20
33577,13,7,20
41166,16,4,20
41993,17,3,20
65006,17,3,20
65454,5,15,20
65376,11,9,20
52357,8,12,20
65026,20,0,20
40962,13,7,20
33395,13,7,20
62134,16,4,20
52418,16,4,20
54323,14,6,20
56989,11,9,20
34143,6,14,20
62169,19,1,20
48301,10,10,20
34160,15,5,20
34521,18,2,20
62136,15,5,20
34055,14,6,20
51302,15,5,20
42251,19,1,20
48057,13,7,20
62114,20,0,20
34804,19,1,20
37244,14,6,20
33180,20,0,20
47063,13,7,20
36658,14,6,20
34748,10,10,20
44435,14,6,20
36089,16,4,20
35568,17,3,20
41540,17,3,20
42088,13,7,20
65512,18,2,20
35339,15,5,20
56856,17,3,20
33997,19,1,20
33193,5,15,20
64852,14,6,20
40165,17,3,20
34145,15,5,20
64110,20,0,20
47062,15,5,20
65492,20,0,20
64137,11,9,20
61519,19,1,20
36922,10,10,20
41613,16,4,20
32771,18,2,20
35967,9,11,20
53427,11,9,20
49656,16,4,20
35341,14,6,20
57770,11,9,20
65095,20,0,20
35712,12,8,20
62213,20,0,20
43200,14,6,20
41788,16,4,20
35785,12,8,20
65195,19,1,20
51628,13,7,20
52927,12,8,20
53635,15,5,20
54743,18,2,20
56868,11,9,20
63109,11,9,20
62683,14,6,20
56195,12,8,20
50243,16,4,20
61197,20,0,20
62707,18,2,20
63219,12,8,20
52583,17,3,20
26244,10,10,20
61101,19,1,20
62341,19,1,20
34237,4,16,20
54516,12,8,20
55713,17,3,20
53002,14,6,20
63382,20,0,20
54503,12,8,20
57876,16,4,20
61673,20,0,20
62526,11,9,20
63581,18,2,20
55222,15,5,20
56655,14,6,20
59161,16,4,20
62496,19,1,20
51406,13,7,20
65016,12,8,20
63843,5,15,20
33974,19,1,20
39245,20,0,20
61760,17,3,20
63542,5,15,20
56789,7,13,20
38933,16,4,20
55270,10,10,20
46214,14,6,20
48306,10,10,20
61783,19,1,20
41902,15,5,20
39061,14,6,20
35762,7,13,20
35495,16,4,20
35653,7,13,20
44313,10,10,20
58597,12,8,20
51729,19,1,20
56757,11,9,20
61809,20,0,20
38671,15,5,20
57670,10,10,20
37705,18,2,20
50284,19,1,20
47020,16,4,20
46303,11,9,20
44927,17,3,20
48231,14,6,20
44888,14,6,20
40732,17,3,20
55356,14,6,20
40900,11,9,20
43346,13,7,20
51631,15,5,20
42334,16,4,20
42675,17,3,20
45118,17,3,20
35846,11,9,20
39937,17,3,20
45223,18,2,20
39625,17,3,20
55801,13,7,20
62221,19,1,20
56816,16,4,20
51897,9,11,20
55413,11,9,20
61664,19,1,20
52051,8,12,20
51655,11,9,20
45393,16,4,20
58703,19,1,20
43437,12,8,20
47106,16,4,20
56399,11,9,20
44510,13,7,20
37437,3,17,20
57089,7,13,20
33935,15,5,20
48289,10,10,20
45421,19,1,20
46893,10,10,20
36075,19,1,20
40473,19,1,20
42468,8,12,20
42336,13,7,20
34093,11,9,20
38696,12,8,20
35996,10,10,20
45473,18,2,20
47901,14,6,20
41219,16,4,20
33466,12,8,20
40318,19,1,20
46019,18,2,20
34744,17,3,20
47937,14,6,20
35699,17,3,20
45296,15,5,20
38442,14,6,20
40363,16,4,20
43395,11,9,20
47941,14,6,20
40465,18,2,20
48109,14,6,20
45836,4,16,20
48196,15,5,20
56559,10,10,20
24552,1,19,20
45016,13,7,20
51921,8,12,20
58822,10,10,20
33754,12,8,20
8187,19,1,20
52514,11,9,20
64643,5,15,20
48380,12,8,20
48949,13,7,20
53491,17,3,20
48490,7,13,20
63597,5,15,20
35806,16,4,20
47576,12,8,20
46373,16,4,20
44451,17,3,20
46139,16,4,20
54947,17,3,20
38565,6,14,20
41355,16,4,20
61546,16,4,20
56050,17,3,20
37699,17,3,20
37710,7,13,20
38770,16,4,20
35577,15,5,20
43493,20,0,20
40144,11,9,20
46991,14,6,20
61892,20,0,20
62407,20,0,20
62612,19,1,20
62688,20,0,20
47356,14,6,20
43676,18,2,20
33792,8,12,20
33122,14,6,20
47870,12,8,20
33287,15,5,20
40233,14,6,20
50469,16,4,20
34099,13,7,20
41765,19,1,20
43756,5,15,20
53998,13,7,20
46289,16,4,20
42314,14,6,20
34182,11,9,20
45855,5,15,20
33550,13,7,20
41968,14,6,20
41286,15,5,20
40288,10,10,20
47861,20,0,20
38623,14,6,20
43866,8,12,20
39417,18,2,20
42830,10,10,20
48964,13,7,20
39858,13,7,20
35907,20,0,20
33026,11,9,20
33435,13,7,20
44004,17,3,20
48079,18,2,20
38606,13,7,20
33510,18,2,20
42495,19,1,20
47249,17,3,20
43095,17,3,20
39091,15,5,20
47741,13,7,20
45533,16,4,20
45590,12,8,20
42180,15,5,20
44174,5,15,20
34014,18,2,20
54058,6,14,20
40640,12,8,20
37481,18,2,20
24418,1,19,20
47787,15,5,20
46027,20,0,20
61286,20,0,20
37633,18,2,20
40461,13,7,20
33109,14,6,20
43335,18,2,20
46857,8,12,20
43419,11,9,20
63871,20,0,20
41604,16,4,20
39271,12,8,20
37854,18,2,20
37864,16,4,20
35033,15,5,20
26264,10,10,20
38645,16,4,20
54289,19,1,20
25954,10,10,20
27048,10,10,20
43891,19,1,20
26366,10,10,20
43608,19,1,20
44423,19,1,20
43157,19,1,20
61536,20,0,20
62050,19,1,20
62375,20,0,20
46256,14,6,20
63022,20,0,20
37429,16,4,20
33260,18,2,20
43377,13,7,20
56779,18,2,20
45134,16,4,20
41563,19,1,20
41292,17,3,20
56575,19,1,20
59010,17,3,20
42424,13,7,20
38190,13,7,20
40660,16,4,20
52430,20,0,20
26793,11,9,20
34071,17,3,20
41287,20,0,20
32836,16,4,20
60939,19,1,20
45532,19,1,20
39921,15,5,20
38741,11,9,20
33914,17,3,20
62878,5,15,20
61922,20,0,20
40069,15,4,19
40121,10,9,19
55362,8,11,19
62465,17,2,19
52444,15,4,19
40923,10,9,19
44968,8,11,19
41735,15,4,19
45121,15,4,19
48897,15,4,19
45850,11,8,19
52673,9,10,19
47238,13,6,19
38332,13,6,19
46322,13,6,19
37555,8,11,19
48989,16,3,19
47040,15,4,19
43846,5,14,19
41459,14,5,19
44073,15,4,19
42024,13,6,19
48743,12,7,19
36206,15,4,19
58124,8,11,19
43196,13,6,19
46865,14,5,19
40591,15,4,19
42638,15,4,19
37363,15,4,19
41733,14,5,19
48235,13,6,19
44271,12,7,19
37581,12,7,19
46263,17,2,19
63342,13,6,19
45110,13,6,19
45607,14,5,19
45299,16,3,19
51842,8,11,19
37930,12,7,19
44532,19,0,19
40711,11,8,19
42136,11,8,19
37695,15,4,19
56907,17,2,19
33762,15,4,19
53602,13,6,19
42472,10,9,19
43694,12,7,19
37924,16,3,19
42689,9,10,19
41797,16,3,19
39500,12,7,19
44932,11,8,19
48386,11,8,19
46317,11,8,19
49093,14,5,19
37348,13,6,19
33725,15,4,19
38748,1,18,19
56207,7,12,19
46128,16,3,19
36479,13,6,19
39865,16,3,19
47828,7,12,19
39312,13,6,19
64142,7,12,19
44061,17,2,19
43828,10,9,19
43214,15,4,19
45637,12,7,19
41743,7,12,19
47933,15,4,19
56396,9,10,19
37397,14,5,19
46311,15,4,19
54761,10,9,19
39445,16,3,19
44867,11,8,19
43247,18,1,19
37991,11,8,19
41970,16,3,19
36883,12,7,19
44330,11,8,19
45030,18,1,19
44013,5,14,19
55052,7,12,19
43391,10,9,19
42976,15,4,19
38956,17,2,19
37510,10,9,19
41370,8,11,19
43631,16,3,19
36428,13,6,19
46104,17,2,19
54525,14,5,19
40932,16,3,19
41650,11,8,19
36827,17,2,19
36825,15,4,19
46231,13,6,19
38199,15,4,19
41745,18,1,19
42114,14,5,19
37712,14,5,19
42058,15,4,19
46437,10,9,19
39791,15,4,19
39431,15,4,19
37743,13,6,19
47525,1,18,19
38758,3,16,19
46206,13,6,19
46107,16,3,19
42358,9,10,19
36377,12,7,19
27843,11,8,19
53974,10,9,19
64103,19,0,19
39048,6,13,19
55643,13,6,19
40689,13,6,19
41870,13,6,19
40512,7,12,19
45232,16,3,19
40652,12,7,19
37554,13,6,19
36366,15,4,19
53568,6,13,19
47067,7,12,19
42881,9,10,19
43198,10,9,19
45724,13,6,19
43223,15,4,19
42738,12,7,19
41431,8,11,19
56390,9,10,19
36681,17,2,19
47682,14,5,19
48000,14,5,19
64250,5,14,19
38281,12,7,19
47726,9,10,19
57124,5,14,19
37669,15,4,19
37547,18,1,19
56042,12,7,19
65484,17,2,19
57046,11,8,19
44065,10,9,19
35984,15,4,19
35982,12,7,19
44881,15,4,19
46156,12,7,19
58988,8,11,19
61148,18,1,19
37103,18,1,19
37099,16,3,19
55655,9,10,19
39687,10,9,19
48802,5,14,19
62466,17,2,19
53450,10,9,19
56328,12,7,19
52249,10,9,19
33102,14,5,19
56734,17,2,19
39299,15,4,19
37079,11,8,19
48720,13,6,19
42753,16,3,19
59012,13,6,19
52138,10,9,19
60667,11,8,19
53301,11,8,19
47367,16,3,19
35915,15,4,19
49955,6,13,19
42700,6,13,19
52695,14,5,19
52610,18,1,19
37476,6,13,19
52263,11,8,19
40641,6,13,19
61956,15,4,19
57744,8,11,19
57742,5,14,19
56344,10,9,19
51151,18,1,19
60571,13,6,19
35905,14,5,19
46427,10,9,19
50417,15,4,19
62660,11,8,19
41200,14,5,19
48649,12,7,19
46243,16,3,19
51618,14,5,19
35176,11,8,19
60897,10,9,19
60991,17,2,19
43588,11,8,19
48783,10,9,19
43532,7,12,19
64148,7,12,19
63933,17,2,19
32874,3,16,19
39856,5,14,19
63617,16,3,19
51244,12,7,19
46540,8,11,19
54989,10,9,19
62794,19,0,19
62719,19,0,19
62632,14,5,19
38628,11,8,19
57533,15,4,19
48291,10,9,19
62273,16,3,19
55659,11,8,19
41927,10,9,19
40693,16,3,19
46082,15,4,19
48562,10,9,19
61733,18,1,19
63298,5,14,19
33922,18,1,19
61527,19,0,19
56759,8,11,19
63341,10,9,19
61327,19,0,19
60778,11,8,19
61223,19,0,19
36502,13,6,19
60886,15,4,19
51125,10,9,19
56429,5,14,19
39953,12,7,19
54406,8,11,19
50876,13,6,19
52959,9,10,19
35392,11,8,19
36900,8,11,19
57059,14,5,19
52146,8,11,19
48183,15,4,19
64514,5,14,19
58014,14,5,19
36496,15,4,19
42616,14,5,19
50480,18,1,19
50468,14,5,19
51609,11,8,19
48058,16,3,19
44976,12,7,19
52944,11,8,19
40400,13,6,19
39490,14,5,19
53220,14,5,19
41041,10,9,19
46689,16,3,19
46676,16,3,19
47426,13,6,19
40491,9,10,19
52536,8,11,19
43019,9,10,19
43275,3,16,19
37303,17,2,19
40042,18,1,19
47717,14,5,19
44113,6,13,19
63885,17,2,19
36485,13,6,19
51907,16,3,19
37229,13,6,19
39683,12,7,19
64152,7,12,19
43506,15,4,19
33913,14,5,19
61996,11,8,19
54385,15,4,19
33757,14,5,19
62280,10,9,19
39711,15,4,19
39169,7,12,19
32821,12,7,19
45539,10,9,19
63799,19,0,19
44726,14,5,19
51519,12,7,19
62237,14,5,19
40310,16,3,19
37449,14,5,19
45455,13,6,19
46659,10,9,19
39424,17,2,19
40935,8,11,19
37588,15,4,19
52312,13,6,19
46230,14,5,19
35483,7,12,19
37546,15,4,19
32930,13,6,19
51541,12,7,19
54657,14,5,19
55859,16,3,19
36077,14,5,19
44547,13,6,19
60695,9,10,19
40197,16,3,19
50189,13,6,19
62194,5,14,19
37076,13,6,19
36148,12,7,19
51634,15,4,19
33542,16,3,19
64342,14,5,19
45466,10,9,19
63860,15,4,19
46929,8,11,19
58196,10,9,19
61424,13,6,19
38965,16,3,19
33954,14,5,19
37254,18,1,19
35076,10,9,19
34159,13,6,19
56516,11,8,19
34101,9,10,19
37987,14,5,19
64811,19,0,19
37195,16,3,19
46057,13,6,19
37193,12,7,19
35407,15,4,19
48713,7,12,19
64279,11,8,19
51181,8,11,19
44925,11,8,19
48613,16,3,19
64994,18,1,19
48813,10,9,19
63807,10,9,19
33751,16,3,19
64478,14,5,19
57779,14,5,19
55387,15,4,19
54086,12,7,19
45556,13,6,19
52835,10,9,19
34812,14,5,19
52222,6,13,19
37188,16,3,19
51441,10,9,19
48628,5,14,19
47692,8,11,19
36116,16,3,19
48217,11,8,19
34464,11,8,19
50272,12,7,19
38857,12,7,19
36342,13,6,19
41220,5,14,19
47029,12,7,19
45242,8,11,19
64450,19,0,19
34205,14,5,19
64447,19,0,19
65194,15,4,19
42039,13,6,19
65279,5,14,19
34990,13,6,19
41373,14,5,19
64202,15,4,19
44639,5,14,19
48333,14,5,19
48784,10,9,19
49151,18,1,19
34375,16,3,19
39671,9,10,19
56511,16,3,19
32907,3,16,19
64117,19,0,19
64242,14,5,19
64743,11,8,19
33407,8,11,19
38290,12,7,19
45257,17,2,19
45316,9,10,19
35368,17,2,19
35206,18,1,19
48372,14,5,19
33208,5,14,19
42845,5,14,19
39442,12,7,19
54391,13,6,19
38513,11,8,19
34689,14,5,19
48769,14,5,19
56849,9,10,19
42908,16,3,19
36050,13,6,19
63922,18,1,19
40974,8,11,19
34831,12,7,19
44739,12,7,19
47690,16,3,19
37010,17,2,19
37227,17,2,19
48954,13,6,19
34002,10,9,19
35572,17,2,19
36949,7,12,19
36068,12,7,19
37236,11,8,19
35885,9,10,19
42649,9,10,19
50987,17,2,19
56828,17,2,19
33779,5,14,19
41998,15,4,19
35434,10,9,19
63611,5,14,19
35592,16,3,19
37205,14,5,19
37209,8,11,19
40766,14,5,19
62933,15,4,19
52253,10,9,19
34951,17,2,19
58356,17,2,19
64113,18,1,19
40685,12,7,19
51477,12,7,19
35690,11,8,19
42460,17,2,19
33522,15,4,19
48279,10,9,19
47359,10,9,19
49108,15,4,19
44021,11,8,19
42764,15,4,19
42206,14,5,19
36121,9,10,19
63268,11,8,19
42990,11,8,19
55215,10,9,19
46346,3,16,19
38648,16,3,19
42090,11,8,19
58712,8,11,19
38348,4,15,19
50237,13,6,19
33112,11,8,19
33838,12,7,19
64082,18,1,19
55517,17,2,19
43858,8,11,19
63747,17,2,19
62057,5,14,19
41859,16,3,19
45934,12,7,19
47936,15,4,19
63273,18,1,19
49327,15,4,19
58007,15,4,19
60669,15,4,19
63227,17,2,19
63396,18,1,19
35800,7,12,19
38607,4,15,19
60936,14,5,19
61991,17,2,19
63039,19,0,19
51848,12,7,19
63015,16,3,19
63025,18,1,19
54457,16,3,19
63134,18,1,19
63249,19,0,19
63447,18,1,19
53209,17,2,19
57730,16,3,19
59395,11,8,19
61668,11,8,19
63058,11,8,19
63803,7,12,19
41530,17,2,19
62160,11,8,19
46091,11,8,19
36714,10,9,19
61758,15,4,19
54314,13,6,19
38173,13,6,19
58174,8,11,19
51168,12,7,19
61770,11,8,19
34889,19,0,19
64047,17,2,19
46226,15,4,19
42053,10,9,19
34052,13,6,19
42146,13,6,19
39087,5,14,19
54564,19,0,19
50682,11,8,19
63455,19,0,19
33255,11,8,19
56592,11,8,19
55363,9,10,19
46257,3,16,19
51204,12,7,19
36350,11,8,19
48098,7,12,19
36646,12,7,19
42366,17,2,19
35504,16,3,19
40317,3,16,19
61840,18,1,19
46288,13,6,19
61845,18,1,19
62969,10,9,19
42813,9,10,19
45873,12,7,19
57878,5,14,19
39354,15,4,19
38425,17,2,19
58076,5,14,19
56340,10,9,19
47568,18,1,19
39227,8,11,19
35629,17,2,19
46439,10,9,19
63077,18,1,19
56832,15,4,19
39094,13,6,19
45046,3,16,19
46166,15,4,19
45878,7,12,19
39783,13,6,19
51982,6,13,19
39126,12,7,19
48056,10,9,19
39594,11,8,19
47611,13,6,19
38028,14,5,19
33414,14,5,19
46895,18,1,19
41806,9,10,19
43454,16,3,19
30347,1,18,19
39149,14,5,19
41320,9,10,19
30360,1,18,19
48247,10,9,19
35099,18,1,19
39394,19,0,19
30389,1,18,19
47131,13,6,19
43809,15,4,19
36167,8,11,19
40529,13,6,19
39595,13,6,19
38873,16,3,19
33162,12,7,19
35919,12,7,19
45458,17,2,19
35004,17,2,19
46726,9,10,19
40099,17,2,19
48937,13,6,19
35326,18,1,19
51732,12,7,19
34524,19,0,19
59901,17,2,19
38886,15,4,19
46338,14,5,19
57527,9,10,19
47412,13,6,19
37607,18,1,19
37634,16,3,19
45835,13,6,19
53483,16,3,19
48595,16,3,19
41678,14,5,19
41686,15,4,19
41009,9,10,19
51431,11,8,19
37336,18,1,19
55869,5,14,19
46579,9,10,19
38853,17,2,19
40746,8,11,19
33032,19,0,19
47824,19,0,19
30016,1,18,19
61797,19,0,19
62839,16,3,19
45387,14,5,19
41330,16,3,19
44249,13,6,19
62988,19,0,19
45409,12,7,19
46867,10,9,19
34504,15,4,19
38468,16,3,19
52450,15,4,19
30050,1,18,19
33033,16,3,19
41353,14,5,19
46487,18,1,19
45860,14,5,19
34261,11,8,19
34984,15,4,19
49011,12,7,19
44562,12,7,19
39520,7,12,19
33391,9,10,19
37962,18,1,19
43697,9,10,19
38861,14,5,19
37417,13,6,19
42714,13,6,19
40975,14,5,19
38826,14,5,19
44963,16,3,19
34435,14,5,19
37755,14,5,19
48800,19,0,19
42750,15,4,19
45343,16,3,19
55480,16,3,19
48426,14,5,19
49103,14,5,19
42844,16,3,19
56911,16,3,19
34404,13,6,19
33932,18,1,19
33722,18,1,19
39339,14,5,19
37359,18,1,19
35532,13,6,19
33017,19,0,19
43847,14,5,19
32941,15,4,19
49019,11,8,19
35024,17,2,19
27162,11,8,19
42602,7,12,19
41702,14,5,19
27170,11,8,19
47404,13,6,19
45760,16,3,19
44029,17,2,19
41899,18,1,19
42082,19,0,19
28730,1,18,19
33778,16,3,19
45848,17,2,19
59380,15,4,19
63271,5,14,19
61308,19,0,19
61606,18,1,19
55757,7,12,19
58704,19,0,19
34355,16,3,19
64595,19,0,19
65131,17,2,19
45213,15,4,19
46048,15,4,19
60964,15,4,19
44026,8,11,19
42280,19,0,19
57804,15,4,19
46177,17,2,19
34695,14,5,19
47944,15,4,19
61442,18,1,19
61537,18,1,19
39840,13,6,19
62106,15,4,19
62368,17,2,19
34053,14,5,19
44465,11,8,19
35111,12,7,19
33639,14,5,19
33372,19,0,19
37460,14,5,19
38477,13,6,19
35445,15,4,19
38630,11,8,19
48611,18,1,19
35169,18,1,19
37871,16,3,19
38265,18,1,19
57860,17,2,19
34520,19,0,19
55715,13,6,19
33790,17,2,19
43738,15,3,18
41154,9,9,18
40907,14,4,18
36300,17,1,18
40426,17,1,18
48460,10,8,18
38717,17,1,18
46990,9,9,18
43682,14,4,18
36378,14,4,18
51947,13,5,18
36220,13,5,18
38898,13,5,18
46859,11,7,18
39547,14,4,18
39488,11,7,18
47361,14,4,18
42713,11,7,18
43213,13,5,18
55904,12,6,18
39380,15,3,18
40618,12,6,18
38089,7,11,18
36653,8,10,18
39750,9,9,18
46284,14,4,18
38724,14,4,18
44186,10,8,18
39849,8,10,18
47978,10,8,18
47891,10,8,18
41531,16,2,18
45817,5,13,18
32994,11,7,18
38194,14,4,18
47355,16,2,18
42063,16,2,18
47703,3,15,18
39851,7,11,18
47328,7,11,18
41614,17,1,18
58116,10,8,18
42237,16,2,18
39186,6,12,18
49061,18,0,18
44341,6,12,18
42680,14,4,18
47751,11,7,18
42674,9,9,18
39796,10,8,18
44190,16,2,18
50605,15,3,18
44876,16,2,18
43075,13,5,18
48607,16,2,18
38257,14,4,18
38908,10,8,18
48697,15,3,18
38316,12,6,18
39560,11,7,18
40697,16,2,18
39945,13,5,18
43435,16,2,18
45414,13,5,18
42896,11,7,18
38093,14,4,18
54188,11,7,18
44973,12,6,18
33040,13,5,18
36305,18,0,18
43234,17,1,18
46913,16,2,18
42909,13,5,18
42125,13,5,18
39003,9,9,18
42060,6,12,18
58925,13,5,18
52258,16,2,18
36295,11,7,18
48277,12,6,18
37480,10,8,18
48606,11,7,18
33682,15,3,18
38946,9,9,18
48184,12,6,18
42890,10,8,18
47036,10,8,18
43917,11,7,18
41380,14,4,18
45644,15,3,18
40180,16,2,18
39761,16,2,18
37494,6,12,18
37737,15,3,18
47814,7,11,18
62659,15,3,18
36543,11,7,18
36303,9,9,18
43321,7,11,18
45877,10,8,18
57520,13,5,18
46478,14,4,18
36781,7,11,18
65489,17,1,18
37378,14,4,18
36764,4,14,18
46705,15,3,18
65523,12,6,18
40861,11,7,18
47498,10,8,18
41696,14,4,18
40265,10,8,18
50602,10,8,18
48169,10,8,18
42835,8,10,18
37477,16,2,18
41065,11,7,18
40821,8,10,18
49041,14,4,18
43091,17,1,18
39745,9,9,18
44329,15,3,18
40471,9,9,18
41002,15,3,18
43381,11,7,18
39756,15,3,18
44499,14,4,18
38680,13,5,18
54532,14,4,18
39114,16,2,18
44170,10,8,18
48485,9,9,18
32790,13,5,18
38043,1,17,18
45382,6,12,18
45112,15,3,18
48327,17,1,18
37145,16,2,18
58114,13,5,18
44895,11,7,18
53037,13,5,18
52459,11,7,18
38984,7,11,18
36624,7,11,18
49138,9,9,18
61132,18,0,18
44488,9,9,18
36538,14,4,18
41894,9,9,18
41751,11,7,18
52397,12,6,18
60641,9,9,18
37093,14,4,18
41357,6,12,18
42555,14,4,18
35051,14,4,18
52295,12,6,18
40104,8,10,18
52255,15,3,18
51674,9,9,18
44223,15,3,18
32778,15,3,18
35914,11,7,18
47732,13,5,18
54797,10,8,18
35063,13,5,18
54662,15,3,18
46030,11,7,18
33537,11,7,18
44083,10,8,18
45412,12,6,18
43998,11,7,18
55444,13,5,18
61031,5,13,18
60573,9,9,18
39760,12,6,18
45983,11,7,18
53082,14,4,18
48873,18,0,18
35976,12,6,18
51614,14,4,18
58831,13,5,18
51599,12,6,18
51595,12,6,18
38016,9,9,18
39609,13,5,18
51531,11,7,18
63543,5,13,18
64847,10,8,18
55169,15,3,18
39561,10,8,18
46883,9,9,18
53092,16,2,18
47056,17,1,18
51379,15,3,18
49147,17,1,18
64227,13,5,18
33455,10,8,18
33453,16,2,18
43452,13,5,18
44530,15,3,18
64006,11,7,18
63959,17,1,18
63957,18,0,18
38234,12,6,18
51556,15,3,18
63684,16,2,18
32946,11,7,18
51269,12,6,18
63572,16,2,18
32808,5,13,18
63348,18,0,18
40557,15,3,18
63579,17,1,18
62795,16,2,18
63702,14,4,18
62627,9,9,18
37057,18,0,18
33228,13,5,18
50000,11,7,18
39496,13,5,18
46892,9,9,18
61514,18,0,18
61505,17,1,18
61503,18,0,18
61467,17,1,18
52128,13,5,18
48399,12,6,18
61271,18,0,18
61262,18,0,18
61077,17,1,18
54520,10,8,18
41680,12,6,18
35876,13,5,18
56053,11,7,18
51904,12,6,18
42332,11,7,18
54633,6,12,18
50864,13,5,18
39287,10,8,18
43218,12,6,18
42576,16,2,18
37443,14,4,18
46525,7,11,18
52939,13,5,18
42901,10,8,18
41594,13,5,18
45238,11,7,18
59410,15,3,18
39451,13,5,18
42789,15,3,18
55556,5,13,18
46986,15,3,18
45259,7,11,18
39478,7,11,18
48264,12,6,18
39231,8,10,18
57509,10,8,18
57461,15,3,18
65033,15,3,18
41766,14,4,18
39908,16,2,18
46771,7,11,18
63185,17,1,18
35484,5,13,18
45044,10,8,18
42603,12,6,18
47343,9,9,18
51481,13,5,18
52048,11,7,18
36739,5,13,18
63789,11,7,18
35251,9,9,18
40645,14,4,18
61234,18,0,18
35940,14,4,18
43161,14,4,18
62202,13,5,18
36602,5,13,18
34885,16,2,18
58531,5,13,18
36999,13,5,18
63800,14,4,18
58588,15,3,18
51187,12,6,18
45810,9,9,18
39148,6,12,18
62727,9,9,18
47693,15,3,18
46663,11,7,18
46116,11,7,18
50597,11,7,18
5012,15,3,18
63035,12,6,18
45369,15,3,18
45960,7,11,18
65281,5,13,18
50951,13,5,18
38985,13,5,18
46641,9,9,18
34166,15,3,18
36947,11,7,18
54891,5,13,18
63919,11,7,18
64723,16,2,18
42057,12,6,18
64656,5,13,18
63894,18,0,18
63904,17,1,18
48230,12,6,18
64044,17,1,18
54301,12,6,18
39715,7,11,18
36972,7,11,18
57954,12,6,18
33163,9,9,18
35801,11,7,18
52367,10,8,18
64235,17,1,18
49426,12,6,18
41118,14,4,18
63808,10,8,18
37836,11,7,18
63585,17,1,18
64442,17,1,18
37783,16,2,18
34877,13,5,18
55940,14,4,18
39788,8,10,18
58663,9,9,18
39539,14,4,18
48583,13,5,18
33029,15,3,18
65524,12,6,18
35518,18,0,18
40214,8,10,18
35336,15,3,18
34915,5,13,18
37180,4,14,18
50400,11,7,18
44574,12,6,18
64096,17,1,18
39982,6,12,18
34361,9,9,18
50467,10,8,18
41868,10,8,18
64746,11,7,18
44137,14,4,18
34348,17,1,18
33575,9,9,18
34719,16,2,18
36645,15,3,18
64989,18,0,18
36113,5,13,18
63813,10,8,18
65237,5,13,18
65208,11,7,18
35462,16,2,18
35245,8,10,18
52506,14,4,18
42281,14,4,18
65165,14,4,18
63844,10,8,18
56172,13,5,18
2172,18,0,18
34487,13,5,18
43889,16,2,18
39682,12,6,18
27628,11,7,18
50143,16,2,18
38822,13,5,18
64972,17,1,18
44162,12,6,18
41087,11,7,18
63033,10,8,18
36109,11,7,18
34180,10,8,18
34752,8,10,18
62428,8,10,18
62152,5,13,18
33215,11,7,18
64265,17,1,18
35488,5,13,18
36043,11,7,18
36862,13,5,18
64289,17,1,18
64298,18,0,18
57209,13,5,18
62602,12,6,18
35288,14,4,18
36129,8,10,18
44684,14,4,18
58110,11,7,18
36079,11,7,18
35390,9,9,18
64046,18,0,18
63907,18,0,18
48730,14,4,18
65517,18,0,18
64612,18,0,18
37080,7,11,18
34367,14,4,18
34734,7,11,18
52528,14,4,18
36304,9,9,18
64820,12,6,18
37576,14,4,18
46510,12,6,18
35066,13,5,18
34904,16,2,18
41904,14,4,18
51464,10,8,18
58981,13,5,18
56996,10,8,18
33600,14,4,18
48447,12,6,18
54315,12,6,18
35552,10,8,18
42573,17,1,18
34757,13,5,18
52680,13,5,18
60604,15,3,18
59149,14,4,18
51724,10,8,18
5058,16,2,18
63604,18,0,18
62819,14,4,18
56346,11,7,18
62940,14,4,18
48410,14,4,18
35610,13,5,18
52733,13,5,18
54522,18,0,18
48404,17,1,18
34806,13,5,18
51667,12,6,18
53857,14,4,18
44527,10,8,18
61989,17,1,18
47168,17,1,18
37028,12,6,18
38411,13,5,18
40868,10,8,18
61999,12,6,18
63020,18,0,18
34928,13,5,18
52988,16,2,18
39910,9,9,18
55236,14,4,18
56679,14,4,18
61829,14,4,18
47961,14,4,18
63373,14,4,18
63411,17,1,18
36943,12,6,18
55385,14,4,18
62673,14,4,18
45263,14,4,18
35362,10,8,18
51436,11,7,18
42533,9,9,18
43001,13,5,18
46207,9,9,18
56319,14,4,18
46008,16,2,18
58601,8,10,18
45362,6,12,18
64069,18,0,18
55795,5,13,18
61802,16,2,18
34688,14,4,18
45337,12,6,18
63666,8,10,18
42987,15,3,18
36980,9,9,18
44468,14,4,18
42459,13,5,18
46150,9,9,18
36996,13,5,18
37166,12,6,18
35831,13,5,18
41037,5,13,18
42584,11,7,18
46891,7,11,18
43090,14,4,18
45444,9,9,18
43403,16,2,18
55987,11,7,18
38599,15,3,18
37130,6,12,18
53853,16,2,18
45895,15,3,18
45944,14,4,18
53031,9,9,18
38544,14,4,18
37722,12,6,18
40680,12,6,18
46187,2,16,18
39171,14,4,18
34208,17,1,18
42452,12,6,18
57166,15,3,18
54739,11,7,18
41935,11,7,18
35546,14,4,18
34107,15,3,18
35350,17,1,18
42379,14,4,18
42234,11,7,18
35988,10,8,18
35197,11,7,18
53005,8,10,18
61762,16,2,18
39248,15,3,18
48032,15,3,18
62429,17,1,18
42328,12,6,18
44332,14,4,18
34639,15,3,18
49914,10,8,18
41625,12,6,18
45174,14,4,18
42299,9,9,18
44425,15,3,18
42832,12,6,18
56482,8,10,18
42232,13,5,18
45566,10,8,18
43145,16,2,18
33454,9,9,18
44430,14,4,18
35620,12,6,18
48104,17,1,18
34690,12,6,18
33481,13,5,18
57202,12,6,18
55618,5,13,18
49071,12,6,18
43572,6,12,18
51834,6,12,18
40032,16,2,18
61651,14,4,18
62723,14,4,18
46443,9,9,18
43605,14,4,18
53647,13,5,18
48557,12,6,18
35210,14,4,18
56320,9,9,18
44450,11,7,18
46591,12,6,18
46545,14,4,18
51344,13,5,18
40124,15,3,18
41039,11,7,18
57312,15,3,18
38295,14,4,18
47772,13,5,18
44225,9,9,18
38484,15,3,18
40784,12,6,18
34760,14,4,18
47008,6,12,18
35884,16,2,18
62834,14,4,18
62835,14,4,18
44610,14,4,18
39924,18,0,18
38304,5,13,18
42524,15,3,18
48876,15,3,18
47090,12,6,18
38940,11,7,18
35641,12,6,18
47092,12,6,18
46315,11,7,18
55615,15,3,18
32969,15,3,18
54021,12,6,18
39265,15,3,18
60971,17,1,18
35750,15,3,18
33959,13,5,18
44602,11,7,18
38237,15,3,18
47079,15,3,18
38299,14,4,18
37507,6,12,18
33120,16,2,18
43397,13,5,18
35322,16,2,18
44432,12,6,18
43643,8,10,18
59335,14,4,18
45025,16,2,18
41053,16,2,18
54601,8,10,18
49078,12,6,18
49087,12,6,18
39501,13,5,18
41035,9,9,18
44436,12,6,18
44438,12,6,18
61761,16,2,18
41981,9,9,18
38725,9,9,18
35489,7,11,18
40404,8,10,18
43773,15,3,18
45498,14,4,18
41990,15,3,18
42483,15,3,18
42093,16,2,18
39588,12,6,18
38897,13,5,18
61307,18,0,18
46755,16,2,18
46535,17,1,18
41466,16,2,18
34333,16,2,18
64594,18,0,18
38356,16,2,18
44868,11,7,18
38125,13,5,18
44855,13,5,18
34130,7,11,18
44794,14,4,18
61191,5,13,18
62322,17,1,18
44401,17,1,18
44713,13,5,18
56846,8,10,18
62366,17,1,18
62377,18,0,18
62994,18,0,18
63047,18,0,18
63714,5,13,18
35320,16,2,18
41341,12,6,18
32843,16,2,18
33617,14,4,18
39936,13,5,18
39782,17,1,18
40663,14,4,18
40298,14,4,18
34727,9,9,18
37405,17,1,18
43424,17,1,18
38942,13,5,18
39742,14,4,18
44646,16,2,18
33441,12,6,18
34530,16,2,18
38901,15,3,18
35181,15,3,18
38072,15,3,18
44627,15,3,18
46403,16,2,18
46144,12,6,18
39507,16,2,18
47129,16,2,18
39541,15,2,17
36313,13,4,17
39605,10,7,17
33661,15,2,17
48431,15,2,17
46124,8,9,17
47987,6,11,17
38808,14,3,17
48690,15,2,17
44270,11,6,17
56780,12,5,17
48110,11,6,17
47151,11,6,17
45034,10,7,17
46471,9,8,17
42154,11,6,17
58039,11,6,17
51642,9,8,17
40241,11,6,17
39883,11,6,17
45552,13,4,17
38805,10,7,17
42075,12,5,17
45154,8,9,17
44683,13,4,17
43656,6,11,17
45642,8,9,17
56855,5,12,17
36607,16,1,17
46774,11,6,17
56401,11,6,17
47768,13,4,17
38828,8,9,17
46837,9,8,17
55972,5,12,17
46513,13,4,17
43924,10,7,17
47034,10,7,17
54652,6,11,17
49049,11,6,17
38879,1,16,17
44191,11,6,17
55386,13,4,17
42109,13,4,17
36521,6,11,17
51720,10,7,17
41146,9,8,17
37797,6,11,17
45660,15,2,17
51925,11,6,17
47734,10,7,17
42477,11,6,17
51471,10,7,17
44729,12,5,17
40086,12,5,17
42078,16,1,17
41229,9,8,17
42349,14,3,17
44784,9,8,17
33758,15,2,17
48163,9,8,17
33589,6,11,17
42321,13,4,17
40257,13,4,17
41335,12,5,17
37467,14,3,17
46833,9,8,17
36233,15,2,17
43390,5,12,17
47800,12,5,17
46077,3,14,17
44433,13,4,17
41095,8,9,17
46948,14,3,17
42436,12,5,17
45359,10,7,17
39659,10,7,17
38167,13,4,17
47073,10,7,17
39373,12,5,17
39931,10,7,17
47236,13,4,17
43228,7,10,17
41191,11,6,17
46161,12,5,17
39618,11,6,17
40410,8,9,17
41867,15,2,17
43927,6,11,17
44825,10,7,17
52989,14,3,17
42520,10,7,17
44969,4,13,17
43698,13,4,17
48208,7,10,17
46489,15,2,17
53451,11,6,17
46718,11,6,17
61529,16,1,17
43037,10,7,17
51434,12,5,17
43486,15,2,17
56610,8,9,17
43010,16,1,17
39163,13,4,17
48965,12,5,17
52738,8,9,17
51238,8,9,17
46982,9,8,17
40294,8,9,17
35238,16,1,17
36679,14,3,17
55183,8,9,17
49057,16,1,17
41183,13,4,17
45402,12,5,17
38183,5,12,17
37975,14,3,17
48242,13,4,17
37353,5,12,17
44085,9,8,17
48393,6,11,17
58705,8,9,17
33635,14,3,17
44399,15,2,17
56405,12,5,17
56404,12,5,17
47536,14,3,17
44709,9,8,17
42722,15,2,17
52455,12,5,17
62618,10,7,17
64365,5,12,17
52373,10,7,17
43910,14,3,17
47256,11,6,17
42514,12,5,17
36741,12,5,17
52485,6,11,17
45347,12,5,17
39397,10,7,17
51453,12,5,17
57781,13,4,17
40826,13,4,17
57080,12,5,17
57273,12,5,17
33815,10,7,17
46122,12,5,17
57543,8,9,17
51727,11,6,17
52213,13,4,17
62814,5,12,17
62811,5,12,17
51709,10,7,17
54429,6,11,17
52153,12,5,17
36893,13,4,17
53293,9,8,17
41916,13,4,17
52967,15,2,17
40578,13,4,17
52647,13,4,17
52336,11,6,17
52308,13,4,17
44103,14,3,17
56475,5,12,17
61972,13,4,17
35039,10,7,17
43989,12,5,17
61420,12,5,17
39482,13,4,17
63712,5,12,17
56076,7,10,17
39042,9,8,17
48867,16,1,17
36920,10,7,17
53009,13,4,17
51611,13,4,17
64311,12,5,17
44909,10,7,17
51503,12,5,17
43164,10,7,17
37060,9,8,17
38212,10,7,17
64510,5,12,17
63525,5,12,17
64443,16,1,17
34133,11,6,17
48223,11,6,17
33472,11,6,17
64147,7,10,17
64146,7,10,17
64004,17,0,17
63964,17,0,17
63954,17,0,17
63944,16,1,17
63934,17,0,17
33077,5,12,17
63804,7,10,17
43412,11,6,17
63680,15,2,17
65324,17,0,17
63642,7,10,17
47881,9,8,17
63267,9,8,17
51222,13,4,17
48865,10,7,17
63118,8,9,17
63083,11,6,17
63082,13,4,17
45990,11,6,17
58686,7,10,17
62790,16,1,17
62755,17,0,17
62754,17,0,17
62725,17,0,17
62716,17,0,17
62386,17,0,17
57535,11,6,17
62342,13,4,17
63013,14,3,17
63955,17,0,17
43127,5,12,17
41271,11,6,17
53426,12,5,17
61550,8,9,17
61472,17,0,17
40358,13,4,17
61061,17,0,17
35875,15,2,17
60865,15,2,17
40331,6,11,17
33411,8,9,17
59014,10,7,17
45298,9,8,17
48546,15,2,17
44576,9,8,17
40208,12,5,17
42427,11,6,17
49339,8,9,17
64212,13,4,17
42867,11,6,17
55172,10,7,17
61898,17,0,17
45686,12,5,17
51545,6,11,17
41051,11,6,17
61180,5,12,17
63667,13,4,17
47759,11,6,17
63454,13,4,17
55237,13,4,17
48179,13,4,17
48174,11,6,17
48170,12,5,17
46854,5,12,17
38268,3,14,17
63437,7,10,17
35906,12,5,17
53157,16,1,17
39988,9,8,17
35862,10,7,17
46712,13,4,17
57776,9,8,17
39661,10,7,17
37297,13,4,17
62427,15,2,17
36734,12,5,17
44378,9,8,17
61671,17,0,17
62233,15,2,17
33214,11,6,17
47338,11,6,17
35204,17,0,17
36880,10,7,17
37267,17,0,17
63100,8,9,17
43358,16,1,17
44640,13,4,17
65341,14,3,17
48621,12,5,17
33829,7,10,17
45191,12,5,17
34879,10,7,17
42445,5,12,17
44405,11,6,17
63974,17,0,17
37285,17,0,17
34213,15,2,17
49418,14,3,17
65015,12,5,17
44493,12,5,17
35640,12,5,17
52505,12,5,17
42341,12,5,17
35094,8,9,17
36747,9,8,17
45051,15,2,17
63910,16,1,17
63632,17,0,17
39404,8,9,17
38172,16,1,17
33975,4,13,17
36033,15,2,17
61029,13,4,17
64622,16,1,17
41029,5,12,17
65518,13,4,17
42144,15,2,17
51277,8,9,17
45127,14,3,17
61058,17,0,17
45885,9,8,17
61022,16,1,17
34619,15,2,17
39686,3,14,17
38414,7,10,17
37487,12,5,17
42594,9,8,17
63065,11,6,17
36178,10,7,17
50149,9,8,17
65322,12,5,17
65007,16,1,17
33518,14,3,17
42720,11,6,17
51330,10,7,17
47334,11,6,17
48852,15,2,17
52099,10,7,17
44792,12,5,17
46329,9,8,17
40592,9,8,17
48536,4,13,17
53224,10,7,17
64271,17,0,17
62001,16,1,17
63796,12,5,17
64177,16,1,17
35745,15,2,17
33252,14,3,17
33780,15,2,17
46662,4,13,17
33820,15,2,17
62932,15,2,17
53478,10,7,17
35755,16,1,17
35499,12,5,17
61522,14,3,17
52518,12,5,17
41469,16,1,17
55456,5,12,17
35212,10,7,17
35194,12,5,17
34495,14,3,17
64238,14,3,17
41206,12,5,17
63892,12,5,17
34507,9,8,17
65003,14,3,17
35277,10,7,17
65446,5,12,17
58340,9,8,17
48290,16,1,17
64149,7,10,17
34129,6,11,17
56310,10,7,17
48405,13,4,17
33819,10,7,17
65266,5,12,17
33083,13,4,17
65358,5,12,17
34152,4,13,17
48652,14,3,17
33879,6,11,17
48924,8,9,17
65167,14,3,17
34860,11,6,17
64664,7,10,17
63847,10,7,17
53962,10,7,17
64246,8,9,17
35543,13,4,17
64968,13,4,17
45405,11,6,17
61010,17,0,17
43873,14,3,17
33517,3,14,17
34582,11,6,17
63898,12,5,17
33346,15,2,17
51690,9,8,17
33873,15,2,17
65039,5,12,17
34332,12,5,17
64680,10,7,17
63918,11,6,17
35427,14,3,17
36464,4,13,17
50282,14,3,17
35527,15,2,17
65506,16,1,17
34402,9,8,17
55354,9,8,17
38764,9,8,17
35141,10,7,17
38765,13,4,17
65164,11,6,17
37597,10,7,17
48294,11,6,17
33919,12,5,17
64048,17,0,17
33704,12,5,17
64906,11,6,17
40985,6,11,17
46031,10,7,17
40302,9,8,17
45100,6,11,17
35375,5,12,17
35428,14,3,17
34668,8,9,17
38660,7,10,17
64667,12,5,17
51370,14,3,17
34995,7,10,17
46709,8,9,17
35052,10,7,17
40631,10,7,17
52236,11,6,17
42851,12,5,17
36002,10,7,17
49034,12,5,17
65043,12,5,17
34887,11,6,17
55226,7,10,17
37468,3,14,17
49336,15,2,17
46956,13,4,17
34600,15,2,17
44003,16,1,17
35035,7,10,17
35696,13,4,17
34872,6,11,17
35845,9,8,17
35153,8,9,17
43995,13,4,17
36171,14,3,17
35068,11,6,17
33356,14,3,17
45021,13,4,17
43973,7,10,17
42235,8,9,17
36803,11,6,17
54390,13,4,17
45889,12,5,17
33036,14,3,17
64273,17,0,17
34476,11,6,17
54523,12,5,17
58904,13,4,17
60674,12,5,17
63594,16,1,17
33021,4,13,17
54192,12,5,17
41802,11,6,17
61987,17,0,17
62696,16,1,17
33031,10,7,17
33533,14,3,17
45158,7,10,17
63744,17,0,17
52288,12,5,17
38153,9,8,17
54310,15,2,17
46448,10,7,17
63375,8,9,17
63385,17,0,17
51991,14,3,17
63413,17,0,17
64360,12,5,17
62329,17,0,17
61753,17,0,17
65011,16,1,17
35736,6,11,17
45814,12,5,17
63625,16,1,17
35600,13,4,17
43806,11,6,17
63891,12,5,17
46196,12,5,17
46999,13,4,17
55717,5,12,17
35272,9,8,17
61798,16,1,17
36979,13,4,17
61579,17,0,17
63555,15,2,17
36384,10,7,17
41179,10,7,17
34528,6,11,17
63674,16,1,17
44241,13,4,17
61299,12,5,17
41543,11,6,17
36722,15,2,17
38059,12,5,17
39396,7,10,17
63559,13,4,17
37965,12,5,17
57154,10,7,17
45874,5,12,17
35054,10,7,17
48341,7,10,17
65449,12,5,17
37015,11,6,17
47639,13,4,17
35617,13,4,17
47958,11,6,17
39536,9,8,17
63814,9,8,17
35849,7,10,17
53976,9,8,17
62269,16,1,17
54889,8,9,17
55120,12,5,17
55507,5,12,17
59195,8,9,17
62792,16,1,17
41853,12,5,17
59186,13,4,17
51208,16,1,17
48036,17,0,17
39206,15,2,17
42982,15,2,17
40785,16,1,17
48481,10,7,17
40980,13,4,17
44027,13,4,17
46931,14,3,17
43872,10,7,17
37474,14,3,17
47608,12,5,17
44939,12,5,17
35318,10,7,17
43734,8,9,17
44104,13,4,17
33187,16,1,17
35621,11,6,17
43987,14,3,17
54409,10,7,17
47340,10,7,17
36060,12,5,17
33686,4,13,17
39310,17,0,17
33989,14,3,17
38700,14,3,17
48793,6,11,17
47301,15,2,17
39720,9,8,17
47999,6,11,17
33840,13,4,17
35726,9,8,17
44348,11,6,17
50287,10,7,17
61896,12,5,17
62874,15,2,17
63599,5,12,17
63068,14,3,17
40513,16,1,17
42665,13,4,17
53366,14,3,17
48421,8,9,17
62268,13,4,17
48542,10,7,17
52632,12,5,17
41409,13,4,17
41415,11,6,17
46590,14,3,17
48641,13,4,17
32882,13,4,17
48643,17,0,17
37522,15,2,17
38074,12,5,17
44987,16,1,17
34799,9,8,17
33677,13,4,17
42759,12,5,17
46342,10,7,17
59059,15,2,17
40348,13,4,17
38396,11,6,17
46978,16,1,17
62079,12,5,17
62586,17,0,17
62656,17,0,17
62692,14,3,17
62712,16,1,17
62758,17,0,17
37937,14,3,17
57950,17,0,17
43946,17,0,17
44139,8,9,17
38563,15,2,17
34761,5,12,17
38137,13,4,17
41384,12,5,17
57000,16,1,17
32773,16,1,17
41193,13,4,17
35910,16,1,17
38929,13,4,17
33821,5,12,17
35751,13,4,17
43943,5,12,17
52671,16,1,17
40226,9,8,17
35917,12,5,17
33964,7,10,17
33364,16,1,17
37440,11,6,17
35558,15,2,17
52002,9,8,17
48836,14,3,17
35865,17,0,17
35874,12,5,17
45200,11,6,17
40455,12,5,17
42640,12,5,17
33268,14,3,17
35525,13,4,17
61483,15,2,17
34878,11,6,17
58854,11,6,17
39978,11,6,17
62934,15,2,17
33685,14,3,17
44090,15,2,17
54692,13,4,17
44869,17,0,17
58730,11,6,17
47378,14,3,17
48733,15,2,17
47842,6,11,17
45915,14,3,17
39567,16,1,17
62230,16,1,17
61414,16,1,17
47411,14,3,17
46453,14,3,17
46455,13,4,17
34325,17,0,17
61964,15,2,17
64452,12,5,17
56762,14,3,17
65132,17,0,17
51923,12,5,17
43545,15,2,17
44785,16,1,17
44428,9,8,17
55619,8,9,17
37922,17,0,17
53600,14,3,17
34411,15,2,17
41946,14,3,17
44311,13,4,17
39252,12,5,17
47100,10,7,17
35079,11,6,17
59217,10,7,17
55566,5,12,17
62369,16,1,17
42948,10,7,17
56915,10,7,17
62096,16,1,17
44799,12,5,17
62989,17,0,17
63029,17,0,17
63036,16,1,17
32943,15,2,17
45618,15,2,17
39927,14,3,17
35300,16,1,17
44637,17,0,17
32975,14,3,17
37984,14,3,17
64285,15,2,17
37532,16,1,17
39888,14,3,17
39662,5,12,17
56132,17,0,17
39717,15,2,17
41205,13,4,17
33380,16,1,17
45090,16,1,17
46354,14,3,17
17134,17,0,17
47279,12,5,17
38995,15,2,17
40888,17,0,17
44059,15,2,17
15113,17,0,17
38882,14,3,17
46085,15,2,17
61925,16,1,17
9155,17,0,17
12784,17,0,17
20869,17,0,17
45962,14,2,16
58979,13,3,16
43993,9,7,16
41980,6,10,16
54292,6,10,16
63915,16,0,16
38156,11,5,16
36271,12,4,16
43250,5,11,16
38865,13,3,16
54232,13,3,16
39509,7,9,16
46292,9,7,16
47827,9,7,16
38720,14,2,16
41007,13,3,16
41242,9,7,16
41672,12,4,16
33742,14,2,16
44109,10,6,16
44984,8,8,16
39112,9,7,16
40282,12,4,16
38569,9,7,16
42385,15,1,16
38655,14,2,16
48709,9,7,16
46112,12,4,16
46955,9,7,16
40976,5,11,16
42023,12,4,16
48118,11,5,16
39338,6,10,16
43567,3,13,16
58905,12,4,16
39075,4,12,16
47985,10,6,16
42290,13,3,16
45950,5,11,16
46985,15,1,16
36609,13,3,16
36608,11,5,16
40524,12,4,16
46147,1,15,16
39002,12,4,16
44376,13,3,16
38761,8,8,16
45307,15,1,16
38850,6,10,16
40020,12,4,16
54304,9,7,16
33598,4,12,16
39269,8,8,16
44812,9,7,16
42143,12,4,16
44806,6,10,16
45011,9,7,16
45976,4,12,16
33763,10,6,16
54473,12,4,16
36518,8,8,16
63975,15,1,16
38493,5,11,16
45137,5,11,16
51707,8,8,16
46283,12,4,16
42122,10,6,16
46137,8,8,16
38284,4,12,16
36362,13,3,16
36457,11,5,16
48772,3,13,16
44758,9,7,16
42151,12,4,16
42487,9,7,16
54664,14,2,16
38419,12,4,16
41602,11,5,16
40290,12,4,16
39199,9,7,16
38115,3,13,16
40877,16,0,16
39578,6,10,16
52054,12,4,16
44884,9,7,16
47085,10,6,16
47810,14,2,16
58362,12,4,16
44568,12,4,16
48387,7,9,16
45143,7,9,16
47080,11,5,16
42209,7,9,16
39914,9,7,16
44953,8,8,16
37530,4,12,16
58031,7,9,16
41878,12,4,16
40065,11,5,16
38553,14,2,16
45105,11,5,16
42754,11,5,16
51968,12,4,16
51967,8,8,16
44992,12,4,16
36772,6,10,16
37908,12,4,16
37862,6,10,16
39038,7,9,16
42878,5,11,16
46281,13,3,16
47296,5,11,16
62477,12,4,16
38198,12,4,16
58941,11,5,16
44755,10,6,16
48394,9,7,16
40129,11,5,16
56822,7,9,16
45221,11,5,16
41646,11,5,16
45636,7,9,16
44325,5,11,16
47795,7,9,16
36526,10,6,16
42671,5,11,16
36852,15,1,16
41886,10,6,16
39289,5,11,16
36417,14,2,16
46556,15,1,16
48675,10,6,16
39166,12,4,16
37133,12,4,16
37575,11,5,16
37126,15,1,16
41911,12,4,16
40516,6,10,16
48151,9,7,16
41201,11,5,16
37118,13,3,16
44836,9,7,16
39270,12,4,16
43024,5,11,16
48787,12,4,16
39895,1,15,16
51506,12,4,16
48853,11,5,16
41831,9,7,16
49139,13,3,16
61667,16,0,16
39545,9,7,16
40919,12,4,16
37706,8,8,16
61146,16,0,16
61143,15,1,16
58070,5,11,16
44938,5,11,16
54685,6,10,16
42627,12,4,16
52519,6,10,16
28763,16,0,16
35923,13,3,16
39677,16,0,16
44289,4,12,16
52164,10,6,16
55912,7,9,16
53291,9,7,16
44177,7,9,16
52100,10,6,16
40656,6,10,16
58578,8,8,16
43151,12,4,16
45206,8,8,16
23713,16,0,16
54439,8,8,16
56763,10,6,16
58198,5,11,16
47429,10,6,16
42005,15,1,16
37427,6,10,16
53256,10,6,16
43994,12,4,16
43932,12,4,16
53441,8,8,16
61188,14,2,16
37070,14,2,16
53167,11,5,16
45620,9,7,16
65522,12,4,16
43648,12,4,16
46442,9,7,16
32863,11,5,16
51444,13,3,16
51346,10,6,16
64247,15,1,16
64224,13,3,16
41892,9,7,16
42296,12,4,16
58023,12,4,16
36889,9,7,16
43426,10,6,16
49070,11,5,16
63651,12,4,16
63565,16,0,16
63524,12,4,16
63463,15,1,16
55325,14,2,16
1164,16,0,16
51692,6,10,16
40607,14,2,16
63086,11,5,16
44988,6,10,16
45690,10,6,16
40553,13,3,16
62789,16,0,16
62791,16,0,16
62571,16,0,16
62566,16,0,16
62426,15,1,16
62319,8,8,16
60621,6,10,16
45193,12,4,16
43620,5,11,16
61502,15,1,16
43447,12,4,16
56064,5,11,16
61416,8,8,16
56165,12,4,16
61329,15,1,16
61328,15,1,16
61229,16,0,16
39975,12,4,16
61431,15,1,16
37820,14,2,16
41034,13,3,16
61530,15,1,16
48450,13,3,16
43378,12,4,16
33135,7,9,16
42879,15,1,16
43062,9,7,16
48437,11,5,16
41083,9,7,16
49051,6,10,16
47214,14,2,16
38446,12,4,16
63561,15,1,16
51918,9,7,16
37142,8,8,16
40468,13,3,16
36459,11,5,16
48383,10,6,16
62760,12,4,16
56061,10,6,16
57433,12,4,16
57372,10,6,16
57355,11,5,16
48081,12,4,16
61462,7,9,16
47907,11,5,16
53575,14,2,16
59110,8,8,16
50307,15,1,16
35662,9,7,16
39983,9,7,16
61013,13,3,16
38024,9,7,16
45227,8,8,16
50553,11,5,16
60994,5,11,16
43226,11,5,16
61142,14,2,16
43259,12,4,16
38766,8,8,16
34187,7,9,16
38350,10,6,16
39803,10,6,16
45913,9,7,16
63208,16,0,16
38147,1,15,16
47041,11,5,16
63030,16,0,16
62371,16,0,16
65346,5,11,16
62370,15,1,16
63457,11,5,16
43219,10,6,16
47211,4,12,16
39232,12,4,16
55936,10,6,16
40091,6,10,16
44157,11,5,16
53670,9,7,16
48622,10,6,16
65389,8,8,16
34197,10,6,16
27665,11,5,16
39837,13,3,16
33892,13,3,16
36160,13,3,16
41067,10,6,16
39591,7,9,16
34206,12,4,16
48581,11,5,16
54839,7,9,16
39629,9,7,16
38367,10,6,16
56748,6,10,16
54762,11,5,16
49378,12,4,16
34144,9,7,16
64702,15,1,16
65502,12,4,16
44354,12,4,16
64531,9,7,16
63226,11,5,16
64000,8,8,16
64990,12,4,16
35569,9,7,16
34212,6,10,16
33045,8,8,16
62135,12,4,16
54727,8,8,16
39553,5,11,16
65514,16,0,16
51845,12,4,16
34501,9,7,16
61116,11,5,16
46320,1,15,16
35365,13,3,16
65070,11,5,16
35086,13,3,16
40897,12,4,16
34039,10,6,16
36048,10,6,16
37529,14,2,16
37273,11,5,16
36958,4,12,16
34068,8,8,16
34584,14,2,16
34655,9,7,16
65529,5,11,16
48398,7,9,16
34955,8,8,16
53617,14,2,16
33799,12,4,16
63643,7,9,16
35200,16,0,16
62081,15,1,16
45586,12,4,16
34178,11,5,16
34807,7,9,16
32959,5,11,16
64902,5,11,16
33376,7,9,16
36037,10,6,16
41749,9,7,16
34942,10,6,16
64614,11,5,16
37569,5,11,16
39205,13,3,16
63753,11,5,16
41209,12,4,16
34088,6,10,16
65193,13,3,16
64740,11,5,16
34081,12,4,16
49047,8,8,16
41439,11,5,16
45611,12,4,16
58900,5,11,16
54705,6,10,16
34196,11,5,16
65351,5,11,16
48668,7,9,16
33876,11,5,16
42807,9,7,16
65155,13,3,16
64788,11,5,16
33918,11,5,16
34549,11,5,16
33482,1,15,16
34707,9,7,16
57155,7,9,16
64611,10,6,16
41026,7,9,16
48309,5,11,16
33956,7,9,16
34705,14,2,16
42949,7,9,16
34173,4,12,16
36549,10,6,16
35354,14,2,16
35316,14,2,16
34922,11,5,16
35090,11,5,16
65018,14,2,16
33289,10,6,16
65008,16,0,16
33291,12,4,16
62607,11,5,16
39854,8,8,16
33486,14,2,16
45450,7,9,16
34780,10,6,16
62138,5,11,16
62730,14,2,16
33891,13,3,16
65081,11,5,16
64494,16,0,16
33977,11,5,16
56754,11,5,16
64244,8,8,16
65027,16,0,16
33933,4,12,16
61614,11,5,16
35370,8,8,16
65278,5,11,16
35497,12,4,16
33151,15,1,16
64727,5,11,16
35505,9,7,16
34649,13,3,16
34625,15,1,16
39467,8,8,16
34494,8,8,16
33155,8,8,16
64666,7,9,16
33939,13,3,16
62118,12,4,16
55590,14,2,16
48207,9,7,16
64111,13,3,16
34562,13,3,16
35282,5,11,16
35301,9,7,16
36099,13,3,16
34523,12,4,16
57938,13,3,16
63649,5,11,16
44622,7,9,16
39176,1,15,16
64688,14,2,16
41257,10,6,16
34379,13,3,16
65485,11,5,16
37240,16,0,16
33572,9,7,16
41269,11,5,16
36412,9,7,16
56419,7,9,16
35346,13,3,16
35711,9,7,16
44633,6,10,16
34082,5,11,16
54396,15,1,16
45829,7,9,16
61411,10,6,16
34203,10,6,16
54730,13,3,16
61575,15,1,16
47278,14,2,16
62605,11,5,16
57847,11,5,16
43555,14,2,16
44081,7,9,16
63064,11,5,16
63752,11,5,16
54974,11,5,16
62165,11,5,16
62173,15,1,16
64964,16,0,16
39863,11,5,16
41085,13,3,16
63738,12,4,16
47871,8,8,16
44374,13,3,16
62307,15,1,16
35147,10,6,16
56288,13,3,16
44913,15,1,16
62186,15,1,16
62528,11,5,16
56177,15,1,16
44652,7,9,16
65012,12,4,16
33116,4,12,16
65076,11,5,16
56327,7,9,16
54795,10,6,16
36540,8,8,16
42539,8,8,16
47358,10,6,16
36942,6,10,16
42609,6,10,16
34987,7,9,16
46350,7,9,16
54478,6,10,16
37920,12,4,16
42968,10,6,16
65103,12,4,16
56280,13,3,16
42833,7,9,16
35766,4,12,16
47269,16,0,16
52154,8,8,16
36963,12,4,16
58177,12,4,16
63982,15,1,16
42503,11,5,16
35784,11,5,16
54227,10,6,16
43431,16,0,16
64874,5,11,16
61457,15,1,16
44221,13,3,16
61458,15,1,16
54784,12,4,16
32832,12,4,16
59095,12,4,16
48370,12,4,16
39389,16,0,16
45372,9,7,16
40530,11,5,16
45125,6,10,16
34603,15,1,16
59249,12,4,16
52653,12,4,16
55117,10,6,16
42688,12,4,16
63429,9,7,16
51123,11,5,16
45354,9,7,16
54403,8,8,16
62973,14,2,16
53258,13,3,16
37319,11,5,16
34111,7,9,16
37900,13,3,16
39548,11,5,16
36343,12,4,16
40786,13,3,16
48825,15,1,16
42195,12,4,16
40499,12,4,16
35097,4,12,16
36370,12,4,16
36130,12,4,16
54505,8,8,16
48861,7,9,16
58590,10,6,16
39887,13,3,16
33785,9,7,16
44971,9,7,16
44297,9,7,16
33947,4,12,16
34738,12,4,16
42843,7,9,16
35658,13,3,16
42098,14,2,16
46260,5,11,16
39201,14,2,16
47184,12,4,16
45322,11,5,16
40386,13,3,16
54506,8,8,16
49080,12,4,16
42110,10,6,16
36054,10,6,16
46697,14,2,16
45999,15,1,16
34701,7,9,16
35115,16,0,16
35378,13,3,16
37566,12,4,16
51417,9,7,16
56665,12,4,16
35296,11,5,16
42540,14,2,16
45923,15,1,16
48069,14,2,16
40691,9,7,16
37913,1,15,16
48620,8,8,16
53559,13,3,16
34728,6,10,16
63079,12,4,16
48816,13,3,16
56945,12,4,16
54067,11,5,16
48523,14,2,16
46018,15,1,16
48558,13,3,16
45214,9,7,16
33126,11,5,16
41303,12,4,16
37516,14,2,16
41744,15,1,16
39955,11,5,16
55685,14,2,16
43834,10,6,16
56567,11,5,16
38922,13,3,16
43787,10,6,16
44303,7,9,16
44710,9,7,16
57339,14,2,16
62406,16,0,16
62691,16,0,16
43575,15,1,16
34142,6,10,16
46638,14,2,16
34471,10,6,16
42625,16,0,16
39461,5,11,16
42935,11,5,16
36176,8,8,16
34801,5,11,16
37612,13,3,16
44181,11,5,16
35768,14,2,16
33086,12,4,16
43815,14,2,16
37459,14,2,16
34109,10,6,16
34110,13,3,16
58944,10,6,16
40382,13,3,16
40107,12,4,16
47684,14,2,16
39183,7,9,16
39668,16,0,16
27326,15,1,16
44978,16,0,16
44218,9,7,16
42748,9,7,16
48371,13,3,16
37391,8,8,16
37663,8,8,16
34930,14,2,16
63094,15,1,16
34185,13,3,16
33546,14,2,16
42106,11,5,16
45764,11,5,16
44715,10,6,16
42376,12,4,16
35134,13,3,16
39786,13,3,16
35531,10,6,16
45894,8,8,16
48335,8,8,16
41982,12,4,16
34858,7,9,16
40168,9,7,16
47313,10,6,16
44535,9,7,16
44268,10,6,16
45197,7,9,16
45806,13,3,16
53609,11,5,16
61293,16,0,16
43360,14,2,16
61532,16,0,16
61740,16,0,16
61741,14,2,16
42954,16,0,16
45854,14,2,16
62821,16,0,16
49036,15,1,16
43088,13,3,16
44259,7,9,16
46532,16,0,16
44042,15,1,16
37829,14,2,16
40414,13,3,16
45368,15,1,16
63291,5,11,16
47714,15,1,16
38593,12,4,16
43591,16,0,16
35680,14,2,16
44031,15,1,16
62367,15,1,16
44393,11,5,16
62378,15,1,16
44597,9,7,16
62935,15,1,16
63096,16,0,16
63102,14,2,16
63511,16,0,16
33740,14,2,16
46541,13,3,16
39701,10,6,16
41983,13,3,16
52874,11,5,16
34892,15,1,16
48778,13,3,16
39263,8,8,16
41877,15,1,16
33184,14,2,16
39506,12,4,16
41057,13,3,16
37967,5,11,16
51459,6,10,16
44412,13,3,16
39725,11,5,16
45747,13,3,16
39334,14,2,16
40456,13,3,16
39144,10,6,16
46111,14,2,16
56783,15,1,16
43141,15,1,16
40772,11,5,16
52351,8,8,16
56563,14,2,16
64329,5,11,16
43101,15,0,15
32003,15,0,15
43279,10,5,15
46499,7,8,15
42229,11,4,15
46993,10,5,15
40446,12,3,15
47656,1,14,15
39408,4,11,15
38878,14,1,15
41186,9,6,15
55903,8,7,15
36249,9,6,15
36376,10,5,15
46129,9,6,15
45047,14,1,15
40867,9,6,15
37329,4,11,15
59100,10,5,15
43057,11,4,15
41864,12,3,15
39278,5,10,15
46868,10,5,15
39498,6,9,15
44821,9,6,15
36657,8,7,15
46814,10,5,15
38694,11,4,15
40439,7,8,15
46819,12,3,15
45661,7,8,15
47849,12,3,15
45380,7,8,15
43655,11,4,15
46015,9,6,15
45109,12,3,15
40173,9,6,15
54451,6,9,15
47365,11,4,15
55598,5,10,15
36338,9,6,15
36560,7,8,15
46108,13,2,15
46197,7,8,15
44662,13,2,15
42707,5,10,15
43680,3,12,15
57774,7,8,15
40522,7,8,15
44579,9,6,15
36461,5,10,15
36456,10,5,15
46497,8,7,15
43229,13,2,15
36517,8,7,15
36925,11,4,15
46422,6,9,15
47439,12,3,15
43785,5,10,15
53380,13,2,15
59017,11,4,15
33737,10,5,15
57288,9,6,15
36923,10,5,15
39200,5,10,15
41587,7,8,15
46481,13,2,15
44665,12,3,15
45866,9,6,15
46464,6,9,15
36901,10,5,15
39959,8,7,15
46236,10,5,15
42911,12,3,15
36211,11,4,15
38746,14,1,15
42929,12,3,15
38004,13,2,15
41783,8,7,15
51323,10,5,15
47534,10,5,15
42536,11,4,15
44155,10,5,15
45211,9,6,15
36800,11,4,15
43383,11,4,15
41250,11,4,15
45875,11,4,15
39806,5,10,15
59216,8,7,15
44634,7,8,15
48878,11,4,15
41644,9,6,15
42103,7,8,15
41725,10,5,15
63650,10,5,15
43289,1,14,15
47922,10,5,15
39406,6,9,15
46806,13,2,15
42532,9,6,15
44581,15,0,15
39456,12,3,15
36731,10,5,15
44906,8,7,15
48395,13,2,15
63367,14,1,15
45353,8,7,15
38896,7,8,15
42664,11,4,15
36727,11,4,15
40215,8,7,15
44067,8,7,15
42185,9,6,15
41106,7,8,15
36510,13,2,15
45292,11,4,15
45438,11,4,15
48475,9,6,15
45403,7,8,15
45589,13,2,15
41462,9,6,15
56208,7,8,15
44202,5,10,15
52638,8,7,15
41810,5,10,15
38708,13,2,15
36661,13,2,15
37161,9,6,15
37333,6,9,15
53591,10,5,15
37155,11,4,15
46495,8,7,15
59112,7,8,15
51391,10,5,15
35406,6,9,15
46559,5,10,15
48087,11,4,15
44145,6,9,15
49038,14,1,15
39108,7,8,15
43595,11,4,15
42777,12,3,15
40736,7,8,15
47053,10,5,15
36881,8,7,15
52427,10,5,15
39382,9,6,15
61666,15,0,15
61663,15,0,15
61157,15,0,15
61151,15,0,15
52356,11,4,15
60983,12,3,15
36742,12,3,15
46192,9,6,15
37089,8,7,15
31232,1,14,15
37086,10,5,15
56066,11,4,15
55608,8,7,15
43242,13,2,15
56164,8,7,15
48672,8,7,15
62350,5,10,15
54237,10,5,15
37515,13,2,15
37662,12,3,15
45365,10,5,15
36515,4,11,15
34132,6,9,15
59171,8,7,15
52319,10,5,15
53307,10,5,15
36726,11,4,15
39009,1,14,15
38976,7,8,15
54049,8,7,15
37377,7,8,15
37373,13,2,15
55578,7,8,15
32985,4,11,15
45164,8,7,15
39525,8,7,15
43684,9,6,15
48054,10,5,15
44161,12,3,15
36491,7,8,15
48455,10,5,15
39744,6,9,15
42993,5,10,15
51552,11,4,15
51537,10,5,15
44552,12,3,15
51505,12,3,15
45327,8,7,15
62695,10,5,15
49012,10,5,15
33709,11,4,15
33426,6,9,15
33429,5,10,15
49100,9,6,15
63656,12,3,15
32838,8,7,15
63534,12,3,15
40707,12,3,15
61605,10,5,15
63432,14,1,15
55722,10,5,15
63241,15,0,15
63240,15,0,15
63085,11,4,15
63084,11,4,15
36302,6,9,15
62747,14,1,15
52229,6,9,15
62644,15,0,15
62640,13,2,15
62638,15,0,15
62570,15,0,15
62394,14,1,15
62328,11,4,15
40133,8,7,15
41015,11,4,15
31185,1,14,15
47538,5,10,15
62047,10,5,15
40928,5,10,15
48828,13,2,15
61943,14,1,15
63522,5,10,15
62606,5,10,15
30777,1,14,15
61498,14,1,15
61325,15,0,15
61260,15,0,15
36506,11,4,15
44668,6,9,15
44870,9,6,15
39385,7,8,15
40336,10,5,15
37344,9,6,15
50877,13,2,15
62332,11,4,15
40218,12,3,15
37049,7,8,15
48534,11,4,15
37907,10,5,15
55964,11,4,15
37038,9,6,15
42793,7,8,15
45823,10,5,15
48559,4,11,15
48249,7,8,15
58665,12,3,15
27745,11,4,15
63453,5,10,15
48850,6,9,15
56912,14,1,15
61704,5,10,15
43059,7,8,15
50860,9,6,15
36667,11,4,15
30735,1,14,15
36546,14,1,15
36583,8,7,15
42174,5,10,15
35895,12,3,15
38812,1,14,15
45377,10,5,15
61006,7,8,15
61004,13,2,15
63658,5,10,15
30968,1,14,15
38108,4,11,15
25841,14,1,15
62471,11,4,15
39099,12,3,15
56170,14,1,15
45820,13,2,15
56620,11,4,15
33056,1,14,15
43324,4,11,15
33923,12,3,15
51403,9,6,15
36950,7,8,15
47614,1,14,15
46945,8,7,15
39731,5,10,15
47077,11,4,15
34220,11,4,15
64176,8,7,15
40025,11,4,15
43991,13,2,15
37830,4,11,15
34222,6,9,15
30717,1,14,15
44308,10,5,15
43626,2,13,15
64426,5,10,15
45522,9,6,15
46566,4,11,15
62120,7,8,15
37277,9,6,15
33418,8,7,15
40721,9,6,15
34263,4,11,15
43592,8,7,15
34394,7,8,15
51508,12,3,15
63973,15,0,15
37199,14,1,15
37306,5,10,15
35199,9,6,15
44269,10,5,15
34514,7,8,15
44675,5,10,15
64326,11,4,15
31008,1,14,15
64095,13,2,15
65272,5,10,15
40375,9,6,15
45739,7,8,15
39797,14,1,15
33843,9,6,15
63776,9,6,15
44193,9,6,15
36052,9,6,15
34602,6,9,15
65329,15,0,15
33389,1,14,15
38340,3,12,15
56792,7,8,15
60932,13,2,15
63981,14,1,15
50135,12,3,15
65337,11,4,15
33502,13,2,15
36251,14,1,15
42530,5,10,15
44629,6,9,15
35186,9,6,15
39254,6,9,15
38447,12,3,15
48923,10,5,15
52406,6,9,15
56146,11,4,15
62480,12,3,15
37211,6,9,15
37225,10,5,15
38649,12,3,15
64845,11,4,15
36031,9,6,15
56377,7,8,15
63821,10,5,15
34479,4,11,15
40957,9,6,15
64813,14,1,15
34458,12,3,15
33422,6,9,15
65388,8,7,15
35092,8,7,15
35633,6,9,15
34383,11,4,15
65207,8,7,15
35001,9,6,15
63810,11,4,15
33852,6,9,15
38047,6,9,15
35554,13,2,15
34537,9,6,15
65229,11,4,15
65201,13,2,15
52834,12,3,15
34778,8,7,15
43594,10,5,15
35129,8,7,15
34759,9,6,15
64613,15,0,15
41145,7,8,15
37668,3,12,15
65089,5,10,15
62239,14,1,15
63430,15,0,15
46381,13,2,15
62346,11,4,15
35327,5,10,15
35259,7,8,15
49067,10,5,15
44485,7,8,15
33415,12,3,15
65511,12,3,15
64122,10,5,15
63710,5,10,15
45852,14,1,15
64685,5,10,15
35651,6,9,15
34135,13,2,15
64102,13,2,15
43744,8,7,15
34271,10,5,15
41018,7,8,15
62517,5,10,15
42667,5,10,15
46300,5,10,15
35235,12,3,15
65411,11,4,15
37167,10,5,15
65198,13,2,15
34369,5,10,15
45097,10,5,15
46703,8,7,15
35030,8,7,15
62549,12,3,15
51404,11,4,15
64628,12,3,15
65407,12,3,15
34929,5,10,15
42637,8,7,15
64657,11,4,15
47506,8,7,15
62679,14,1,15
47636,3,12,15
37216,8,7,15
38336,6,9,15
55168,10,5,15
41491,5,10,15
44233,9,6,15
42412,6,9,15
35028,9,6,15
35594,10,5,15
34633,4,11,15
35449,8,7,15
33973,12,3,15
62150,11,4,15
64780,11,4,15
41511,10,5,15
64737,11,4,15
34010,7,8,15
59167,8,7,15
40967,8,7,15
42169,10,5,15
34368,11,4,15
45078,6,9,15
48574,10,5,15
42056,11,4,15
64930,5,10,15
35335,8,7,15
36854,5,10,15
44837,6,9,15
61397,11,4,15
61576,15,0,15
31373,1,14,15
62601,11,4,15
34908,5,10,15
48579,11,4,15
35795,5,10,15
51664,15,0,15
38644,3,12,15
47513,12,3,15
56664,14,1,15
62171,15,0,15
62862,11,4,15
52940,12,3,15
40863,10,5,15
63228,14,1,15
51445,12,3,15
26829,11,4,15
45732,9,6,15
61255,11,4,15
63628,13,2,15
63369,8,7,15
48209,7,8,15
38858,12,3,15
56604,12,3,15
42408,8,7,15
62008,14,1,15
62181,15,0,15
33076,5,10,15
48912,13,2,15
35888,8,7,15
42821,12,3,15
61114,11,4,15
63558,15,0,15
65005,14,1,15
65019,15,0,15
35360,4,11,15
40005,9,6,15
56381,10,5,15
45871,15,0,15
43470,3,12,15
34396,11,4,15
61769,13,2,15
36752,11,4,15
44322,9,6,15
46220,1,14,15
44470,9,6,15
40828,7,8,15
35760,9,6,15
35764,9,6,15
48476,7,8,15
45924,9,6,15
60570,5,10,15
37734,9,6,15
37736,8,7,15
36975,8,7,15
42841,6,9,15
47547,4,11,15
43735,6,9,15
26716,11,4,15
39029,3,12,15
37149,9,6,15
42188,12,3,15
48361,3,12,15
36990,6,9,15
34462,11,4,15
40992,11,4,15
51372,13,2,15
33943,4,11,15
37016,10,5,15
34167,14,1,15
40031,11,4,15
42634,10,5,15
40329,13,2,15
45919,12,3,15
40845,15,0,15
40012,12,3,15
55510,10,5,15
45392,11,4,15
34006,8,7,15
27636,12,3,15
47816,7,8,15
61158,12,3,15
57769,11,4,15
47942,9,6,15
47045,13,2,15
36333,11,4,15
44548,9,6,15
38014,9,6,15
40338,11,4,15
39376,9,6,15
42865,5,10,15
46084,13,2,15
36381,12,3,15
45456,9,6,15
43624,10,5,15
40504,9,6,15
39546,12,3,15
45596,12,3,15
45433,13,2,15
46270,13,2,15
56150,11,4,15
49111,12,3,15
45941,10,5,15
42322,10,5,15
38973,12,3,15
39719,10,5,15
42435,10,5,15
45184,12,3,15
38311,10,5,15
56937,10,5,15
37486,11,4,15
41093,5,10,15
43833,12,3,15
35469,9,6,15
39088,12,3,15
45437,11,4,15
33073,10,5,15
43373,1,14,15
34671,9,6,15
37852,7,8,15
44227,11,4,15
43902,6,9,15
56666,10,5,15
32833,11,4,15
47797,13,2,15
48114,15,0,15
41290,13,2,15
47116,1,14,15
40840,14,1,15
26717,15,0,15
47276,11,4,15
41048,13,2,15
48312,10,5,15
43672,6,9,15
48409,12,3,15
47128,14,1,15
45547,14,1,15
48467,10,5,15
45054,9,6,15
64492,10,5,15
40474,13,2,15
41659,11,4,15
46362,6,9,15
48794,5,10,15
38801,12,3,15
45230,15,0,15
37878,13,2,15
60906,7,8,15
56298,9,6,15
54342,6,9,15
48492,13,2,15
44916,9,6,15
38992,5,10,15
54015,11,4,15
63130,5,10,15
42253,13,2,15
62573,14,1,15
64747,5,10,15
44060,9,6,15
37544,14,1,15
39639,14,1,15
47049,11,4,15
38385,1,14,15
42360,12,3,15
47372,12,3,15
38309,12,3,15
35933,13,2,15
39402,5,10,15
40132,3,12,15
47001,7,8,15
42017,12,3,15
45166,8,7,15
33442,3,12,15
38269,3,12,15
34954,9,6,15
35823,14,1,15
48042,7,8,15
33503,13,2,15
33065,11,4,15
32890,15,0,15
56402,5,10,15
58976,8,7,15
39948,10,5,15
37750,11,4,15
61959,13,2,15
40430,8,7,15
52994,10,5,15
41842,11,4,15
48963,14,1,15
44366,10,5,15
49037,14,1,15
56939,12,3,15
58552,13,2,15
45977,6,9,15
40726,10,5,15
43804,7,8,15
42538,11,4,15
38053,11,4,15
35657,12,3,15
47104,6,9,15
33549,12,3,15
34531,11,4,15
43294,3,12,15
34871,11,4,15
45363,14,1,15
42438,12,3,15
42111,12,3,15
33620,12,3,15
44282,11,4,15
42645,13,2,15
46602,11,4,15
40434,12,3,15
40328,13,2,15
42614,11,4,15
45995,5,10,15
33198,13,2,15
34413,12,3,15
47287,11,4,15
35321,7,8,15
35065,10,5,15
39875,8,7,15
35173,9,6,15
35587,12,3,15
15608,15,0,15
38143,10,5,15
42285,9,6,15
40704,5,10,15
62582,5,10,15
34226,12,3,15
63272,12,3,15
41813,14,1,15
42741,15,0,15
41874,6,9,15
34966,13,2,15
35424,10,5,15
48886,12,3,15
44871,14,1,15
33489,11,4,15
39866,9,6,15
62972,13,2,15
46915,14,1,15
23994,15,0,15
12628,15,0,15
20172,15,0,15
16576,15,0,15
19497,15,0,15
22717,15,0,15
44416,10,5,15
43269,14,1,15
62534,5,10,15
44358,12,3,15
59054,15,0,15
39723,10,5,15
63510,14,1,15
44775,13,2,15
62374,15,0,15
44914,10,5,15
63468,14,1,15
63493,15,0,15
39073,8,7,15
41533,14,1,15
57512,8,7,15
37678,5,10,15
46413,13,2,15
34769,14,1,15
42590,10,5,15
39543,7,8,15
54441,11,4,15
47400,13,2,15
41198,10,5,15
54590,9,6,15
42433,9,6,15
35007,14,1,15
47585,1,14,15
32999,12,3,15
34265,4,11,15
53607,13,2,15
34364,13,2,15
48930,9,6,15
56166,12,3,15
41570,10,5,15
51512,11,4,15
38407,12,3,15
32879,12,3,15
33623,1,14,15
40447,11,4,15
42501,11,4,15
26749,13,2,15
38517,12,3,15
42138,14,1,15
41917,5,10,15
37361,15,0,15
40534,5,10,15
56494,14,1,15
64308,14,1,15
64309,15,0,15
64575,15,0,15
56768,14,1,15
40993,12,2,14
38918,13,1,14
42123,11,3,14
48449,7,7,14
42339,10,4,14
36281,6,8,14
43862,9,5,14
42099,7,7,14
43509,6,8,14
40186,11,3,14
48752,6,8,14
44740,11,3,14
39693,13,1,14
36354,5,9,14
38838,11,3,14
47864,10,4,14
44957,10,4,14
46989,13,1,14
56571,9,5,14
48715,5,9,14
38129,3,11,14
48374,11,3,14
37952,9,5,14
36601,7,7,14
58139,5,9,14
44165,9,5,14
41232,5,9,14
51467,6,8,14
64100,13,1,14
36579,11,3,14
43494,6,8,14
38612,11,3,14
49050,5,9,14
39735,7,7,14
55536,5,9,14
48216,9,5,14
44787,10,4,14
41375,11,3,14
45122,3,11,14
48575,12,2,14
44414,9,5,14
33003,7,7,14
47995,11,3,14
47424,6,8,14
45562,12,2,14
43899,8,6,14
39357,7,7,14
40335,4,10,14
45014,12,2,14
40781,13,1,14
36512,11,3,14
39831,6,8,14
43007,13,1,14
46000,11,3,14
48619,5,9,14
42761,9,5,14
42479,11,3,14
46861,7,7,14
38636,10,4,14
54488,6,8,14
42108,5,9,14
44858,10,4,14
39383,8,6,14
40679,10,4,14
40033,10,4,14
43740,9,5,14
36911,10,4,14
39534,9,5,14
36621,11,3,14
63695,13,1,14
40395,11,3,14
48356,6,8,14
41064,5,9,14
39885,8,6,14
47326,5,9,14
36296,13,1,14
36874,9,5,14
48915,8,6,14
48780,8,6,14
39824,6,8,14
46757,11,3,14
36207,10,4,14
40275,10,4,14
45251,9,5,14
43570,11,3,14
59202,7,7,14
42941,5,9,14
37354,9,5,14
43413,6,8,14
48406,8,6,14
36828,4,10,14
39277,9,5,14
40333,1,13,14
43800,11,3,14
45008,4,10,14
37504,9,5,14
44182,10,4,14
42342,10,4,14
41347,9,5,14
44734,5,9,14
47832,5,9,14
36796,9,5,14
39320,11,3,14
46573,9,5,14
38556,4,10,14
36364,8,6,14
44964,11,3,14
44995,8,6,14
44521,9,5,14
40853,8,6,14
43900,9,5,14
44751,8,6,14
49059,11,3,14
47126,1,13,14
36698,9,5,14
40667,12,2,14
36767,6,8,14
58101,5,9,14
42312,8,6,14
42128,1,13,14
45718,10,4,14
48781,11,3,14
51888,8,6,14
42919,7,7,14
44242,9,5,14
44511,8,6,14
36668,9,5,14
40352,7,7,14
37928,1,13,14
46657,7,7,14
37169,10,4,14
45303,5,9,14
36564,5,9,14
42814,8,6,14
44320,13,1,14
45804,5,9,14
42560,3,11,14
40556,7,7,14
37146,12,2,14
36730,6,8,14
40881,10,4,14
47988,9,5,14
39329,11,3,14
49039,7,7,14
42545,10,4,14
40573,9,5,14
36312,12,2,14
36851,9,5,14
46987,10,4,14
49134,5,9,14
61616,14,0,14
41674,9,5,14
61314,14,0,14
44484,4,10,14
63820,5,9,14
63818,5,9,14
33085,4,10,14
42515,13,1,14
60633,6,8,14
56336,12,2,14
37094,11,3,14
35927,7,7,14
44708,9,5,14
52228,10,4,14
45541,9,5,14
52145,10,4,14
48154,13,1,14
62939,8,6,14
55651,5,9,14
37577,11,3,14
54438,7,7,14
35921,11,3,14
38596,12,2,14
41265,5,9,14
37071,7,7,14
43520,3,11,14
47007,11,3,14
37318,6,8,14
27857,11,3,14
43481,10,4,14
48599,10,4,14
53007,12,2,14
45721,10,4,14
63330,5,9,14
51583,10,4,14
58370,10,4,14
55898,13,1,14
51516,11,3,14
42862,10,4,14
51476,10,4,14
53448,8,6,14
36866,11,3,14
62355,10,4,14
62042,6,8,14
63523,5,9,14
43514,4,10,14
43492,12,2,14
33499,1,13,14
64223,13,1,14
64197,11,3,14
64180,14,0,14
33417,9,5,14
64130,14,0,14
43456,6,8,14
48263,5,9,14
63609,12,2,14
63568,14,0,14
63550,14,0,14
63421,14,0,14
60711,9,5,14
64105,13,1,14
62962,9,5,14
62757,14,0,14
62752,13,1,14
62736,14,0,14
42302,8,6,14
62631,10,4,14
32846,12,2,14
40912,5,9,14
62290,5,9,14
62761,12,2,14
58172,8,6,14
56806,8,6,14
42463,5,9,14
63301,5,9,14
63300,5,9,14
61572,9,5,14
61406,8,6,14
48182,12,2,14
61339,13,1,14
61206,14,0,14
61433,10,4,14
64140,7,7,14
64138,5,9,14
63110,5,9,14
43771,1,13,14
46075,5,9,14
33625,11,3,14
36236,10,4,14
39165,10,4,14
49348,9,5,14
36272,8,6,14
36558,12,2,14
37760,5,9,14
59273,13,1,14
44380,9,5,14
45449,11,3,14
42804,12,2,14
36813,6,8,14
44985,7,7,14
44014,9,5,14
43589,12,2,14
46247,1,13,14
46937,11,3,14
43051,9,5,14
43348,9,5,14
48244,13,1,14
43411,6,8,14
37095,6,8,14
47621,9,5,14
37541,6,8,14
42996,12,2,14
62611,9,5,14
62923,8,6,14
29756,1,13,14
33753,9,5,14
38590,6,8,14
64088,14,0,14
61926,13,1,14
45847,1,13,14
50654,12,2,14
36164,4,10,14
54732,10,4,14
36879,4,10,14
36735,12,2,14
36588,11,3,14
44983,6,8,14
37787,9,5,14
62553,5,9,14
61238,5,9,14
62204,10,4,14
43767,5,9,14
37351,10,4,14
41044,12,2,14
44353,5,9,14
51836,8,6,14
64742,5,9,14
63805,8,6,14
54295,6,8,14
52108,12,2,14
38641,5,9,14
54321,8,6,14
44702,12,2,14
59333,7,7,14
43230,10,4,14
39984,3,11,14
36759,5,9,14
35685,8,6,14
39113,8,6,14
65527,11,3,14
45858,11,3,14
64903,5,9,14
36210,5,9,14
37266,9,5,14
45144,5,9,14
37731,8,6,14
33895,8,6,14
62494,11,3,14
33566,7,7,14
33177,3,11,14
37349,10,4,14
41564,11,3,14
34732,9,5,14
64328,5,9,14
60933,9,5,14
34834,11,3,14
57086,6,8,14
65532,5,9,14
64604,13,1,14
63969,12,2,14
42721,8,6,14
37172,5,9,14
53456,6,8,14
44647,8,6,14
41495,12,2,14
36248,9,5,14
44557,3,11,14
36707,6,8,14
44790,12,2,14
64638,5,9,14
33149,8,6,14
63602,12,2,14
44261,10,4,14
34090,7,7,14
52281,10,4,14
35218,5,9,14
65153,5,9,14
63785,11,3,14
39893,9,5,14
64991,12,2,14
43328,1,13,14
35185,10,4,14
38847,8,6,14
65101,12,2,14
48598,7,7,14
38889,7,7,14
38597,9,5,14
34518,11,3,14
34498,6,8,14
42889,5,9,14
63819,10,4,14
35312,5,9,14
35308,9,5,14
64815,7,7,14
45560,9,5,14
37596,7,7,14
65099,14,0,14
42528,5,9,14
47835,6,8,14
64607,10,4,14
35458,5,9,14
65472,5,9,14
65020,14,0,14
62080,13,1,14
34122,11,3,14
63883,13,1,14
64225,13,1,14
35581,6,8,14
34234,9,5,14
65451,12,2,14
65175,5,9,14
65163,5,9,14
33942,7,7,14
65448,12,2,14
34127,12,2,14
34589,8,6,14
60828,12,2,14
33424,5,9,14
33886,7,7,14
65328,11,3,14
60913,5,9,14
35542,11,3,14
63282,5,9,14
43163,7,7,14
34529,9,5,14
65147,12,2,14
34820,4,10,14
61693,11,3,14
41147,3,11,14
45071,6,8,14
64797,11,3,14
34859,13,1,14
34720,14,0,14
64090,13,1,14
33282,6,8,14
36072,9,5,14
35195,6,8,14
35077,9,5,14
42626,5,9,14
33890,10,4,14
38482,7,7,14
54593,13,1,14
36151,7,7,14
40539,10,4,14
47713,3,11,14
46460,7,7,14
64810,14,0,14
34179,10,4,14
65445,12,2,14
64608,12,2,14
37469,6,8,14
63739,5,9,14
35345,7,7,14
35295,12,2,14
43118,6,8,14
43361,6,8,14
63331,5,9,14
44954,9,5,14
43913,5,9,14
38647,13,1,14
64023,5,9,14
58741,5,9,14
34699,8,6,14
38168,7,7,14
43270,1,13,14
64529,12,2,14
34612,8,6,14
43956,8,6,14
65098,14,0,14
63416,14,0,14
35781,9,5,14
40167,7,7,14
43539,8,6,14
41231,6,8,14
42558,10,4,14
32998,5,9,14
65277,5,9,14
63549,14,0,14
34890,8,6,14
27043,13,1,14
34335,11,3,14
62545,5,9,14
63232,5,9,14
39565,6,8,14
62938,14,0,14
63270,11,3,14
37023,7,7,14
54048,12,2,14
62877,13,1,14
35425,9,5,14
42953,8,6,14
44201,8,6,14
48194,6,8,14
44890,7,7,14
44891,13,1,14
57033,13,1,14
48211,7,7,14
34547,9,5,14
54454,12,2,14
62304,13,1,14
62536,11,3,14
33067,5,9,14
32847,6,8,14
64268,11,3,14
56492,11,3,14
61121,13,1,14
61980,11,3,14
35741,7,7,14
35732,9,5,14
36933,8,6,14
27872,12,2,14
61764,12,2,14
48071,7,7,14
36032,9,5,14
45182,3,11,14
35664,11,3,14
43693,12,2,14
34580,8,6,14
43244,10,4,14
34189,13,1,14
37001,10,4,14
37438,3,11,14
63830,10,4,14
47931,6,8,14
39057,3,11,14
46444,10,4,14
41668,10,4,14
44554,7,7,14
34977,6,8,14
47024,3,11,14
47025,7,7,14
54123,8,6,14
36983,4,10,14
58998,8,6,14
34674,11,3,14
61839,10,4,14
36992,5,9,14
44873,11,3,14
63897,12,2,14
52168,8,6,14
44600,5,9,14
37009,10,4,14
43467,8,6,14
61862,12,2,14
44338,9,5,14
34043,5,9,14
40141,5,9,14
39688,11,3,14
62974,5,9,14
33087,2,12,14
37024,6,8,14
43334,8,6,14
47962,11,3,14
35634,8,6,14
65176,5,9,14
47889,10,4,14
62981,12,2,14
47456,1,13,14
48083,9,5,14
56354,5,9,14
51336,8,6,14
63687,5,9,14
47078,8,6,14
51653,8,6,14
63425,8,6,14
42393,8,6,14
9102,7,7,14
51582,6,8,14
34735,8,6,14
48226,5,9,14
35583,4,10,14
48472,7,7,14
35671,4,10,14
39457,10,4,14
47742,8,6,14
40436,9,5,14
46083,3,11,14
33131,6,8,14
43384,8,6,14
36155,9,5,14
37327,1,13,14
46505,6,8,14
38635,7,7,14
43547,13,1,14
48694,8,6,14
55862,5,9,14
35608,12,2,14
48863,7,7,14
34654,11,3,14
53133,8,6,14
43149,3,11,14
34630,6,8,14
38742,9,5,14
43278,5,9,14
41929,9,5,14
33223,11,3,14
43638,9,5,14
8000,13,1,14
62043,5,9,14
33375,10,4,14
51567,8,6,14
27416,14,0,14
46457,8,6,14
41551,9,5,14
57289,8,6,14
47952,10,4,14
47977,12,2,14
35193,9,5,14
39965,10,4,14
48020,12,2,14
36076,11,3,14
40362,3,11,14
39650,8,6,14
53462,9,5,14
45841,9,5,14
56313,8,6,14
46399,9,5,14
38262,9,5,14
26091,14,0,14
51117,12,2,14
25697,10,4,14
34089,13,1,14
43526,9,5,14
44334,9,5,14
52523,11,3,14
35498,9,5,14
38441,11,3,14
53496,12,2,14
44810,8,6,14
48435,9,5,14
45179,5,9,14
42003,10,4,14
56463,5,9,14
48507,7,7,14
38124,13,1,14
34506,10,4,14
45070,8,6,14
38820,12,2,14
56879,11,3,14
63336,5,9,14
48642,10,4,14
64864,5,9,14
41004,11,3,14
33351,12,2,14
40163,13,1,14
43187,6,8,14
41387,10,4,14
34989,10,4,14
40384,7,7,14
54621,6,8,14
64449,12,2,14
64819,5,9,14
34004,6,8,14
33182,6,8,14
54334,10,4,14
42816,11,3,14
47580,9,5,14
62078,12,2,14
39528,12,2,14
41031,12,2,14
62420,13,1,14
38726,8,6,14
64748,5,9,14
46917,9,5,14
40428,9,5,14
41148,10,4,14
39419,13,1,14
39032,10,4,14
42611,5,9,14
41671,6,8,14
35584,7,7,14
34124,7,7,14
34939,12,2,14
41719,14,0,14
38662,10,4,14
48955,10,4,14
34641,8,6,14
35808,9,5,14
58047,12,2,14
44922,11,3,14
34444,10,4,14
44986,13,1,14
39709,6,8,14
41222,13,1,14
46195,10,4,14
40408,11,3,14
55192,10,4,14
48866,12,2,14
52660,8,6,14
48925,5,9,14
62870,13,1,14
48984,10,4,14
45335,8,6,14
39807,14,0,14
40156,8,6,14
47541,11,3,14
48200,6,8,14
34432,8,6,14
44317,1,13,14
43849,14,0,14
43757,9,5,14
38877,7,7,14
41331,11,3,14
39188,13,1,14
46333,9,5,14
39987,1,13,14
46445,11,3,14
46204,3,11,14
47248,12,2,14
60891,9,5,14
46530,10,4,14
35697,12,2,14
56406,7,7,14
56767,9,5,14
39635,10,4,14
62041,5,9,14
56803,5,9,14
43799,7,7,14
37490,14,0,14
55489,5,9,14
42079,9,5,14
45819,6,8,14
45987,6,8,14
45898,8,6,14
45920,5,9,14
14544,1,13,14
42958,11,3,14
37738,10,4,14
61430,11,3,14
61702,8,6,14
42905,11,3,14
58683,8,6,14
42989,12,2,14
43054,10,4,14
60685,8,6,14
39133,8,6,14
34062,7,7,14
64357,12,2,14
45336,6,8,14
42633,10,4,14
55235,11,3,14
39010,10,4,14
37718,1,13,14
42273,11,3,14
55166,10,4,14
46449,9,5,14
56024,13,1,14
54098,12,2,14
44128,13,1,14
42805,11,3,14
44240,5,9,14
44379,12,2,14
44452,13,1,14
60597,10,4,14
63172,13,1,14
34438,11,3,14
63006,10,4,14
36821,10,4,14
61596,14,0,14
44733,13,1,14
62863,14,0,14
62999,14,0,14
63193,14,0,14
63509,14,0,14
34491,11,3,14
37666,13,1,14
52226,6,8,14
43274,8,6,14
33772,10,4,14
33469,13,1,14
42429,10,4,14
52401,8,6,14
35401,9,5,14
45315,9,5,14
37585,14,0,14
34363,14,0,14
38936,12,2,14
35180,7,7,14
53606,13,1,14
58100,12,2,14
41153,13,1,14
43542,13,1,14
57019,11,3,14
55359,12,2,14
37587,14,0,14
62086,5,9,14
64305,14,0,14
13201,1,13,14
43521,13,0,13
46190,6,7,13
44117,7,6,13
36293,6,7,13
43642,8,5,13
59072,7,6,13
47069,6,7,13
38494,2,11,13
43880,3,10,13
36254,7,6,13
55436,12,1,13
40558,9,4,13
40429,5,8,13
46115,7,6,13
38443,7,6,13
39386,9,4,13
38145,3,10,13
45061,5,8,13
46668,7,6,13
36358,7,6,13
40284,10,3,13
44700,5,8,13
45474,11,2,13
39675,11,2,13
38049,3,10,13
40903,6,7,13
40777,7,6,13
44626,8,5,13
49098,7,6,13
44276,5,8,13
36613,8,5,13
47103,5,8,13
48172,7,6,13
37815,5,8,13
36596,12,1,13
64121,10,3,13
44717,8,5,13
36574,7,6,13
44611,8,5,13
42516,9,4,13
43616,9,4,13
36563,7,6,13
44226,5,8,13
39070,9,4,13
36389,9,4,13
41967,9,4,13
62967,12,1,13
47088,10,3,13
36554,13,0,13
41283,9,4,13
45141,10,3,13
43707,3,10,13
46245,8,5,13
42133,8,5,13
41747,5,8,13
36516,10,3,13
41645,8,5,13
47095,10,3,13
27663,13,0,13
46682,9,4,13
38166,5,8,13
41920,6,7,13
52442,6,7,13
36475,5,8,13
43449,5,8,13
36242,6,7,13
36460,9,4,13
38538,10,3,13
46852,8,5,13
47623,9,4,13
45616,5,8,13
27630,13,0,13
47177,9,4,13
56968,5,8,13
41059,10,3,13
54226,6,7,13
44469,1,12,13
36904,7,6,13
36903,7,6,13
44830,5,8,13
49316,9,4,13
36651,5,8,13
43817,9,4,13
41987,13,0,13
40600,12,1,13
47084,8,5,13
36839,12,1,13
41227,5,8,13
48461,5,8,13
44292,11,2,13
41896,11,2,13
33039,6,7,13
36824,9,4,13
46421,8,5,13
38511,2,11,13
37448,1,12,13
43068,8,5,13
51931,6,7,13
44476,4,9,13
63816,9,4,13
40169,6,7,13
36786,9,4,13
38582,9,4,13
36749,8,5,13
27634,11,2,13
43918,7,6,13
39160,12,1,13
42940,10,3,13
57043,8,5,13
47065,8,5,13
46762,7,6,13
37646,6,7,13
39502,9,4,13
45149,13,0,13
33304,5,8,13
43211,6,7,13
43540,9,4,13
41508,5,8,13
38584,6,7,13
54339,6,7,13
14357,1,12,13
45084,6,7,13
46097,2,11,13
39603,5,8,13
36000,7,6,13
37879,6,7,13
39769,5,8,13
39307,8,5,13
43645,5,8,13
43276,6,7,13
52452,9,4,13
39430,8,5,13
38887,7,6,13
54328,10,3,13
63812,5,8,13
37102,5,8,13
45346,10,3,13
35930,8,5,13
55928,12,1,13
33793,6,7,13
37850,3,10,13
37770,11,2,13
49966,11,2,13
38387,7,6,13
39239,10,3,13
48770,10,3,13
40494,9,4,13
52969,11,2,13
55451,9,4,13
39219,1,12,13
54706,9,4,13
52615,12,1,13
41230,5,8,13
61386,5,8,13
40717,9,4,13
62498,5,8,13
37382,8,5,13
43937,8,5,13
38160,3,10,13
43916,8,5,13
42897,10,3,13
53309,6,7,13
53091,10,3,13
40503,9,4,13
47494,11,2,13
48453,9,4,13
42510,6,7,13
43665,8,5,13
43974,6,7,13
63256,5,8,13
62693,12,1,13
37164,8,5,13
37702,5,8,13
45443,7,6,13
38892,5,8,13
55652,5,8,13
43518,10,3,13
43504,11,2,13
45425,8,5,13
51964,6,7,13
44070,10,3,13
64228,13,0,13
33452,10,3,13
64159,7,6,13
64002,13,0,13
64007,8,5,13
43443,7,6,13
33237,5,8,13
42271,7,6,13
63823,13,0,13
40297,6,7,13
63699,9,4,13
33656,1,12,13
63669,8,5,13
63614,13,0,13
32823,3,10,13
36690,7,6,13
63535,12,1,13
61604,5,8,13
64219,12,1,13
47449,7,6,13
62742,12,1,13
62740,12,1,13
38969,8,5,13
62666,9,4,13
62634,12,1,13
62646,13,0,13
62568,12,1,13
40253,6,7,13
58519,5,8,13
62323,8,5,13
62316,13,0,13
62281,6,7,13
47161,5,8,13
48280,10,3,13
62007,13,0,13
52023,6,7,13
61573,9,4,13
62020,5,8,13
61512,13,0,13
61506,12,1,13
61446,13,0,13
61407,8,5,13
33526,10,3,13
64252,5,8,13
43359,7,6,13
52700,9,4,13
60794,12,1,13
46853,1,12,13
40228,9,4,13
48564,13,0,13
45237,4,9,13
40092,8,5,13
59218,11,2,13
35868,9,4,13
37326,1,12,13
44621,3,10,13
37330,10,3,13
50606,11,2,13
56992,9,4,13
40705,10,3,13
38083,10,3,13
27765,13,0,13
27748,12,1,13
60995,7,6,13
27381,11,2,13
65466,5,8,13
48871,6,7,13
48225,6,7,13
34306,8,5,13
51592,6,7,13
33270,3,10,13
62922,12,1,13
63736,5,8,13
42031,9,4,13
47047,8,5,13
62236,13,0,13
37446,9,4,13
61225,12,1,13
46522,8,5,13
45165,1,12,13
36793,7,6,13
55088,7,6,13
47277,1,12,13
31506,1,12,13
28013,13,0,13
37047,9,4,13
44384,11,2,13
49086,11,2,13
46650,7,6,13
39722,6,7,13
37683,5,8,13
38135,10,3,13
48624,9,4,13
43883,5,8,13
5395,1,12,13
37228,6,7,13
38346,1,12,13
36814,6,7,13
37112,4,9,13
28048,12,1,13
34723,7,6,13
47009,5,8,13
54729,8,5,13
48982,6,7,13
64627,10,3,13
33875,7,6,13
41465,7,6,13
38870,7,6,13
37283,8,5,13
48996,11,2,13
63624,5,8,13
35665,5,8,13
62200,11,2,13
27626,11,2,13
64987,12,1,13
40874,11,2,13
37627,11,2,13
65031,12,1,13
8049,1,12,13
63896,12,1,13
34899,8,5,13
42857,8,5,13
42646,10,3,13
39128,5,8,13
37548,11,2,13
65378,5,8,13
65395,13,0,13
63607,12,1,13
56857,8,5,13
43016,6,7,13
64511,5,8,13
64730,12,1,13
64828,11,2,13
41497,11,2,13
37194,10,3,13
37186,5,8,13
36014,11,2,13
38982,7,6,13
33081,13,0,13
33263,10,3,13
26556,11,2,13
37223,7,6,13
36053,10,3,13
40896,13,0,13
65417,5,8,13
33924,6,7,13
51666,6,7,13
33069,3,10,13
64229,13,0,13
65379,5,8,13
27715,12,1,13
34095,9,4,13
64283,11,2,13
64502,11,2,13
65017,12,1,13
34526,9,4,13
63906,13,0,13
37421,6,7,13
43102,7,6,13
63259,5,8,13
64970,11,2,13
33833,8,5,13
64429,8,5,13
34742,9,4,13
65393,8,5,13
34875,10,3,13
34573,8,5,13
65212,11,2,13
36959,4,9,13
44301,9,4,13
33475,1,12,13
34372,12,1,13
35432,6,7,13
65498,11,2,13
42040,7,6,13
48741,8,5,13
65210,5,8,13
61120,12,1,13
34500,9,4,13
40164,5,8,13
48637,5,8,13
64198,11,2,13
41228,5,8,13
56918,5,8,13
37201,6,7,13
34943,6,7,13
63849,9,4,13
65233,12,1,13
34623,7,6,13
65431,5,8,13
49021,11,2,13
35016,7,6,13
34913,6,7,13
37917,9,4,13
63916,11,2,13
62071,5,8,13
49083,9,4,13
34050,8,5,13
35660,4,9,13
61243,5,8,13
42279,8,5,13
27455,12,1,13
63216,11,2,13
64222,11,2,13
64659,5,8,13
64635,12,1,13
46685,7,6,13
63900,12,1,13
63734,12,1,13
48257,3,10,13
42224,6,7,13
61796,13,0,13
64684,5,8,13
41371,7,6,13
35241,10,3,13
34703,10,3,13
35025,10,3,13
35382,11,2,13
34177,11,2,13
64904,5,8,13
36042,8,5,13
56176,5,8,13
45675,8,5,13
37237,9,4,13
64003,13,0,13
36195,7,6,13
65060,5,8,13
34616,4,9,13
65396,9,4,13
42020,9,4,13
64789,11,2,13
65078,5,8,13
63902,12,1,13
55663,5,8,13
61691,11,2,13
43789,9,4,13
27834,13,0,13
36183,8,5,13
35524,4,9,13
48918,5,8,13
34972,7,6,13
45805,1,12,13
27624,11,2,13
36184,7,6,13
55939,5,8,13
46382,8,5,13
33917,6,7,13
36826,4,9,13
63895,13,0,13
35457,9,4,13
33930,8,5,13
35708,9,4,13
34946,7,6,13
65138,11,2,13
61743,11,2,13
59189,7,6,13
45286,6,7,13
65304,5,8,13
35709,9,4,13
63207,11,2,13
63211,11,2,13
42918,3,10,13
35358,6,7,13
39444,9,4,13
35452,8,5,13
40249,4,9,13
26927,11,2,13
43301,5,8,13
34881,7,6,13
64299,10,3,13
27887,11,2,13
64482,13,0,13
34527,13,0,13
65404,11,2,13
26789,12,1,13
44049,9,4,13
65073,5,8,13
61571,9,4,13
64290,11,2,13
39215,6,7,13
36038,4,9,13
54973,5,8,13
61792,13,0,13
61901,5,8,13
62818,13,0,13
34965,4,9,13
55921,5,8,13
27693,13,0,13
62945,11,2,13
63275,11,2,13
63420,13,0,13
40011,3,10,13
48046,10,3,13
63588,12,1,13
45048,1,12,13
27399,11,2,13
62338,12,1,13
62510,12,1,13
63200,11,2,13
64267,11,2,13
49094,7,6,13
36203,11,2,13
38243,7,6,13
62512,11,2,13
35405,5,8,13
27963,13,0,13
62468,11,2,13
63255,10,3,13
63277,11,2,13
36647,8,5,13
53372,12,1,13
26539,12,1,13
47718,6,7,13
64085,13,0,13
35548,5,8,13
46347,10,3,13
61125,13,0,13
62153,11,2,13
35353,7,6,13
35738,9,4,13
35302,8,5,13
33801,12,1,13
39224,5,8,13
46042,9,4,13
44670,12,1,13
53495,10,3,13
41107,3,10,13
35650,6,7,13
26642,11,2,13
44586,10,3,13
48376,7,6,13
37949,13,0,13
37798,6,7,13
37805,8,5,13
48111,9,4,13
47290,6,7,13
40859,7,6,13
47196,5,8,13
36324,4,9,13
35492,7,6,13
47758,5,8,13
61830,12,1,13
62361,11,2,13
35816,6,7,13
63903,12,1,13
27904,13,0,13
63905,12,1,13
43669,6,7,13
27906,12,1,13
37018,9,4,13
45162,5,8,13
46312,8,5,13
44091,7,6,13
35520,11,2,13
47746,7,6,13
42698,8,5,13
63201,12,1,13
39626,5,8,13
37956,12,1,13
48350,10,3,13
62642,10,3,13
61233,12,1,13
27724,13,0,13
62055,5,8,13
47564,3,10,13
59025,8,5,13
38062,8,5,13
34102,7,6,13
51643,11,2,13
38670,10,3,13
54400,8,5,13
48377,13,0,13
46679,8,5,13
46132,1,12,13
36353,8,5,13
41149,8,5,13
44605,7,6,13
37340,3,10,13
40060,11,2,13
39377,5,8,13
48582,7,6,13
56480,9,4,13
42278,8,5,13
40533,13,0,13
27614,13,0,13
52107,11,2,13
47059,7,6,13
38795,5,8,13
45091,9,4,13
35966,8,5,13
42330,12,1,13
26992,11,2,13
45172,7,6,13
42389,10,3,13
34425,7,6,13
48317,6,7,13
21299,1,12,13
47349,7,6,13
37320,6,7,13
42589,8,5,13
38463,9,4,13
61781,11,2,13
33582,3,10,13
35118,4,9,13
51929,9,4,13
35014,8,5,13
47929,7,6,13
46507,8,5,13
35395,9,4,13
54376,6,7,13
48075,9,4,13
56852,7,6,13
16031,1,12,13
43110,7,6,13
26909,11,2,13
63831,5,8,13
63302,5,8,13
55469,5,8,13
48157,8,5,13
41313,11,2,13
42127,10,3,13
46873,10,3,13
39577,9,4,13
45288,6,7,13
54815,7,6,13
26881,11,2,13
63326,5,8,13
39047,9,4,13
34028,8,5,13
63087,8,5,13
41505,6,7,13
38114,11,2,13
36133,11,2,13
62853,8,5,13
45391,10,3,13
48493,11,2,13
40481,9,4,13
40714,9,4,13
30000,1,12,13
30001,1,12,13
69,8,5,13
63297,5,8,13
62003,10,3,13
65044,12,1,13
38005,7,6,13
27486,11,2,13
43905,9,4,13
62956,5,8,13
58972,11,2,13
35080,8,5,13
47174,11,2,13
34687,13,0,13
59003,7,6,13
62729,13,0,13
40836,6,7,13
26675,11,2,13
62970,12,1,13
62971,12,1,13
39344,7,6,13
63044,13,0,13
40960,9,4,13
37426,6,7,13
43898,9,4,13
54326,8,5,13
48933,11,2,13
47406,4,9,13
34465,12,1,13
60968,7,6,13
41423,10,3,13
45652,8,5,13
35645,7,6,13
38364,3,10,13
39240,3,10,13
40818,8,5,13
44795,5,8,13
46529,8,5,13
44970,9,4,13
37621,9,4,13
44695,11,2,13
48851,6,7,13
34940,8,5,13
42575,12,1,13
43920,8,5,13
48571,8,5,13
41767,5,8,13
45657,8,5,13
40190,6,7,13
46604,7,6,13
44152,12,1,13
57752,5,8,13
57057,7,6,13
54230,8,5,13
41181,8,5,13
38699,10,3,13
57334,8,5,13
58190,7,6,13
39667,9,4,13
43341,3,10,13
58828,8,5,13
11772,1,12,13
44998,12,1,13
43686,9,4,13
45210,10,3,13
64312,12,1,13
48971,10,3,13
45130,7,6,13
58739,7,6,13
41517,7,6,13
37687,5,8,13
33543,11,2,13
44856,8,5,13
34905,10,3,13
61282,12,1,13
52797,8,5,13
48120,3,10,13
42591,10,3,13
61236,12,1,13
58842,5,8,13
46673,6,7,13
33245,7,6,13
40577,7,6,13
42104,12,1,13
37726,5,8,13
57235,5,8,13
35491,7,6,13
43217,9,4,13
33648,8,5,13
61493,12,1,13
43108,8,5,13
37614,6,7,13
48037,3,10,13
39221,11,2,13
35570,6,7,13
40757,9,4,13
45684,6,7,13
33759,8,5,13
56211,7,6,13
50963,8,5,13
26413,12,1,13
46582,7,6,13
26419,12,1,13
45859,10,3,13
26638,11,2,13
61832,5,8,13
64546,5,8,13
26724,12,1,13
64555,5,8,13
42347,10,3,13
61280,12,1,13
61437,12,1,13
61440,13,0,13
42395,9,4,13
61531,13,0,13
51475,9,4,13
63274,12,1,13
42946,10,3,13
34225,9,4,13
43025,10,3,13
43089,11,2,13
34999,5,8,13
33733,1,12,13
38139,6,7,13
40191,13,0,13
41038,7,6,13
43731,7,6,13
35211,13,0,13
40314,11,2,13
65065,5,8,13
42580,11,2,13
39600,5,8,13
35369,6,7,13
63003,12,1,13
47920,9,4,13
61098,13,0,13
61110,13,0,13
61985,5,8,13
33610,11,2,13
61441,13,0,13
61476,13,0,13
59220,10,3,13
61897,12,1,13
62110,13,0,13
62263,12,1,13
62990,12,1,13
63012,13,0,13
63038,12,1,13
63412,11,2,13
63400,13,0,13
63479,13,0,13
35187,5,8,13
27013,13,0,13
46305,11,2,13
43209,9,4,13
40498,8,5,13
41514,6,7,13
40519,10,3,13
44518,11,2,13
46483,12,1,13
32813,8,5,13
35083,5,8,13
38528,10,3,13
46081,9,4,13
65182,5,8,13
34938,9,4,13
35006,6,7,13
34926,10,3,13
26925,13,0,13
37665,9,4,13
51462,10,3,13
53449,9,4,13
40978,5,8,13
26841,11,2,13
26681,13,0,13
41114,11,2,13
26763,11,2,13
26551,13,0,13
39638,7,6,13
64451,12,1,13
64020,5,8,13
64026,5,8,13
64300,13,0,13
26377,10,2,12
26120,10,2,12
26116,12,0,12
26009,12,0,12
40016,4,8,12
40806,5,7,12
45395,9,3,12
33608,8,4,12
42859,9,3,12
45360,12,0,12
51483,8,4,12
45598,9,3,12
47938,8,4,12
44342,9,3,12
48150,4,8,12
47303,6,6,12
47240,3,9,12
39437,7,5,12
44901,11,1,12
44148,5,7,12
36649,8,4,12
59214,7,5,12
44886,7,5,12
45283,7,5,12
48844,7,5,12
49077,5,7,12
44945,9,3,12
41437,7,5,12
43081,10,2,12
54521,6,6,12
27233,11,1,12
36612,8,4,12
40983,9,3,12
42970,7,5,12
39356,7,5,12
54432,6,6,12
36585,5,7,12
45291,8,4,12
40453,11,1,12
43578,6,6,12
41097,12,0,12
45609,8,4,12
40120,8,4,12
45282,5,7,12
36555,10,2,12
43034,8,4,12
36267,6,6,12
43158,7,5,12
45095,5,7,12
37428,8,4,12
38934,6,6,12
47187,1,11,12
39516,10,2,12
48007,7,5,12
47769,6,6,12
42731,5,7,12
36218,10,2,12
41066,7,5,12
36486,6,6,12
41697,6,6,12
38258,1,11,12
44461,7,5,12
46830,7,5,12
43248,9,3,12
38099,11,1,12
36239,6,6,12
56985,9,3,12
43841,9,3,12
44217,7,5,12
45289,6,6,12
39977,7,5,12
38883,1,11,12
48732,7,5,12
44818,9,3,12
38848,7,5,12
40396,7,5,12
44116,5,7,12
26501,11,1,12
37592,5,7,12
45035,1,11,12
48122,1,11,12
27844,11,1,12
44946,8,4,12
46125,3,9,12
25706,10,2,12
36870,7,5,12
38462,4,8,12
27835,11,1,12
45264,9,3,12
26991,11,1,12
42834,5,7,12
36844,6,6,12
48107,5,7,12
36885,6,6,12
33529,8,4,12
41695,7,5,12
26968,11,1,12
38864,6,6,12
39504,5,7,12
36802,8,4,12
48926,5,7,12
48267,5,7,12
37604,1,11,12
43732,3,9,12
39063,4,8,12
62768,8,4,12
43033,10,2,12
39318,7,5,12
38224,4,8,12
36751,6,6,12
40102,7,5,12
41306,7,5,12
36729,9,3,12
43352,6,6,12
45831,6,6,12
44034,5,7,12
53452,8,4,12
30802,1,11,12
47066,10,2,12
47582,1,11,12
43600,6,6,12
47566,11,1,12
42038,9,3,12
48322,11,1,12
44885,11,1,12
64053,5,7,12
32977,7,5,12
42944,9,3,12
37682,8,4,12
40561,7,5,12
44849,5,7,12
36660,9,3,12
37832,3,9,12
37168,10,2,12
27984,12,0,12
44017,8,4,12
45389,5,7,12
38023,10,2,12
27976,12,0,12
38397,6,6,12
39497,5,7,12
55069,7,5,12
37157,7,5,12
38406,4,8,12
41722,8,4,12
42072,5,7,12
27956,12,0,12
35950,8,4,12
27553,12,0,12
38067,5,7,12
48941,8,4,12
41845,6,6,12
41836,6,6,12
33860,7,5,12
27530,12,0,12
61366,9,3,12
43530,6,6,12
43609,4,8,12
43679,3,9,12
27060,11,1,12
56098,5,7,12
35230,7,5,12
37092,11,1,12
42697,7,5,12
44877,7,5,12
43153,7,5,12
27509,11,1,12
62416,8,4,12
41775,7,5,12
26989,11,1,12
48354,6,6,12
55749,12,0,12
62815,5,7,12
47966,7,5,12
26620,11,1,12
35971,6,6,12
27851,11,1,12
53181,6,6,12
36250,8,4,12
44089,6,6,12
27493,11,1,12
37791,5,7,12
63262,5,7,12
43922,9,3,12
42820,8,4,12
39946,3,9,12
62599,5,7,12
40507,6,6,12
54344,7,5,12
57309,6,6,12
36411,9,3,12
43784,8,4,12
37578,3,9,12
48239,9,3,12
37814,6,6,12
40006,7,5,12
43258,4,8,12
54608,6,6,12
43598,11,1,12
43582,7,5,12
49075,6,6,12
61117,7,5,12
62311,11,1,12
51374,10,2,12
33694,6,6,12
43498,6,6,12
64234,11,1,12
64230,11,1,12
64171,8,4,12
64155,8,4,12
64911,11,1,12
64106,11,1,12
49104,8,4,12
33264,1,11,12
60833,7,5,12
36592,6,6,12
32981,6,6,12
63694,7,5,12
63622,12,0,12
63418,10,2,12
63448,12,0,12
63446,12,0,12
62722,11,1,12
62552,7,5,12
46533,6,6,12
63212,7,5,12
64009,12,0,12
62797,11,1,12
62741,12,0,12
62739,12,0,12
62737,12,0,12
62625,12,0,12
48911,10,2,12
37058,9,3,12
58860,9,3,12
62432,8,4,12
63131,9,3,12
62274,10,2,12
43863,5,7,12
61725,7,5,12
61580,11,1,12
61541,11,1,12
61520,12,0,12
61499,7,5,12
47374,5,7,12
61345,12,0,12
30610,1,11,12
61224,12,0,12
61214,10,2,12
65394,8,4,12
35995,4,8,12
27820,12,0,12
64141,7,5,12
63108,5,7,12
42190,8,4,12
45472,3,9,12
64054,5,7,12
42920,10,2,12
42895,8,4,12
27921,11,1,12
37447,4,8,12
32878,9,3,12
48418,8,4,12
33313,4,8,12
63623,12,0,12
32896,5,7,12
44645,5,7,12
47778,9,3,12
27847,12,0,12
27750,11,1,12
27738,12,0,12
27744,12,0,12
27734,11,1,12
27735,11,1,12
27709,11,1,12
27723,11,1,12
27710,12,0,12
27698,11,1,12
44172,4,8,12
27179,11,1,12
38674,7,5,12
46966,6,6,12
38134,1,11,12
32881,6,6,12
54603,6,6,12
26711,11,1,12
48068,8,4,12
62604,5,7,12
51892,6,6,12
45613,7,5,12
51996,6,6,12
64731,12,0,12
38521,3,9,12
45857,5,7,12
61028,7,5,12
33732,8,4,12
36028,8,4,12
36489,4,8,12
36382,4,8,12
27942,12,0,12
27759,11,1,12
47342,10,2,12
62414,5,7,12
27817,11,1,12
27743,11,1,12
36310,11,1,12
43801,5,7,12
61997,5,7,12
45268,8,4,12
27988,12,0,12
46933,7,5,12
38096,6,6,12
40080,7,5,12
38140,3,9,12
37622,6,6,12
35166,4,8,12
40098,6,6,12
34876,9,3,12
27806,11,1,12
48807,5,7,12
36940,5,7,12
64094,12,0,12
65370,11,1,12
46135,3,9,12
28004,12,0,12
61359,5,7,12
65390,8,4,12
46273,5,7,12
27666,11,1,12
47382,3,9,12
62250,5,7,12
33628,3,9,12
27664,11,1,12
37281,6,6,12
48820,10,2,12
16743,1,11,12
62139,5,7,12
33066,7,5,12
65334,11,1,12
27891,11,1,12
54539,6,6,12
43236,6,6,12
33006,9,3,12
64578,11,1,12
45027,6,6,12
36477,9,3,12
27659,11,1,12
48165,9,3,12
48313,7,5,12
42719,8,4,12
42623,11,1,12
35127,4,8,12
43212,8,4,12
65530,5,7,12
38409,3,9,12
34673,4,8,12
51576,10,2,12
35465,6,6,12
43409,5,7,12
47182,3,9,12
38244,3,9,12
43369,3,9,12
62508,11,1,12
39414,1,11,12
34724,8,4,12
35794,4,8,12
26612,11,1,12
46619,5,7,12
38276,3,9,12
65102,12,0,12
64323,11,1,12
26276,11,1,12
34008,10,2,12
30331,1,11,12
31470,1,11,12
42629,5,7,12
27421,11,1,12
64245,8,4,12
42361,5,7,12
27914,12,0,12
64877,5,7,12
27832,11,1,12
65491,12,0,12
34605,6,6,12
27755,12,0,12
27876,11,1,12
63225,11,1,12
64817,12,0,12
64288,12,0,12
20939,1,11,12
27567,10,2,12
62776,11,1,12
64992,12,0,12
33490,3,9,12
48859,10,2,12
35130,7,5,12
35437,10,2,12
42295,7,5,12
63852,10,2,12
64408,10,2,12
38256,4,8,12
27518,11,1,12
42883,9,3,12
64988,12,0,12
61201,11,1,12
64136,11,1,12
45329,6,6,12
64322,11,1,12
40695,7,5,12
35481,6,6,12
63901,12,0,12
63798,12,0,12
33869,5,7,12
26085,10,2,12
39932,8,4,12
34386,10,2,12
64292,11,1,12
25961,10,2,12
64435,11,1,12
26288,11,1,12
33142,5,7,12
33137,3,9,12
34454,5,7,12
34453,5,7,12
35247,4,8,12
44551,7,5,12
64505,11,1,12
63768,11,1,12
63092,10,2,12
65313,11,1,12
33225,3,9,12
34158,12,0,12
35248,8,4,12
45463,8,4,12
35890,5,7,12
61507,12,0,12
36775,10,2,12
48569,9,3,12
64993,12,0,12
2412,2,10,12
64623,12,0,12
33896,5,7,12
37162,8,4,12
34153,5,7,12
65359,5,7,12
64405,11,1,12
34837,12,0,12
65450,12,0,12
34706,7,5,12
34886,6,6,12
28009,12,0,12
64854,5,7,12
27784,11,1,12
34210,6,6,12
64306,11,1,12
65316,11,1,12
42014,5,7,12
41818,3,9,12
39000,7,5,12
34914,7,5,12
35646,6,6,12
63743,11,1,12
42518,5,7,12
35367,10,2,12
64996,11,1,12
64915,11,1,12
39702,3,9,12
47219,3,9,12
65479,11,1,12
64984,12,0,12
36174,6,6,12
26178,10,2,12
64319,11,1,12
64654,11,1,12
44440,7,5,12
65422,5,7,12
65319,11,1,12
34592,5,7,12
34931,5,7,12
52426,11,1,12
34608,7,5,12
35763,8,4,12
63886,11,1,12
65294,5,7,12
42048,8,4,12
37357,4,8,12
35450,7,5,12
34721,6,6,12
37245,4,8,12
36288,7,5,12
26677,11,1,12
36086,8,4,12
54541,8,4,12
26482,11,1,12
48682,3,9,12
46345,1,11,12
64571,11,1,12
36051,9,3,12
32883,1,11,12
27953,11,1,12
27954,11,1,12
40292,9,3,12
27975,11,1,12
40871,7,5,12
65145,12,0,12
42301,6,6,12
40464,7,5,12
63530,5,7,12
39374,5,7,12
65410,5,7,12
27498,12,0,12
34628,5,7,12
35136,7,5,12
65140,12,0,12
64410,12,0,12
47818,6,6,12
34762,5,7,12
63380,12,0,12
47039,7,5,12
41769,6,6,12
35547,5,7,12
27895,12,0,12
33814,7,5,12
47381,5,7,12
47420,9,3,12
43501,3,9,12
27848,11,1,12
65495,11,1,12
27885,12,0,12
65380,11,1,12
34653,8,4,12
65503,12,0,12
38786,6,6,12
62777,11,1,12
63893,12,0,12
34134,7,5,12
47834,5,7,12
36629,4,8,12
32812,6,6,12
44142,6,6,12
36059,7,5,12
35415,9,3,12
34894,5,7,12
63938,11,1,12
27882,12,0,12
35674,7,5,12
34818,7,5,12
35519,9,3,12
27935,11,1,12
43969,9,3,12
63392,12,0,12
48044,7,5,12
27791,12,0,12
37586,3,9,12
27520,11,1,12
27522,12,0,12
39551,10,2,12
42744,1,11,12
27193,11,1,12
27910,12,0,12
28050,12,0,12
63596,11,1,12
63760,11,1,12
63763,11,1,12
35058,11,1,12
64873,5,7,12
27117,11,1,12
61199,12,0,12
62036,11,1,12
62039,11,1,12
62881,12,0,12
48232,6,6,12
25937,10,2,12
27084,11,1,12
27401,11,1,12
47165,6,6,12
62509,12,0,12
63205,11,1,12
65022,5,7,12
64954,11,1,12
26962,11,1,12
27105,11,1,12
27733,11,1,12
27739,11,1,12
61994,11,1,12
63195,11,1,12
63198,11,1,12
63203,11,1,12
51955,12,0,12
26504,11,1,12
63660,12,0,12
63972,11,1,12
27145,11,1,12
28000,11,1,12
62011,11,1,12
62884,11,1,12
62891,11,1,12
44656,8,4,12
62325,11,1,12
63026,11,1,12
34292,7,5,12
46379,1,11,12
47395,1,11,12
36110,7,5,12
52503,6,6,12
45374,1,11,12
44682,5,7,12
34953,7,5,12
46358,6,6,12
27706,11,1,12
33127,11,1,12
46791,6,6,12
33874,6,6,12
35757,8,4,12
36078,6,6,12
65293,5,7,12
34974,9,3,12
53570,9,3,12
35267,4,8,12
27773,11,1,12
43472,7,5,12
38916,4,8,12
36962,9,3,12
37000,8,4,12
39585,8,4,12
26431,11,1,12
47135,12,0,12
56983,9,3,12
37763,5,7,12
41872,9,3,12
27889,11,1,12
44707,8,4,12
41069,7,5,12
47723,11,1,12
46365,4,8,12
40816,7,5,12
35802,7,5,12
39439,7,5,12
31130,1,11,12
35422,9,3,12
36988,4,8,12
40423,7,5,12
63948,11,1,12
61844,10,2,12
39045,3,9,12
38084,1,11,12
39596,8,4,12
44697,7,5,12
61865,11,1,12
47577,6,6,12
28016,11,1,12
48424,8,4,12
35579,7,5,12
27065,11,1,12
38018,11,1,12
27768,11,1,12
61581,11,1,12
51221,8,4,12
26088,10,2,12
61071,7,5,12
28011,11,1,12
47943,11,1,12
27680,11,1,12
56943,7,5,12
27558,11,1,12
27195,11,1,12
42181,6,6,12
62485,5,7,12
39413,5,7,12
42410,9,3,12
39505,5,7,12
44789,8,4,12
44853,8,4,12
36345,6,6,12
42198,8,4,12
27579,12,0,12
39274,10,2,12
39558,11,1,12
33558,1,11,12
27437,11,1,12
42660,5,7,12
36361,7,5,12
27586,11,1,12
47121,4,8,12
27587,12,0,12
27588,12,0,12
27589,11,1,12
40409,8,4,12
34609,10,2,12
43036,8,4,12
37493,7,5,12
37593,11,1,12
45546,7,5,12
39928,5,7,12
35782,10,2,12
27610,11,1,12
39620,5,7,12
37999,5,7,12
43344,9,3,12
38782,1,11,12
27618,11,1,12
43875,3,9,12
33248,3,9,12
38646,6,6,12
34976,6,6,12
42155,8,4,12
42521,9,3,12
27384,12,0,12
38292,5,7,12
27387,11,1,12
27391,12,0,12
27393,11,1,12
44355,6,6,12
38911,8,4,12
54658,8,4,12
40176,5,7,12
26759,11,1,12
26609,11,1,12
26646,11,1,12
41939,5,7,12
27402,12,0,12
45782,10,2,12
34503,5,7,12
27274,11,1,12
26610,11,1,12
48789,8,4,12
59215,8,4,12
35446,8,4,12
42749,9,3,12
40596,6,6,12
27296,11,1,12
35954,8,4,12
27429,11,1,12
33483,12,0,12
48017,5,7,12
35625,4,8,12
44088,7,5,12
34660,11,1,12
36081,8,4,12
48061,10,2,12
43729,5,7,12
48070,6,6,12
35420,7,5,12
26912,11,1,12
46526,8,4,12
62425,7,5,12
38689,5,7,12
42622,9,3,12
63519,5,7,12
48272,9,3,12
63541,5,7,12
51553,6,6,12
27446,12,0,12
45295,12,0,12
33501,7,5,12
63071,5,7,12
63081,8,4,12
63088,8,4,12
35263,7,5,12
35847,9,3,12
48413,8,4,12
43978,7,5,12
46463,9,3,12
48463,11,1,12
54507,7,5,12
40476,8,4,12
52081,10,2,12
38266,6,6,12
40719,11,1,12
39279,9,3,12
27136,11,1,12
38835,3,9,12
39141,8,4,12
43458,4,8,12
34508,9,3,12
41189,6,6,12
27129,11,1,12
27224,11,1,12
27169,11,1,12
47154,7,5,12
27288,11,1,12
26708,11,1,12
63344,6,6,12
63350,8,4,12
62082,12,0,12
62551,12,0,12
34849,9,3,12
62610,11,1,12
62622,10,2,12
62620,11,1,12
64751,5,7,12
62982,12,0,12
26809,11,1,12
27460,11,1,12
44560,5,7,12
40376,6,6,12
45129,8,4,12
46209,9,3,12
27464,12,0,12
45147,11,1,12
34459,7,5,12
26866,11,1,12
27475,12,0,12
45222,11,1,12
42933,6,6,12
58595,5,7,12
27485,12,0,12
44080,7,5,12
27256,12,0,12
41673,6,6,12
27260,11,1,12
44058,7,5,12
27262,11,1,12
54852,7,5,12
34981,10,2,12
37676,3,9,12
46940,10,2,12
42618,8,4,12
35175,8,4,12
33496,10,2,12
38095,4,8,12
35776,9,3,12
34486,5,7,12
27282,12,0,12
50993,10,2,12
27287,12,0,12
47466,5,7,12
52848,8,4,12
35797,4,8,12
42166,5,7,12
27298,11,1,12
27301,12,0,12
39443,5,7,12
46780,7,5,12
42587,11,1,12
39526,7,5,12
41117,8,4,12
38144,1,11,12
45093,11,1,12
26534,11,1,12
27325,11,1,12
39268,11,1,12
38044,1,11,12
22487,1,11,12
48626,9,3,12
27334,11,1,12
57267,9,3,12
39580,4,8,12
61772,11,1,12
42061,7,5,12
49025,7,5,12
43820,5,7,12
39812,8,4,12
55976,11,1,12
51963,10,2,12
27134,11,1,12
52139,6,6,12
27340,11,1,12
26667,11,1,12
26947,11,1,12
27343,11,1,12
43610,6,6,12
27350,12,0,12
35439,11,1,12
48469,1,11,12
27243,11,1,12
26494,11,1,12
25328,1,11,12
46476,8,4,12
40206,1,11,12
29115,1,11,12
35486,4,8,12
35511,10,2,12
27188,11,1,12
27155,12,0,12
37882,10,2,12
41720,8,4,12
45430,4,8,12
39410,1,11,12
41965,9,3,12
27055,11,1,12
33952,5,7,12
47331,11,1,12
27185,11,1,12
43664,10,2,12
45571,9,3,12
34057,4,8,12
35021,5,7,12
39168,11,1,12
33179,8,4,12
27197,12,0,12
8588,1,11,12
26611,11,1,12
27201,11,1,12
26399,11,1,12
24640,1,11,12
6890,1,11,12
42307,8,4,12
45917,8,4,12
42297,12,0,12
26214,10,2,12
42317,8,4,12
25908,10,2,12
26163,10,2,12
26606,11,1,12
26210,10,2,12
25698,10,2,12
61436,12,0,12
25912,10,2,12
42564,8,4,12
61362,7,5,12
42923,5,7,12
34229,8,4,12
46492,11,1,12
64353,12,0,12
64358,12,0,12
46550,7,5,12
46576,6,6,12
33599,12,0,12
64918,12,0,12
37430,4,8,12
63304,8,4,12
43261,4,8,12
34686,11,1,12
25027,1,11,12
20879,1,11,12
29546,1,11,12
18731,1,11,12
27059,11,1,12
26731,11,1,12
43719,5,7,12
64755,5,7,12
26931,11,1,12
35654,6,6,12
35215,7,5,12
43982,11,1,12
26982,11,1,12
28247,1,11,12
26741,11,1,12
26661,11,1,12
45153,5,7,12
46388,11,1,12
27228,12,0,12
35404,8,4,12
44075,7,5,12
44397,10,2,12
44274,9,3,12
39538,7,5,12
39633,8,4,12
26736,11,1,12
44531,10,2,12
27236,12,0,12
34613,6,6,12
61374,8,4,12
42346,5,7,12
61235,12,0,12
61360,11,1,12
45293,8,4,12
61768,12,0,12
61767,12,0,12
62958,5,7,12
62111,11,1,12
62117,12,0,12
62928,8,4,12
62913,12,0,12
63011,12,0,12
63008,12,0,12
63045,11,1,12
63136,12,0,12
63191,12,0,12
63398,11,1,12
63469,12,0,12
63501,12,0,12
42333,7,5,12
37495,8,4,12
27011,12,0,12
27025,11,1,12
45462,9,3,12
41568,5,7,12
43156,8,4,12
26485,11,1,12
45013,10,2,12
26872,11,1,12
45478,9,3,12
27077,12,0,12
62052,5,7,12
39346,8,4,12
35352,4,8,12
27085,12,0,12
39714,7,5,12
41709,9,3,12
45116,8,4,12
26672,11,1,12
40554,5,7,12
37877,8,4,12
27100,12,0,12
27119,12,0,12
27123,12,0,12
26885,11,1,12
26888,12,0,12
26902,12,0,12
26911,12,0,12
26824,11,1,12
40052,7,5,12
26944,11,1,12
39818,8,4,12
26965,12,0,12
26967,12,0,12
26975,12,0,12
26976,12,0,12
33908,5,7,12
27003,12,0,12
54606,6,6,12
26777,12,0,12
26780,11,1,12
33445,1,11,12
60914,7,5,12
43860,12,0,12
41298,7,5,12
26852,12,0,12
26856,11,1,12
54458,6,6,12
26871,12,0,12
26876,11,1,12
26877,11,1,12
38365,7,5,12
46339,11,1,12
26705,11,1,12
26673,11,1,12
26676,12,0,12
34418,6,6,12
39331,8,4,12
40189,6,6,12
60935,12,0,12
39808,5,7,12
26739,12,0,12
26602,11,1,12
56923,8,4,12
26550,11,1,12
26571,12,0,12
26577,12,0,12
26579,12,0,12
26581,11,1,12
26588,12,0,12
26591,11,1,12
26593,11,1,12
43356,6,6,12
26615,12,0,12
26645,12,0,12
47676,6,6,12
26410,11,1,12
41089,8,4,12
26430,12,0,12
26438,12,0,12
34073,9,3,12
43580,6,6,12
26484,12,0,12
26498,12,0,12
26523,12,0,12
64835,5,7,12
64986,12,0,12
26371,11,0,11
26344,11,0,11
26273,11,0,11
26260,11,0,11
26252,11,0,11
26235,11,0,11
26227,11,0,11
26202,11,0,11
26174,10,1,11
26170,11,0,11
26169,11,0,11
26096,11,0,11
26069,11,0,11
26044,11,0,11
26029,11,0,11
25956,11,0,11
25947,10,1,11
38523,4,7,11
41086,1,10,11
27561,11,0,11
27559,11,0,11
57318,7,4,11
38709,6,5,11
27555,11,0,11
38904,5,6,11
38512,1,10,11
41276,5,6,11
36269,4,7,11
48204,10,1,11
38833,6,5,11
38825,7,4,11
39792,8,3,11
27535,11,0,11
47231,3,8,11
45270,1,10,11
39477,9,2,11
38672,1,10,11
27516,11,0,11
36226,7,4,11
27515,11,0,11
49867,11,0,11
27506,11,0,11
42242,7,4,11
37713,8,3,11
42422,5,6,11
38347,6,5,11
43617,9,2,11
44048,3,8,11
39379,8,3,11
43284,5,6,11
54336,6,5,11
48299,5,6,11
42599,1,10,11
37638,3,8,11
48676,3,8,11
41926,5,6,11
40744,8,3,11
43786,5,6,11
36610,10,1,11
36605,9,2,11
36599,7,4,11
40217,6,5,11
46536,8,3,11
48803,5,6,11
40030,3,8,11
46265,3,8,11
27702,11,0,11
46340,5,6,11
33631,3,8,11
41391,8,3,11
39933,9,2,11
39243,9,2,11
47529,1,10,11
45985,8,3,11
39641,5,6,11
27682,11,0,11
46734,9,2,11
47710,5,6,11
27511,11,0,11
48887,10,1,11
49109,9,2,11
27675,11,0,11
41318,5,6,11
39601,6,5,11
25730,10,1,11
27667,11,0,11
36507,9,2,11
47740,3,8,11
41238,5,6,11
27657,11,0,11
40024,5,6,11
27688,11,0,11
46434,5,6,11
36468,8,3,11
43577,1,10,11
44580,8,3,11
37345,3,8,11
27641,11,0,11
43666,8,3,11
27640,11,0,11
27639,11,0,11
30646,1,10,11
27637,11,0,11
27645,11,0,11
27633,11,0,11
42791,8,3,11
48416,9,2,11
44388,9,2,11
27865,11,0,11
37744,1,10,11
27863,11,0,11
44764,5,6,11
46554,5,6,11
27859,11,0,11
36902,6,5,11
47592,3,8,11
27858,11,0,11
44598,5,6,11
27856,11,0,11
27855,11,0,11
60566,5,6,11
36882,11,0,11
40939,6,5,11
45864,3,8,11
37409,5,6,11
27521,11,0,11
27841,11,0,11
44248,8,3,11
40151,6,5,11
44661,5,6,11
37418,7,4,11
46304,1,10,11
27837,11,0,11
27557,11,0,11
39366,5,6,11
37511,7,4,11
27838,11,0,11
36845,8,3,11
27635,11,0,11
27830,11,0,11
44120,9,2,11
36841,6,5,11
39878,9,2,11
55885,7,4,11
36837,9,2,11
27825,11,0,11
27823,11,0,11
53458,6,5,11
54466,9,2,11
36492,9,2,11
53994,8,3,11
36819,7,4,11
57706,7,4,11
27815,11,0,11
38626,9,2,11
39648,5,6,11
40450,7,4,11
44359,7,4,11
44115,3,8,11
51886,6,5,11
36834,9,2,11
43662,4,7,11
27805,11,0,11
27803,11,0,11
41126,3,8,11
27694,11,0,11
37885,9,2,11
27800,11,0,11
27799,11,0,11
27798,11,0,11
40517,5,6,11
27795,11,0,11
27794,11,0,11
40146,4,7,11
27793,11,0,11
27691,10,1,11
27790,11,0,11
52895,8,3,11
37433,1,10,11
41597,8,3,11
27796,11,0,11
27780,11,0,11
27778,11,0,11
27776,11,0,11
27774,11,0,11
40159,7,4,11
41139,7,4,11
54399,9,2,11
41585,7,4,11
42261,7,4,11
27540,11,0,11
37772,1,10,11
27673,11,0,11
40209,10,1,11
48728,8,3,11
40267,4,7,11
36524,9,2,11
26190,10,1,11
26077,10,1,11
40256,6,5,11
27833,11,0,11
48932,3,8,11
37163,4,7,11
27977,11,0,11
38202,3,8,11
27972,11,0,11
27971,11,0,11
26319,10,1,11
35994,5,6,11
27969,11,0,11
37677,5,6,11
43325,1,10,11
35977,5,6,11
47897,5,6,11
36278,9,2,11
44095,9,2,11
42474,7,4,11
44556,5,6,11
48849,7,4,11
52462,10,1,11
40244,7,4,11
33743,1,10,11
27532,11,0,11
27531,11,0,11
27525,11,0,11
27524,11,0,11
27523,11,0,11
44498,7,4,11
27661,11,0,11
61398,5,6,11
27564,11,0,11
27565,11,0,11
27562,11,0,11
27551,11,0,11
27549,11,0,11
38122,4,7,11
47805,5,6,11
36451,7,4,11
36830,4,7,11
40230,5,6,11
43876,5,6,11
49062,5,6,11
27934,11,0,11
46761,4,7,11
27650,11,0,11
27786,11,0,11
27785,11,0,11
27933,11,0,11
63504,9,2,11
27866,11,0,11
27931,11,0,11
44230,4,7,11
46429,6,5,11
58145,6,5,11
37521,3,8,11
61421,10,1,11
27499,11,0,11
27497,11,0,11
27496,11,0,11
46831,6,5,11
53264,11,0,11
62497,5,6,11
64347,5,6,11
27826,11,0,11
43976,8,3,11
25892,10,1,11
45313,6,5,11
40212,6,5,11
62592,5,6,11
27779,11,0,11
27556,11,0,11
41008,7,4,11
27560,11,0,11
27508,11,0,11
61192,5,6,11
61585,5,6,11
45741,8,3,11
65510,10,1,11
38937,4,7,11
47567,6,5,11
43641,7,4,11
27538,11,0,11
51497,10,1,11
38657,3,8,11
49116,9,2,11
50174,8,3,11
63590,5,6,11
62354,5,6,11
49776,7,4,11
61113,5,6,11
61112,5,6,11
27548,11,0,11
42113,1,10,11
27631,11,0,11
42134,5,6,11
64437,9,2,11
43487,4,7,11
44069,7,4,11
64231,11,0,11
64199,11,0,11
64181,7,4,11
64168,11,0,11
64005,11,0,11
33229,5,6,11
32844,1,10,11
27930,11,0,11
27928,11,0,11
32769,1,10,11
35217,4,7,11
63242,9,2,11
60720,6,5,11
61916,10,1,11
25869,10,1,11
65292,5,6,11
25926,10,1,11
51200,11,0,11
62964,9,2,11
63676,5,6,11
27960,11,0,11
27959,11,0,11
27958,11,0,11
62633,11,0,11
62630,11,0,11
62628,11,0,11
62340,11,0,11
62339,11,0,11
62337,11,0,11
62326,11,0,11
27792,11,0,11
43633,6,5,11
45750,8,3,11
27503,11,0,11
27502,11,0,11
27501,11,0,11
62579,5,6,11
27756,11,0,11
43171,4,7,11
61923,10,1,11
32842,3,8,11
26082,10,1,11
61729,10,1,11
61731,10,1,11
61730,10,1,11
36548,7,4,11
61578,11,0,11
61417,8,3,11
30623,1,10,11
30611,1,10,11
38535,1,10,11
61221,10,1,11
54661,8,3,11
38075,4,7,11
40346,4,7,11
63838,5,6,11
64143,7,4,11
61175,5,6,11
50906,10,1,11
64440,5,6,11
37051,8,3,11
46544,5,6,11
63544,5,6,11
48549,11,0,11
27923,11,0,11
27537,11,0,11
64123,5,6,11
33231,7,4,11
45762,9,2,11
27788,11,0,11
27968,11,0,11
27938,11,0,11
27937,11,0,11
44337,10,1,11
27853,11,0,11
27852,11,0,11
27850,11,0,11
27849,11,0,11
27816,11,0,11
27814,11,0,11
27810,11,0,11
27767,11,0,11
27761,11,0,11
27751,11,0,11
27754,11,0,11
27749,11,0,11
27746,11,0,11
27742,11,0,11
27740,11,0,11
27736,11,0,11
27728,11,0,11
27716,11,0,11
27707,11,0,11
27704,11,0,11
27705,11,0,11
27722,11,0,11
27720,11,0,11
27718,11,0,11
27717,11,0,11
27711,11,0,11
27701,11,0,11
27700,11,0,11
27696,11,0,11
27695,11,0,11
27970,11,0,11
27689,11,0,11
27687,11,0,11
27684,11,0,11
27685,11,0,11
27672,11,0,11
27668,11,0,11
27919,11,0,11
27552,11,0,11
27491,11,0,11
27845,11,0,11
27536,11,0,11
48904,4,7,11
27918,11,0,11
27864,11,0,11
27860,11,0,11
47221,7,4,11
61249,5,6,11
27917,11,0,11
35414,5,6,11
53573,7,4,11
27674,11,0,11
27916,11,0,11
37165,4,7,11
37033,7,4,11
56936,7,4,11
63091,10,1,11
40240,7,4,11
41197,5,6,11
38935,1,10,11
27719,11,0,11
26136,10,1,11
27721,11,0,11
61018,8,3,11
45840,5,6,11
61009,7,4,11
36688,4,7,11
34032,6,5,11
61083,7,4,11
27822,11,0,11
62890,11,0,11
30026,1,10,11
62943,11,0,11
27939,11,0,11
27943,11,0,11
27760,11,0,11
62516,5,6,11
37171,9,2,11
27818,11,0,11
28054,11,0,11
43560,4,7,11
27867,11,0,11
27941,11,0,11
62128,10,1,11
27528,11,0,11
27527,11,0,11
34958,6,5,11
33443,1,10,11
36586,4,7,11
27662,11,0,11
28043,11,0,11
28052,11,0,11
27671,11,0,11
27965,11,0,11
27697,11,0,11
27632,11,0,11
33976,6,5,11
48125,7,4,11
27955,10,1,11
27622,11,0,11
28003,11,0,11
36594,7,4,11
36987,6,5,11
65246,5,6,11
27729,11,0,11
51954,6,5,11
64055,5,6,11
31010,1,10,11
37292,7,4,11
38675,3,8,11
27804,11,0,11
27802,11,0,11
61593,5,6,11
37875,3,8,11
64561,5,6,11
33971,6,5,11
27861,11,0,11
27770,11,0,11
44679,4,7,11
48936,6,5,11
27623,11,0,11
27782,11,0,11
6882,1,10,11
35898,6,5,11
62866,11,0,11
28049,11,0,11
38210,3,8,11
27653,11,0,11
28034,11,0,11
27676,11,0,11
28057,11,0,11
28047,11,0,11
25798,10,1,11
63865,10,1,11
34622,5,6,11
64221,11,0,11
33766,7,4,11
27492,11,0,11
27873,11,0,11
46665,5,6,11
35423,6,5,11
27998,11,0,11
27997,11,0,11
62208,11,0,11
63263,5,6,11
46271,3,8,11
27627,11,0,11
28008,11,0,11
38656,5,6,11
28044,11,0,11
6923,1,10,11
27510,11,0,11
34968,4,7,11
40139,5,6,11
27929,11,0,11
37974,5,6,11
28007,11,0,11
38415,6,5,11
28051,11,0,11
27670,11,0,11
64519,5,6,11
27660,11,0,11
28040,11,0,11
38430,5,6,11
27658,11,0,11
47720,4,7,11
27996,11,0,11
65400,11,0,11
63966,11,0,11
64269,10,1,11
39997,3,8,11
28055,11,0,11
39452,6,5,11
61685,11,0,11
33167,3,8,11
64293,5,6,11
39110,4,7,11
36134,7,4,11
28020,11,0,11
36141,9,2,11
27898,11,0,11
28037,11,0,11
27656,11,0,11
27678,11,0,11
27677,11,0,11
28036,11,0,11
27539,11,0,11
27797,11,0,11
28035,11,0,11
27654,11,0,11
35413,4,7,11
65347,5,6,11
43611,3,8,11
26130,10,1,11
32963,5,6,11
35087,4,7,11
25943,10,1,11
28006,11,0,11
43179,4,7,11
27625,11,0,11
28002,11,0,11
35103,4,7,11
37204,8,3,11
27533,11,0,11
65317,11,0,11
65041,5,6,11
27824,11,0,11
25757,10,1,11
27495,11,0,11
33655,6,5,11
25735,10,1,11
63992,11,0,11
63827,10,1,11
27936,11,0,11
33249,3,8,11
27652,11,0,11
27909,11,0,11
27692,11,0,11
63756,11,0,11
65240,5,6,11
64621,11,0,11
35325,9,2,11
64428,5,6,11
44658,10,1,11
65302,5,6,11
35018,7,4,11
62865,11,0,11
27987,11,0,11
36939,7,4,11
33775,5,6,11
43491,3,8,11
37233,4,7,11
64620,11,0,11
27649,11,0,11
64794,11,0,11
34431,6,5,11
34443,6,5,11
61408,5,6,11
25932,10,1,11
63911,11,0,11
44421,6,5,11
34273,5,6,11
64472,11,0,11
37276,5,6,11
64774,5,6,11
42010,9,2,11
35389,7,4,11
64419,10,1,11
64661,7,4,11
34059,7,4,11
27638,11,0,11
65085,11,0,11
64626,11,0,11
65493,11,0,11
35227,4,7,11
51675,6,5,11
49026,7,4,11
27741,11,0,11
25935,10,1,11
37684,3,8,11
34700,8,3,11
35299,5,6,11
65157,11,0,11
41098,4,7,11
27642,11,0,11
28012,11,0,11
56752,6,5,11
34456,7,4,11
37964,6,5,11
33882,7,4,11
63822,10,1,11
27811,11,0,11
48362,8,3,11
33189,1,10,11
64975,11,0,11
27669,11,0,11
36165,7,4,11
27989,11,0,11
65235,11,0,11
27995,11,0,11
27821,11,0,11
36957,7,4,11
37175,10,1,11
54518,6,5,11
27986,11,0,11
27992,11,0,11
35955,6,5,11
27789,11,0,11
48561,5,6,11
34973,8,3,11
65136,10,1,11
34326,4,7,11
65211,5,6,11
64796,11,0,11
37234,4,7,11
27924,11,0,11
64824,11,0,11
35560,5,6,11
64540,11,0,11
64998,11,0,11
63296,5,6,11
28019,11,0,11
38738,7,4,11
28031,11,0,11
33676,6,5,11
65314,11,0,11
27854,11,0,11
27686,11,0,11
27879,11,0,11
26293,10,1,11
27869,11,0,11
37208,7,4,11
65172,5,6,11
64778,5,6,11
35220,6,5,11
64665,7,4,11
27763,11,0,11
64263,5,6,11
27490,11,0,11
27871,11,0,11
28010,11,0,11
27629,11,0,11
43637,2,9,11
27712,11,0,11
63921,11,0,11
27945,11,0,11
27512,11,0,11
27513,11,0,11
27894,11,0,11
27514,11,0,11
63774,5,6,11
65333,11,0,11
27807,11,0,11
27808,11,0,11
27809,11,0,11
34798,5,6,11
63502,11,0,11
28014,11,0,11
61748,11,0,11
27504,11,0,11
28015,11,0,11
64317,11,0,11
65289,5,6,11
34181,6,5,11
63887,11,0,11
33114,4,7,11
27966,11,0,11
27908,11,0,11
64281,11,0,11
64605,11,0,11
27839,11,0,11
28017,11,0,11
33143,3,8,11
26224,10,1,11
28018,11,0,11
28038,11,0,11
35306,7,4,11
27813,11,0,11
28021,11,0,11
64899,5,6,11
62129,11,0,11
36063,6,5,11
27985,11,0,11
27648,11,0,11
34063,7,4,11
27747,11,0,11
26261,10,1,11
35787,4,7,11
28028,11,0,11
27647,11,0,11
35463,9,2,11
37246,9,2,11
27708,11,0,11
47856,3,8,11
27940,11,0,11
26382,10,1,11
64783,11,0,11
40207,5,6,11
28032,11,0,11
27651,11,0,11
27764,11,0,11
64809,7,4,11
27646,11,0,11
36180,7,4,11
46157,1,10,11
32097,1,10,11
27901,11,0,11
27903,11,0,11
39217,4,7,11
26300,10,1,11
27519,11,0,11
27900,11,0,11
27526,11,0,11
27907,11,0,11
27529,11,0,11
27703,11,0,11
27893,11,0,11
28053,11,0,11
45891,5,6,11
61244,11,0,11
61917,11,0,11
61931,11,0,11
61935,11,0,11
62104,11,0,11
62275,11,0,11
62772,11,0,11
63595,11,0,11
63759,11,0,11
64500,11,0,11
65203,11,0,11
37657,5,6,11
27550,11,0,11
27812,11,0,11
27819,11,0,11
27991,11,0,11
27993,11,0,11
27999,11,0,11
28001,11,0,11
62300,5,6,11
62540,11,0,11
62542,11,0,11
62547,11,0,11
62880,11,0,11
63054,11,0,11
63057,11,0,11
23049,1,10,11
25888,10,1,11
27753,11,0,11
27758,11,0,11
27762,11,0,11
27915,11,0,11
27920,11,0,11
27926,11,0,11
43640,4,7,11
61099,11,0,11
62506,11,0,11
64260,11,0,11
64959,11,0,11
65345,5,6,11
7196,1,10,11
41860,1,10,11
27730,11,0,11
27737,11,0,11
27911,11,0,11
30082,1,10,11
62199,11,0,11
34756,4,7,11
36945,7,4,11
27962,11,0,11
27964,11,0,11
27967,11,0,11
25812,10,1,11
25951,10,1,11
26378,10,1,11
27868,11,0,11
27828,11,0,11
27994,11,0,11
62983,11,0,11
63139,11,0,11
63252,11,0,11
63383,10,1,11
38038,7,4,11
26211,10,1,11
27827,11,0,11
27990,11,0,11
62005,11,0,11
34555,8,3,11
63055,11,0,11
27777,11,0,11
62154,5,6,11
27775,11,0,11
27781,11,0,11
27783,11,0,11
27927,11,0,11
27932,11,0,11
27946,11,0,11
27957,11,0,11
27961,11,0,11
47323,9,2,11
36929,8,3,11
33587,9,2,11
27727,11,0,11
35799,6,5,11
27505,11,0,11
27886,11,0,11
27547,11,0,11
41176,1,10,11
38225,6,5,11
27874,11,0,11
27875,11,0,11
27494,11,0,11
27563,11,0,11
32892,5,6,11
33185,3,8,11
27878,11,0,11
27846,11,0,11
27880,11,0,11
27881,11,0,11
27500,11,0,11
62182,9,2,11
27899,11,0,11
27974,11,0,11
27870,11,0,11
45650,11,0,11
27690,11,0,11
36956,4,7,11
36669,8,3,11
27772,11,0,11
27883,11,0,11
27681,11,0,11
27884,11,0,11
25791,10,1,11
27888,11,0,11
25979,10,1,11
14111,1,10,11
35644,9,2,11
27890,11,0,11
41657,7,4,11
52504,8,3,11
46364,7,4,11
42877,3,8,11
27892,11,0,11
47070,6,5,11
27713,11,0,11
27714,11,0,11
27897,11,0,11
63771,5,6,11
48496,6,5,11
61843,11,0,11
27912,11,0,11
35822,4,7,11
27902,11,0,11
41679,3,8,11
27905,11,0,11
27913,11,0,11
25683,10,1,11
35639,7,4,11
30182,1,10,11
42006,6,5,11
34980,7,4,11
27801,11,0,11
39316,5,6,11
26394,10,1,11
27769,11,0,11
27771,11,0,11
27731,11,0,11
39298,8,3,11
28039,11,0,11
46400,9,2,11
25879,10,1,11
27862,11,0,11
28029,11,0,11
27726,11,0,11
27752,11,0,11
27554,11,0,11
27829,11,0,11
28045,11,0,11
27725,11,0,11
27896,11,0,11
28033,11,0,11
27925,11,0,11
59384,7,4,11
27766,11,0,11
28041,11,0,11
28042,11,0,11
16351,1,10,11
39617,8,3,11
32866,9,2,11
35853,10,1,11
60831,8,3,11
28030,11,0,11
40162,5,6,11
36319,5,6,11
27566,11,0,11
44429,1,10,11
40122,4,7,11
27568,11,0,11
35999,4,7,11
27569,11,0,11
45123,8,3,11
27570,11,0,11
27571,11,0,11
42695,5,6,11
27572,11,0,11
27573,11,0,11
27574,11,0,11
39721,8,3,11
27575,11,0,11
39746,8,3,11
34717,4,7,11
33986,6,5,11
44283,5,6,11
27576,11,0,11
27577,11,0,11
27578,11,0,11
25803,10,1,11
26072,10,1,11
27580,11,0,11
39559,11,0,11
27581,11,0,11
40937,5,6,11
35946,4,7,11
27582,11,0,11
27583,11,0,11
27584,11,0,11
27585,11,0,11
38791,10,1,11
26277,10,1,11
45583,7,4,11
48870,6,5,11
27590,11,0,11
46372,1,10,11
27591,11,0,11
37372,1,10,11
27592,11,0,11
36385,7,4,11
35693,5,6,11
43144,4,7,11
27593,11,0,11
27594,11,0,11
27595,11,0,11
36388,8,3,11
36391,5,6,11
27596,11,0,11
27597,11,0,11
27598,11,0,11
27605,11,0,11
27606,11,0,11
27607,11,0,11
27608,11,0,11
25960,10,1,11
27609,11,0,11
27611,11,0,11
36405,4,7,11
27612,11,0,11
27613,11,0,11
48860,7,4,11
51205,6,5,11
27615,11,0,11
27616,11,0,11
27617,11,0,11
27619,11,0,11
27620,11,0,11
27374,11,0,11
39718,9,2,11
27376,11,0,11
26891,10,1,11
27377,11,0,11
27378,11,0,11
27379,11,0,11
27380,11,0,11
48097,6,5,11
27382,11,0,11
27383,11,0,11
27386,11,0,11
57088,6,5,11
27388,11,0,11
40926,5,6,11
27389,11,0,11
27390,11,0,11
41014,8,3,11
27392,11,0,11
27394,11,0,11
27395,11,0,11
27396,11,0,11
27397,11,0,11
25958,10,1,11
27398,11,0,11
27400,11,0,11
43232,8,3,11
42737,5,6,11
26381,10,1,11
39052,7,4,11
46306,1,10,11
27403,11,0,11
27404,11,0,11
27405,11,0,11
27406,11,0,11
27407,11,0,11
27408,11,0,11
27409,11,0,11
27410,11,0,11
27411,11,0,11
27412,11,0,11
27413,11,0,11
27414,11,0,11
27415,11,0,11
27417,11,0,11
27418,11,0,11
33584,3,8,11
27419,11,0,11
27420,11,0,11
27422,11,0,11
27423,11,0,11
27424,11,0,11
26275,10,1,11
27425,11,0,11
27426,11,0,11
27427,11,0,11
27428,11,0,11
35896,5,6,11
27430,11,0,11
27431,11,0,11
27432,11,0,11
27433,11,0,11
41467,10,1,11
27434,11,0,11
27435,11,0,11
47858,3,8,11
27436,11,0,11
34552,4,7,11
40248,9,2,11
39728,4,7,11
27438,11,0,11
36082,9,2,11
39990,7,4,11
27439,11,0,11
27440,11,0,11
48074,6,5,11
27441,11,0,11
48427,7,4,11
52001,8,3,11
33711,5,6,11
48124,6,5,11
54691,6,5,11
27442,11,0,11
36126,8,3,11
46692,7,4,11
63363,5,6,11
27443,11,0,11
40712,1,10,11
44525,7,4,11
27445,11,0,11
41649,6,5,11
27447,11,0,11
27448,11,0,11
27449,11,0,11
47893,6,5,11
48848,6,5,11
27450,11,0,11
48671,9,2,11
35537,9,2,11
27451,11,0,11
61945,9,2,11
21,11,0,11
35521,6,5,11
41647,3,8,11
27452,11,0,11
40200,3,8,11
26640,10,1,11
35240,9,2,11
27453,11,0,11
46035,10,1,11
33984,9,2,11
33806,8,3,11
48834,5,6,11
62491,5,6,11
38127,4,7,11
35775,7,4,11
38287,7,4,11
41115,5,6,11
25805,10,1,11
35244,1,10,11
41667,5,6,11
35313,4,7,11
43396,4,7,11
62077,10,1,11
62227,11,0,11
62615,10,1,11
42287,6,5,11
62623,11,0,11
36118,8,3,11
25923,10,1,11
63517,5,6,11
27456,11,0,11
62148,5,6,11
26092,10,1,11
38616,5,6,11
27457,11,0,11
27458,11,0,11
27459,11,0,11
27461,11,0,11
27462,11,0,11
27463,11,0,11
27465,11,0,11
35719,8,3,11
27466,11,0,11
27467,11,0,11
27468,11,0,11
27469,11,0,11
35479,4,7,11
48509,4,7,11
27470,11,0,11
27471,11,0,11
34542,5,6,11
27472,11,0,11
27473,11,0,11
25881,10,1,11
27474,11,0,11
27476,11,0,11
40614,9,2,11
27478,11,0,11
27479,11,0,11
27480,11,0,11
27481,11,0,11
27482,11,0,11
27483,11,0,11
45948,6,5,11
27487,11,0,11
27488,11,0,11
27489,11,0,11
27251,11,0,11
34959,10,1,11
27252,11,0,11
27253,11,0,11
27254,11,0,11
27255,11,0,11
27257,11,0,11
27258,11,0,11
27259,11,0,11
27261,11,0,11
27263,11,0,11
27264,11,0,11
46954,6,5,11
27265,11,0,11
27267,11,0,11
33393,10,1,11
27268,11,0,11
27269,11,0,11
27270,11,0,11
27271,11,0,11
27272,11,0,11
41710,5,6,11
47215,4,7,11
27273,11,0,11
27275,11,0,11
27276,11,0,11
27277,11,0,11
44980,8,3,11
27278,11,0,11
27279,11,0,11
35772,9,2,11
27280,11,0,11
27281,11,0,11
27283,11,0,11
27284,11,0,11
27285,11,0,11
27286,11,0,11
37799,3,8,11
27289,11,0,11
27290,11,0,11
27291,11,0,11
27292,11,0,11
27293,11,0,11
27294,11,0,11
46503,1,10,11
27295,11,0,11
27297,11,0,11
27299,11,0,11
27300,11,0,11
27302,11,0,11
27303,11,0,11
56392,9,2,11
27304,11,0,11
27305,11,0,11
27306,11,0,11
27307,11,0,11
48489,8,3,11
27308,11,0,11
27309,11,0,11
27310,11,0,11
27311,11,0,11
27312,11,0,11
27313,11,0,11
27314,11,0,11
27315,11,0,11
27316,11,0,11
27317,11,0,11
26337,10,1,11
27318,11,0,11
27319,11,0,11
27320,11,0,11
27321,11,0,11
39669,10,1,11
27322,11,0,11
27323,11,0,11
33777,6,5,11
27324,11,0,11
27328,11,0,11
27329,11,0,11
27330,11,0,11
27331,11,0,11
27332,11,0,11
28649,1,10,11
28298,1,10,11
27333,11,0,11
48680,10,1,11
41076,8,3,11
46158,1,10,11
48806,6,5,11
62306,8,3,11
57647,5,6,11
27335,11,0,11
27336,11,0,11
38816,8,3,11
27337,11,0,11
27338,11,0,11
20948,1,10,11
32499,1,10,11
43888,5,6,11
27339,11,0,11
44817,9,2,11
27341,11,0,11
35624,5,6,11
27342,11,0,11
27344,11,0,11
27345,11,0,11
27346,11,0,11
27347,11,0,11
27348,11,0,11
27349,11,0,11
27351,11,0,11
38757,3,8,11
46789,7,4,11
52003,6,5,11
43333,7,4,11
27353,11,0,11
27354,11,0,11
27355,11,0,11
25755,10,1,11
27356,11,0,11
27357,11,0,11
27358,11,0,11
27359,11,0,11
27360,11,0,11
27363,11,0,11
27364,11,0,11
39557,9,2,11
39472,8,3,11
27365,11,0,11
27366,11,0,11
39285,7,4,11
27367,11,0,11
25967,10,1,11
27368,11,0,11
27369,11,0,11
27370,11,0,11
27371,11,0,11
27372,11,0,11
27373,11,0,11
43541,9,2,11
27130,11,0,11
27131,11,0,11
27132,11,0,11
27133,11,0,11
27135,11,0,11
27137,11,0,11
27138,11,0,11
27139,11,0,11
27140,11,0,11
42013,9,2,11
27141,11,0,11
27142,11,0,11
27143,11,0,11
27144,11,0,11
27146,11,0,11
27147,11,0,11
27148,11,0,11
27149,11,0,11
27150,11,0,11
27152,11,0,11
27153,11,0,11
27154,11,0,11
41773,6,5,11
27156,11,0,11
52158,6,5,11
27157,11,0,11
27158,11,0,11
27159,11,0,11
27160,11,0,11
45419,5,6,11
27161,11,0,11
37688,5,6,11
27163,11,0,11
39101,5,6,11
27164,11,0,11
27165,11,0,11
27166,11,0,11
27167,11,0,11
27168,11,0,11
27171,11,0,11
27172,11,0,11
27173,11,0,11
27174,11,0,11
27175,11,0,11
27176,11,0,11
27177,11,0,11
27178,11,0,11
35270,6,5,11
27180,11,0,11
27181,11,0,11
27182,11,0,11
27183,11,0,11
27184,11,0,11
27186,11,0,11
27187,11,0,11
45625,7,4,11
27189,11,0,11
54436,8,3,11
27190,11,0,11
27191,11,0,11
27192,11,0,11
41815,8,3,11
27194,11,0,11
39053,8,3,11
41113,5,6,11
27198,11,0,11
35602,10,1,11
27199,11,0,11
27200,11,0,11
11014,1,10,11
25910,10,1,11
42628,9,2,11
32327,1,10,11
10003,1,10,11
21282,1,10,11
27202,11,0,11
26162,10,1,11
17846,1,10,11
27203,11,0,11
25871,10,1,11
40748,8,3,11
25455,1,10,11
63503,10,1,11
40956,5,6,11
27204,11,0,11
27205,11,0,11
61428,10,1,11
12601,1,10,11
42823,8,3,11
42541,10,1,11
26249,10,1,11
61893,11,0,11
27206,11,0,11
27207,11,0,11
27208,11,0,11
27209,11,0,11
27210,11,0,11
43765,6,5,11
27211,11,0,11
46558,7,4,11
27212,11,0,11
27213,11,0,11
43050,9,2,11
27214,11,0,11
43004,8,3,11
27215,11,0,11
28210,1,10,11
21023,1,10,11
20073,1,10,11
16801,1,10,11
24057,1,10,11
22468,1,10,11
29990,1,10,11
20657,1,10,11
22830,1,10,11
31595,1,10,11
29253,1,10,11
27216,11,0,11
24251,1,10,11
20649,1,10,11
25451,1,10,11
21573,1,10,11
29905,1,10,11
24832,1,10,11
22410,1,10,11
29606,1,10,11
25558,1,10,11
20529,1,10,11
27217,11,0,11
27218,11,0,11
19352,1,10,11
18897,1,10,11
21234,1,10,11
25557,1,10,11
20897,1,10,11
32657,1,10,11
19879,1,10,11
29843,1,10,11
19720,1,10,11
18316,1,10,11
32507,1,10,11
24727,1,10,11
23133,1,10,11
16681,1,10,11
32434,1,10,11
17577,1,10,11
23053,1,10,11
23177,1,10,11
25255,1,10,11
22903,1,10,11
19609,1,10,11
18013,1,10,11
17084,1,10,11
24361,1,10,11
20040,1,10,11
45133,3,8,11
21920,1,10,11
27220,11,0,11
27221,11,0,11
25903,10,1,11
26042,10,1,11
35429,4,7,11
27222,11,0,11
65225,5,6,11
22193,1,10,11
23716,1,10,11
19620,1,10,11
27223,11,0,11
39026,10,1,11
28667,1,10,11
18261,1,10,11
17415,1,10,11
17981,1,10,11
28440,1,10,11
18250,1,10,11
25680,10,1,11
43733,7,4,11
24092,1,10,11
17135,1,10,11
18296,1,10,11
21642,1,10,11
23365,1,10,11
21976,1,10,11
41185,9,2,11
64330,5,6,11
25876,10,1,11
28117,1,10,11
31583,1,10,11
32212,1,10,11
23660,1,10,11
28936,1,10,11
21971,1,10,11
27225,11,0,11
29600,1,10,11
23463,1,10,11
24761,1,10,11
16479,1,10,11
18300,1,10,11
20315,1,10,11
43852,5,6,11
43854,5,6,11
27226,11,0,11
43881,10,1,11
33968,9,2,11
33864,9,2,11
41368,8,3,11
17460,1,10,11
17656,1,10,11
21705,1,10,11
19542,1,10,11
63192,10,1,11
27229,11,0,11
31608,1,10,11
19761,1,10,11
22328,1,10,11
27230,11,0,11
39120,5,6,11
16771,1,10,11
31951,1,10,11
44171,5,6,11
27231,11,0,11
27232,11,0,11
63485,10,1,11
44424,10,1,11
27234,11,0,11
27235,11,0,11
44520,9,2,11
27237,11,0,11
43320,3,8,11
40454,7,4,11
27238,11,0,11
61609,10,1,11
61771,11,0,11
61779,11,0,11
27239,11,0,11
62372,11,0,11
27240,11,0,11
27241,11,0,11
62919,11,0,11
63002,10,1,11
63019,10,1,11
63024,11,0,11
63150,11,0,11
63196,11,0,11
65002,5,6,11
27242,11,0,11
27244,11,0,11
27245,11,0,11
7619,1,10,11
27246,11,0,11
27247,11,0,11
39012,7,4,11
27248,11,0,11
27249,11,0,11
27250,11,0,11
27009,11,0,11
27010,11,0,11
35191,8,3,11
27012,11,0,11
27014,11,0,11
34911,8,3,11
27015,11,0,11
27016,11,0,11
27017,11,0,11
27018,11,0,11
34078,5,6,11
27019,11,0,11
27020,11,0,11
25895,10,1,11
27021,11,0,11
27022,11,0,11
52330,6,5,11
27023,11,0,11
27024,11,0,11
27026,11,0,11
27027,11,0,11
27028,11,0,11
27029,11,0,11
27030,11,0,11
27031,11,0,11
27032,11,0,11
27033,11,0,11
27035,11,0,11
27036,11,0,11
27037,11,0,11
27038,11,0,11
46500,7,4,11
27039,11,0,11
27040,11,0,11
27041,11,0,11
27042,11,0,11
27044,11,0,11
17829,1,10,11
33690,5,6,11
27045,11,0,11
27046,11,0,11
27047,11,0,11
27049,11,0,11
27050,11,0,11
27051,11,0,11
27052,11,0,11
27053,11,0,11
27054,11,0,11
27056,11,0,11
27057,11,0,11
27058,11,0,11
27061,11,0,11
27062,11,0,11
27063,11,0,11
27064,11,0,11
27066,11,0,11
27067,11,0,11
27068,11,0,11
25898,10,1,11
27069,11,0,11
27070,11,0,11
27071,11,0,11
27072,11,0,11
27073,11,0,11
27074,11,0,11
27075,11,0,11
27076,11,0,11
27078,11,0,11
27079,11,0,11
27080,11,0,11
54426,6,5,11
27081,11,0,11
25606,11,0,11
27082,11,0,11
27083,11,0,11
39261,7,4,11
42571,5,6,11
27087,11,0,11
27088,11,0,11
27089,11,0,11
27090,11,0,11
26114,10,1,11
56596,6,5,11
27091,11,0,11
34809,9,2,11
27092,11,0,11
27093,11,0,11
35105,9,2,11
27094,11,0,11
47435,9,2,11
27095,11,0,11
35383,7,4,11
27096,11,0,11
27097,11,0,11
27098,11,0,11
35396,7,4,11
34998,10,1,11
27101,11,0,11
27102,11,0,11
27103,11,0,11
54535,6,5,11
27104,11,0,11
35411,4,7,11
27106,11,0,11
27107,11,0,11
27108,11,0,11
27109,11,0,11
27110,11,0,11
27111,11,0,11
27112,11,0,11
27113,11,0,11
27114,11,0,11
27115,11,0,11
27116,11,0,11
27118,11,0,11
27120,11,0,11
27121,11,0,11
27122,11,0,11
27124,11,0,11
27125,11,0,11
27126,11,0,11
27127,11,0,11
27128,11,0,11
26884,11,0,11
26886,11,0,11
26887,11,0,11
26889,11,0,11
26892,11,0,11
26893,11,0,11
26894,11,0,11
26895,11,0,11
26896,11,0,11
26897,11,0,11
26898,11,0,11
26899,11,0,11
26900,11,0,11
26901,11,0,11
26903,11,0,11
26904,11,0,11
26905,11,0,11
34525,7,4,11
26906,11,0,11
26907,11,0,11
26908,11,0,11
26910,11,0,11
26913,11,0,11
26914,11,0,11
26915,11,0,11
26916,11,0,11
26917,11,0,11
25842,10,1,11
39095,8,3,11
26918,11,0,11
26919,11,0,11
26920,11,0,11
26921,11,0,11
26922,11,0,11
26923,11,0,11
26924,11,0,11
26262,10,1,11
26148,10,1,11
26926,11,0,11
26455,10,1,11
26928,11,0,11
26929,11,0,11
26930,11,0,11
26932,11,0,11
26933,11,0,11
26934,11,0,11
26935,11,0,11
26936,11,0,11
26937,11,0,11
26938,11,0,11
34842,8,3,11
40143,10,1,11
26939,11,0,11
26940,11,0,11
26941,11,0,11
26942,11,0,11
26943,11,0,11
41324,5,6,11
59404,11,0,11
26945,11,0,11
26946,11,0,11
26948,11,0,11
40963,4,7,11
26949,11,0,11
26950,11,0,11
41485,9,2,11
26951,11,0,11
26952,11,0,11
26953,11,0,11
26954,11,0,11
39071,5,6,11
26955,11,0,11
26956,11,0,11
26957,11,0,11
42567,9,2,11
26958,11,0,11
26959,11,0,11
26960,11,0,11
26961,11,0,11
26963,11,0,11
26964,11,0,11
26966,11,0,11
26969,11,0,11
26970,11,0,11
26971,11,0,11
26972,11,0,11
26973,11,0,11
26974,11,0,11
26977,11,0,11
26978,11,0,11
26979,11,0,11
26980,11,0,11
38040,3,8,11
40078,7,4,11
26981,11,0,11
26984,11,0,11
26985,11,0,11
26986,11,0,11
26987,11,0,11
26988,11,0,11
26990,11,0,11
26993,11,0,11
26994,11,0,11
26995,11,0,11
26996,11,0,11
26997,11,0,11
26998,11,0,11
26999,11,0,11
27000,11,0,11
27001,11,0,11
27002,11,0,11
27004,11,0,11
56326,7,4,11
27005,11,0,11
27006,11,0,11
27007,11,0,11
27008,11,0,11
26765,11,0,11
26766,11,0,11
42574,10,1,11
26767,11,0,11
26768,11,0,11
26769,11,0,11
26770,11,0,11
26778,11,0,11
26779,11,0,11
26781,11,0,11
26782,11,0,11
26783,11,0,11
26784,11,0,11
40462,8,3,11
26785,11,0,11
26786,11,0,11
26787,11,0,11
26788,11,0,11
51526,8,3,11
26790,11,0,11
26791,11,0,11
26792,11,0,11
26794,11,0,11
38562,1,10,11
26795,11,0,11
26796,11,0,11
26797,11,0,11
26798,11,0,11
26799,11,0,11
26800,11,0,11
26801,11,0,11
26802,11,0,11
26803,11,0,11
26804,11,0,11
26805,11,0,11
26806,11,0,11
26807,11,0,11
26808,11,0,11
26811,11,0,11
26812,11,0,11
26813,11,0,11
37800,3,8,11
26820,11,0,11
26821,11,0,11
26822,11,0,11
26823,11,0,11
26825,11,0,11
26826,11,0,11
39573,9,2,11
26827,11,0,11
26828,11,0,11
26830,11,0,11
26831,11,0,11
26832,11,0,11
26833,11,0,11
26834,11,0,11
26835,11,0,11
26836,11,0,11
48799,4,7,11
26838,11,0,11
26839,11,0,11
26840,11,0,11
26842,11,0,11
26843,11,0,11
26844,11,0,11
26845,11,0,11
26846,11,0,11
26129,10,1,11
26848,11,0,11
26286,10,1,11
26849,11,0,11
26850,11,0,11
26851,11,0,11
26853,11,0,11
26854,11,0,11
39448,7,4,11
26855,11,0,11
26857,11,0,11
26858,11,0,11
26859,11,0,11
26860,11,0,11
26861,11,0,11
26862,11,0,11
26863,11,0,11
26864,11,0,11
26865,11,0,11
26867,11,0,11
26868,11,0,11
26869,11,0,11
26870,11,0,11
26873,11,0,11
26874,11,0,11
26875,11,0,11
26325,10,1,11
26878,11,0,11
26879,11,0,11
26880,11,0,11
26882,11,0,11
26883,11,0,11
26651,11,0,11
26652,11,0,11
26653,11,0,11
26654,11,0,11
26656,11,0,11
26657,11,0,11
26658,11,0,11
26659,11,0,11
26660,11,0,11
26662,11,0,11
26663,11,0,11
26093,10,1,11
26664,11,0,11
37751,8,3,11
26665,11,0,11
26666,11,0,11
26668,11,0,11
26669,11,0,11
26670,11,0,11
26671,11,0,11
25737,10,1,11
25807,10,1,11
25999,10,1,11
26678,11,0,11
26679,11,0,11
26680,11,0,11
26682,11,0,11
26684,11,0,11
26685,11,0,11
26686,11,0,11
26687,11,0,11
26688,11,0,11
26689,11,0,11
26690,11,0,11
40178,8,3,11
26691,11,0,11
26692,11,0,11
26693,11,0,11
26694,11,0,11
26695,11,0,11
42470,11,0,11
26696,11,0,11
26697,11,0,11
26698,11,0,11
26699,11,0,11
26700,11,0,11
26701,11,0,11
26702,11,0,11
26703,11,0,11
26704,11,0,11
26706,11,0,11
26707,11,0,11
26709,11,0,11
26710,11,0,11
26712,11,0,11
26713,11,0,11
26714,11,0,11
26715,11,0,11
26718,11,0,11
26719,11,0,11
26720,11,0,11
26721,11,0,11
26722,11,0,11
26723,11,0,11
26725,11,0,11
26726,11,0,11
26727,11,0,11
59337,8,3,11
26729,11,0,11
26730,11,0,11
26732,11,0,11
26734,11,0,11
26735,11,0,11
26737,11,0,11
26738,11,0,11
26742,11,0,11
26743,11,0,11
26744,11,0,11
26745,11,0,11
26746,11,0,11
26747,11,0,11
26748,11,0,11
26750,11,0,11
26751,11,0,11
26752,11,0,11
26753,11,0,11
26754,11,0,11
26755,11,0,11
39972,1,10,11
26756,11,0,11
26757,11,0,11
26758,11,0,11
26760,11,0,11
26761,11,0,11
26762,11,0,11
26764,11,0,11
26527,11,0,11
26528,11,0,11
26529,11,0,11
26530,11,0,11
26531,11,0,11
26532,11,0,11
26533,11,0,11
26535,11,0,11
26536,11,0,11
26537,11,0,11
26538,11,0,11
26540,11,0,11
26541,11,0,11
26542,11,0,11
26543,11,0,11
26544,11,0,11
26545,11,0,11
26546,11,0,11
52650,6,5,11
26547,11,0,11
26549,11,0,11
26552,11,0,11
26553,11,0,11
26554,11,0,11
26555,11,0,11
26557,11,0,11
26558,11,0,11
26559,11,0,11
26560,11,0,11
26561,11,0,11
26562,11,0,11
26563,11,0,11
26564,11,0,11
26565,11,0,11
26566,11,0,11
26567,11,0,11
34232,7,4,11
26568,11,0,11
26569,11,0,11
26570,11,0,11
26572,11,0,11
26573,11,0,11
26574,11,0,11
26575,11,0,11
26576,11,0,11
26578,11,0,11
26580,11,0,11
26582,11,0,11
26583,11,0,11
26584,11,0,11
26585,11,0,11
26587,11,0,11
26589,11,0,11
26590,11,0,11
26592,11,0,11
26594,11,0,11
26595,11,0,11
26596,11,0,11
26597,11,0,11
26598,11,0,11
26599,11,0,11
26600,11,0,11
26601,11,0,11
26603,11,0,11
26604,11,0,11
26605,11,0,11
26607,11,0,11
26608,11,0,11
26613,11,0,11
26614,11,0,11
26616,11,0,11
26617,11,0,11
26618,11,0,11
26619,11,0,11
26621,11,0,11
26622,11,0,11
26623,11,0,11
26624,11,0,11
26625,11,0,11
26626,11,0,11
26627,11,0,11
26628,11,0,11
26629,11,0,11
26631,11,0,11
26632,11,0,11
26633,11,0,11
26634,11,0,11
26635,11,0,11
26636,11,0,11
26637,11,0,11
26639,11,0,11
26641,11,0,11
26643,11,0,11
26644,11,0,11
40887,8,3,11
26647,11,0,11
26648,11,0,11
26649,11,0,11
26411,11,0,11
26412,11,0,11
26415,11,0,11
26416,11,0,11
26417,11,0,11
26418,11,0,11
39616,7,4,11
26420,11,0,11
26421,11,0,11
26422,11,0,11
26423,11,0,11
26424,11,0,11
26425,11,0,11
26426,11,0,11
26427,11,0,11
26428,11,0,11
26429,11,0,11
26432,11,0,11
26433,11,0,11
26434,11,0,11
26435,11,0,11
26436,11,0,11
26437,11,0,11
26439,11,0,11
26440,11,0,11
26441,11,0,11
26442,11,0,11
26443,11,0,11
26444,11,0,11
26445,11,0,11
26446,11,0,11
26447,11,0,11
26448,11,0,11
26449,11,0,11
26450,11,0,11
26451,11,0,11
26452,11,0,11
26453,11,0,11
26454,11,0,11
26456,10,1,11
26457,11,0,11
26458,11,0,11
54428,6,5,11
26465,11,0,11
26466,11,0,11
26467,11,0,11
26468,11,0,11
26469,11,0,11
26470,11,0,11
26471,11,0,11
26472,11,0,11
26473,11,0,11
26474,11,0,11
26475,11,0,11
26476,11,0,11
26477,11,0,11
26479,11,0,11
26480,11,0,11
26481,11,0,11
26483,11,0,11
25753,10,1,11
26486,11,0,11
26487,11,0,11
34038,11,0,11
26488,11,0,11
26489,11,0,11
26490,11,0,11
26491,11,0,11
26493,11,0,11
26495,11,0,11
26496,11,0,11
26497,11,0,11
26499,11,0,11
26500,11,0,11
26502,11,0,11
26503,11,0,11
26505,11,0,11
26506,11,0,11
26508,11,0,11
26509,11,0,11
26510,11,0,11
26511,11,0,11
26512,11,0,11
26513,11,0,11
26514,11,0,11
56564,7,4,11
26515,11,0,11
26516,11,0,11
26517,11,0,11
26518,11,0,11
26519,11,0,11
26520,11,0,11
26522,11,0,11
26524,11,0,11
26525,11,0,11
26526,11,0,11
26330,11,0,11
31589,1,10,11
25684,11,0,11
25700,10,1,11
25701,11,0,11
25702,11,0,11
25712,11,0,11
25756,11,0,11
25770,11,0,11
25771,10,1,11
25782,11,0,11
25785,11,0,11
25795,11,0,11
25800,11,0,11
25814,11,0,11
25820,11,0,11
25829,11,0,11
25834,11,0,11
25838,11,0,11
25889,11,0,11
25911,11,0,11
25913,11,0,11
25924,11,0,11
26402,10,0,10
26401,10,0,10
26400,10,0,10
26398,10,0,10
26397,10,0,10
26396,10,0,10
26395,10,0,10
26393,10,0,10
26392,10,0,10
26391,10,0,10
26390,10,0,10
26389,10,0,10
26388,10,0,10
26387,10,0,10
26386,10,0,10
26385,10,0,10
26384,10,0,10
26383,10,0,10
26380,10,0,10
26379,10,0,10
26375,10,0,10
26374,10,0,10
26373,10,0,10
26372,10,0,10
26370,10,0,10
26369,10,0,10
26368,10,0,10
26367,10,0,10
26365,10,0,10
26364,10,0,10
26363,10,0,10
26362,10,0,10
26361,10,0,10
26360,10,0,10
26359,10,0,10
26358,10,0,10
26357,10,0,10
26356,10,0,10
26355,10,0,10
26354,10,0,10
26353,10,0,10
26352,10,0,10
26351,10,0,10
26350,10,0,10
26349,10,0,10
26348,10,0,10
26347,10,0,10
26346,10,0,10
26345,10,0,10
26343,10,0,10
26342,10,0,10
26282,10,0,10
26281,10,0,10
26280,10,0,10
26279,10,0,10
26278,10,0,10
26274,10,0,10
26272,10,0,10
26271,10,0,10
26270,10,0,10
26269,10,0,10
26268,10,0,10
26267,10,0,10
26266,10,0,10
26265,10,0,10
26263,10,0,10
26259,10,0,10
26258,10,0,10
26257,10,0,10
26256,10,0,10
26255,10,0,10
26254,10,0,10
26253,10,0,10
26251,10,0,10
26250,10,0,10
26248,10,0,10
26247,10,0,10
26246,10,0,10
26245,10,0,10
26243,10,0,10
26242,10,0,10
26241,10,0,10
26240,10,0,10
26239,10,0,10
26238,10,0,10
26237,10,0,10
26236,10,0,10
26234,10,0,10
26233,10,0,10
26232,10,0,10
26231,10,0,10
26230,10,0,10
26229,10,0,10
26228,10,0,10
26226,10,0,10
26225,10,0,10
26223,10,0,10
26222,10,0,10
26221,10,0,10
26220,10,0,10
26219,10,0,10
26218,10,0,10
26217,10,0,10
26216,10,0,10
26215,10,0,10
26213,10,0,10
26212,10,0,10
26209,10,0,10
26208,10,0,10
26207,10,0,10
26206,10,0,10
26205,10,0,10
26204,10,0,10
26203,10,0,10
26201,10,0,10
26200,10,0,10
26199,10,0,10
26198,10,0,10
26197,10,0,10
26196,10,0,10
26195,10,0,10
26194,10,0,10
26193,10,0,10
26192,10,0,10
26191,10,0,10
26189,10,0,10
26188,10,0,10
26187,10,0,10
26186,10,0,10
26185,10,0,10
26184,10,0,10
26183,10,0,10
26182,10,0,10
26181,10,0,10
26180,10,0,10
26179,10,0,10
26177,10,0,10
26176,10,0,10
26175,10,0,10
26173,10,0,10
26172,10,0,10
26171,10,0,10
26168,10,0,10
26167,10,0,10
26166,10,0,10
26165,10,0,10
26164,10,0,10
26161,10,0,10
26160,10,0,10
26159,10,0,10
26157,10,0,10
26156,10,0,10
26155,10,0,10
26154,10,0,10
26153,10,0,10
26152,10,0,10
26151,10,0,10
26150,10,0,10
26149,10,0,10
26147,10,0,10
26146,10,0,10
26145,10,0,10
26144,10,0,10
26143,10,0,10
26142,10,0,10
26141,10,0,10
26140,10,0,10
26139,10,0,10
26138,10,0,10
26137,10,0,10
26135,10,0,10
26134,10,0,10
26133,10,0,10
26132,10,0,10
26131,10,0,10
26128,10,0,10
26127,10,0,10
26126,10,0,10
26125,10,0,10
26124,10,0,10
26123,10,0,10
26122,10,0,10
26121,10,0,10
26119,10,0,10
26118,10,0,10
26117,10,0,10
26115,10,0,10
26113,10,0,10
26112,10,0,10
26111,10,0,10
26110,10,0,10
26109,10,0,10
26108,10,0,10
26107,10,0,10
26106,10,0,10
26105,10,0,10
26104,10,0,10
26103,10,0,10
26102,10,0,10
26101,10,0,10
26100,10,0,10
26099,10,0,10
26098,10,0,10
26097,10,0,10
26095,10,0,10
26094,10,0,10
26090,10,0,10
26089,10,0,10
26087,10,0,10
26086,10,0,10
26084,10,0,10
26083,10,0,10
26081,10,0,10
26080,10,0,10
26079,10,0,10
26078,10,0,10
26076,10,0,10
26075,10,0,10
26074,10,0,10
26073,10,0,10
26071,10,0,10
26070,10,0,10
26068,10,0,10
26067,10,0,10
26066,10,0,10
26065,10,0,10
26064,10,0,10
26063,10,0,10
26062,10,0,10
26061,10,0,10
26060,10,0,10
26059,10,0,10
26058,10,0,10
26057,10,0,10
26056,10,0,10
26055,10,0,10
26054,10,0,10
26053,10,0,10
26052,10,0,10
26051,10,0,10
26049,10,0,10
26048,10,0,10
26047,10,0,10
26046,10,0,10
26045,10,0,10
26043,10,0,10
26041,10,0,10
26040,10,0,10
26039,10,0,10
26038,10,0,10
26037,10,0,10
26036,10,0,10
26035,10,0,10
26034,10,0,10
26033,10,0,10
26032,10,0,10
26031,10,0,10
26030,10,0,10
26028,10,0,10
26027,10,0,10
26026,10,0,10
26025,10,0,10
26024,10,0,10
26023,10,0,10
26022,10,0,10
26021,10,0,10
26020,10,0,10
26019,10,0,10
26018,10,0,10
26017,10,0,10
26016,10,0,10
26015,10,0,10
26014,10,0,10
26013,10,0,10
26012,10,0,10
26011,10,0,10
26010,10,0,10
26008,10,0,10
26007,10,0,10
26006,10,0,10
26005,10,0,10
26004,10,0,10
26003,10,0,10
26002,10,0,10
26001,10,0,10
26000,10,0,10
25998,10,0,10
25997,10,0,10
25996,10,0,10
25995,10,0,10
25994,10,0,10
25993,10,0,10
25992,10,0,10
25991,10,0,10
25990,10,0,10
25989,10,0,10
25988,10,0,10
25987,10,0,10
25986,10,0,10
25985,10,0,10
25984,10,0,10
25983,10,0,10
25982,10,0,10
25981,10,0,10
25980,10,0,10
25978,10,0,10
25977,10,0,10
25976,10,0,10
25975,10,0,10
25974,10,0,10
25973,10,0,10
25972,10,0,10
25971,10,0,10
25970,10,0,10
25968,10,0,10
25966,10,0,10
25965,10,0,10
25963,10,0,10
25962,10,0,10
25959,10,0,10
25957,10,0,10
25955,10,0,10
25953,10,0,10
25952,10,0,10
25950,10,0,10
25949,10,0,10
25948,10,0,10
25946,10,0,10
25945,10,0,10
25944,10,0,10
25942,10,0,10
25941,10,0,10
25940,10,0,10
25939,10,0,10
46826,4,6,10
57704,7,3,10
42927,9,1,10
48913,2,8,10
52137,6,4,10
38949,7,3,10
36247,8,2,10
30203,1,9,10
51601,6,4,10
40567,5,5,10
38213,4,6,10
45356,4,6,10
39817,6,4,10
30179,1,9,10
37594,3,7,10
39368,5,5,10
36209,4,6,10
39489,7,3,10
39253,6,4,10
39345,6,4,10
46608,1,9,10
47268,3,7,10
40588,9,1,10
47255,9,1,10
55453,5,5,10
38876,4,6,10
37337,1,9,10
45225,7,3,10
48565,5,5,10
46433,2,8,10
41213,3,7,10
36628,4,6,10
42489,5,5,10
43855,1,9,10
45066,9,1,10
30658,1,9,10
30657,1,9,10
46988,8,2,10
40046,4,6,10
56854,5,5,10
44375,6,4,10
40183,1,9,10
36590,5,5,10
36584,5,5,10
37935,3,7,10
30596,1,9,10
36308,4,6,10
38315,4,6,10
44589,5,5,10
40264,6,4,10
39266,7,3,10
39637,1,9,10
43958,5,5,10
27683,10,0,10
40130,5,5,10
39483,6,4,10
45029,5,5,10
30526,1,9,10
48428,4,6,10
30520,1,9,10
38036,6,4,10
43915,5,5,10
40628,3,7,10
38530,5,5,10
37697,1,9,10
55867,5,5,10
41703,4,6,10
48991,6,4,10
38487,3,7,10
43796,7,3,10
36438,7,3,10
47997,5,5,10
39020,5,5,10
42992,5,5,10
36627,4,6,10
33637,3,7,10
41022,5,5,10
54605,6,4,10
46005,7,3,10
47597,1,9,10
38735,7,3,10
37700,1,9,10
38868,1,9,10
36857,8,2,10
45614,6,4,10
39582,1,9,10
38875,5,5,10
30126,1,9,10
38693,3,7,10
38317,1,9,10
47545,4,6,10
38830,5,5,10
36818,5,5,10
38169,3,7,10
36809,6,4,10
47748,1,9,10
40029,3,7,10
42880,1,9,10
46205,5,5,10
38799,3,7,10
34017,4,6,10
33141,6,4,10
36746,7,3,10
45022,3,7,10
51966,8,2,10
36721,8,2,10
45332,4,6,10
57569,5,5,10
44339,6,4,10
46262,4,6,10
38769,3,7,10
47324,6,4,10
55562,5,5,10
42893,3,7,10
48382,6,4,10
42046,1,9,10
47114,3,7,10
46878,6,4,10
43538,6,4,10
42552,5,5,10
44692,1,9,10
44437,3,7,10
33978,8,2,10
33581,4,6,10
43093,6,4,10
45907,3,7,10
37453,1,9,10
47537,5,5,10
46628,7,3,10
37131,10,0,10
37784,6,4,10
39768,7,3,10
39583,5,5,10
38731,4,6,10
41841,4,6,10
41196,5,5,10
49135,9,1,10
43340,3,7,10
38585,7,3,10
61378,9,1,10
30424,1,9,10
27840,10,0,10
37096,7,3,10
41405,7,3,10
56087,5,5,10
43430,8,2,10
37091,6,4,10
42032,3,7,10
43781,9,1,10
36618,6,4,10
27787,10,0,10
62058,5,5,10
37944,1,9,10
47317,3,7,10
45696,5,5,10
54711,9,1,10
63248,8,2,10
64859,5,5,10
27842,10,0,10
62053,5,5,10
62817,5,5,10
54607,6,4,10
38116,3,7,10
43583,5,5,10
63719,5,5,10
63848,5,5,10
51469,6,4,10
61583,5,5,10
30577,1,9,10
64434,5,5,10
27643,10,0,10
40961,7,3,10
27534,10,0,10
30169,1,9,10
44878,9,1,10
47784,5,5,10
30216,1,9,10
62905,5,5,10
47554,6,4,10
61124,7,3,10
46337,3,7,10
33474,8,2,10
64086,9,1,10
33280,3,7,10
63988,8,2,10
62590,5,5,10
63368,8,2,10
62345,5,5,10
49056,6,4,10
63637,7,3,10
32909,6,4,10
27679,10,0,10
62320,5,5,10
63433,8,2,10
63434,10,0,10
64109,8,2,10
55372,5,5,10
37442,1,9,10
63141,8,2,10
64842,5,5,10
62643,10,0,10
40243,4,6,10
42931,5,5,10
62283,10,0,10
62277,10,0,10
62271,10,0,10
48823,10,0,10
61727,10,0,10
61724,10,0,10
62019,5,5,10
61425,8,2,10
30600,1,9,10
30533,1,9,10
61219,8,2,10
61215,10,0,10
61209,8,2,10
30319,1,9,10
48666,9,1,10
42549,9,1,10
61218,8,2,10
30087,1,9,10
36404,4,6,10
40204,3,7,10
37602,8,2,10
62527,5,5,10
40223,6,4,10
42554,4,6,10
46054,5,5,10
39524,1,9,10
35870,7,3,10
39681,3,7,10
30453,1,9,10
64040,5,5,10
27944,10,0,10
38368,1,9,10
63608,10,0,10
27732,10,0,10
39370,6,4,10
62780,5,5,10
38807,4,6,10
61903,5,5,10
38305,3,7,10
47519,6,4,10
48645,3,7,10
47050,3,7,10
27757,10,0,10
30325,1,9,10
30194,1,9,10
43495,4,6,10
37279,5,5,10
63121,9,1,10
30267,1,9,10
35943,7,3,10
37385,1,9,10
16550,1,9,10
35925,6,4,10
65419,5,5,10
63307,5,5,10
62422,5,5,10
30403,1,9,10
35361,4,6,10
38669,9,1,10
39041,5,5,10
47501,9,1,10
33459,1,9,10
64375,5,5,10
40521,5,5,10
38222,1,9,10
46360,8,2,10
61822,10,0,10
28056,10,0,10
47591,5,5,10
39556,5,5,10
62255,5,5,10
65515,10,0,10
64940,7,3,10
1030,2,8,10
64655,5,5,10
33928,7,3,10
46910,5,5,10
34969,4,6,10
45106,6,4,10
42837,6,4,10
33286,1,9,10
35893,7,3,10
39589,5,5,10
47574,1,9,10
39833,5,5,10
40797,5,5,10
45255,8,2,10
30072,1,9,10
65535,4,6,10
39850,1,9,10
65460,5,5,10
48233,7,3,10
62698,10,0,10
44464,5,5,10
45068,7,3,10
35310,6,4,10
61599,5,5,10
52006,6,4,10
39103,2,8,10
65241,5,5,10
33748,4,6,10
64475,5,5,10
64525,5,5,10
45256,7,3,10
37191,8,2,10
34545,5,5,10
30247,1,9,10
45801,4,6,10
30246,1,9,10
62926,8,2,10
65413,5,5,10
64284,10,0,10
62090,8,2,10
45824,5,5,10
64157,10,0,10
65251,5,5,10
65474,5,5,10
64997,9,1,10
33663,1,9,10
30119,1,9,10
64610,5,5,10
30245,1,9,10
33849,7,3,10
65355,5,5,10
49978,9,1,10
34256,5,5,10
38732,2,8,10
49110,7,3,10
64905,5,5,10
48970,7,3,10
33836,7,3,10
64726,10,0,10
38839,8,2,10
33369,1,9,10
33512,5,5,10
35020,6,4,10
38718,4,6,10
33854,8,2,10
32913,7,3,10
43273,4,6,10
33926,6,4,10
65206,5,5,10
64313,10,0,10
65187,10,0,10
37371,1,9,10
63751,5,5,10
64856,5,5,10
44018,1,9,10
65308,5,5,10
64376,5,5,10
33649,3,7,10
63837,5,5,10
65249,5,5,10
65528,5,5,10
63913,10,0,10
38065,4,6,10
36349,4,6,10
41092,3,7,10
35771,8,2,10
33884,6,4,10
46314,4,6,10
36631,7,3,10
64674,8,2,10
34947,5,5,10
34629,5,5,10
33288,1,9,10
64151,7,3,10
36894,7,3,10
30516,1,9,10
43271,5,5,10
33404,3,7,10
54951,7,3,10
33858,4,6,10
61017,8,2,10
45844,5,5,10
65259,5,5,10
65397,5,5,10
33592,6,4,10
62074,5,5,10
65224,5,5,10
36039,5,5,10
37608,3,7,10
30298,1,9,10
65458,5,5,10
47572,7,3,10
63362,5,5,10
43746,7,3,10
62069,10,0,10
64506,5,5,10
63855,5,5,10
30269,1,9,10
48135,7,3,10
55330,5,5,10
47528,1,9,10
44638,1,9,10
38227,1,9,10
33319,5,5,10
38101,1,9,10
47273,8,2,10
64644,5,5,10
64431,5,5,10
35721,4,6,10
48928,1,9,10
30338,1,9,10
35725,10,0,10
62123,5,5,10
62125,5,5,10
46571,1,9,10
34658,7,3,10
18203,1,9,10
63655,10,0,10
48158,5,5,10
47792,8,2,10
34360,5,5,10
36093,6,4,10
37558,4,6,10
35819,7,3,10
63841,5,5,10
64527,5,5,10
33063,5,5,10
64861,5,5,10
65242,5,5,10
36194,7,3,10
34398,7,3,10
64700,5,5,10
19481,1,9,10
43440,1,9,10
42974,3,7,10
37780,4,6,10
34898,9,1,10
62170,9,1,10
36325,1,9,10
39109,4,6,10
36198,4,6,10
63220,5,5,10
45005,6,4,10
30145,1,9,10
48255,5,5,10
34146,6,4,10
38218,4,6,10
46352,3,7,10
33233,6,4,10
27922,10,0,10
30545,1,9,10
47517,9,1,10
39043,3,7,10
39607,6,4,10
15002,1,9,10
30178,1,9,10
61837,5,5,10
37007,9,1,10
27831,10,0,10
30236,1,9,10
30585,1,9,10
48439,6,4,10
41994,5,5,10
46110,5,5,10
64008,9,1,10
41070,3,7,10
44054,7,3,10
40716,1,9,10
36433,5,5,10
48479,5,5,10
37945,9,1,10
61395,5,5,10
46327,8,2,10
30172,1,9,10
35811,4,6,10
39296,8,2,10
34566,4,6,10
30477,1,9,10
61794,10,0,10
47117,5,5,10
62563,5,5,10
47304,5,5,10
37788,3,7,10
27877,10,0,10
63999,8,2,10
41188,5,5,10
30168,1,9,10
35825,4,6,10
63853,5,5,10
43310,1,9,10
63775,5,5,10
30160,1,9,10
37989,1,9,10
33176,6,4,10
35829,4,6,10
44187,7,3,10
64670,8,2,10
37020,8,2,10
37386,1,9,10
41708,5,5,10
42746,8,2,10
43884,6,4,10
56398,8,2,10
61212,8,2,10
64776,5,5,10
30418,1,9,10
30341,1,9,10
42263,5,5,10
62597,5,5,10
30002,1,9,10
47588,1,9,10
62175,8,2,10
30442,1,9,10
51295,9,1,10
63778,5,5,10
35475,4,6,10
54421,6,4,10
40041,1,9,10
55024,5,5,10
46199,1,9,10
30297,1,9,10
36341,9,1,10
62613,8,2,10
46670,2,8,10
33226,3,7,10
39468,8,2,10
44114,7,3,10
44119,7,3,10
39455,9,1,10
30350,1,9,10
34320,4,6,10
33640,8,2,10
30368,1,9,10
44664,8,2,10
43663,3,7,10
30381,1,9,10
40773,1,9,10
41450,9,1,10
38021,3,7,10
36414,7,3,10
38359,9,1,10
54291,6,4,10
30420,1,9,10
27375,10,0,10
36137,6,4,10
35666,6,4,10
44854,5,5,10
47194,3,7,10
48147,6,4,10
39737,5,5,10
33420,5,5,10
40309,9,1,10
43614,3,7,10
34636,4,6,10
44105,7,3,10
56140,10,0,10
44349,8,2,10
63311,5,5,10
36030,4,6,10
30086,1,9,10
37898,3,7,10
43990,6,4,10
39949,8,2,10
48084,1,9,10
35265,4,6,10
47979,8,2,10
41475,5,5,10
35150,6,4,10
33157,4,6,10
48096,8,2,10
63832,5,5,10
61787,5,5,10
61551,5,5,10
63521,5,5,10
36088,6,4,10
64206,5,5,10
64208,5,5,10
62920,8,2,10
40359,7,3,10
35402,9,1,10
64821,5,5,10
62936,8,2,10
62706,9,1,10
64606,5,5,10
64498,5,5,10
41537,7,3,10
36091,6,4,10
39463,6,4,10
49042,5,5,10
63080,5,5,10
48385,9,1,10
40339,7,3,10
48420,10,0,10
48445,5,5,10
64356,5,5,10
63668,5,5,10
46377,4,6,10
63788,5,5,10
45055,9,1,10
41012,7,3,10
46141,8,2,10
63295,5,5,10
43423,7,3,10
62798,5,5,10
64052,5,5,10
30010,1,9,10
41425,9,1,10
27454,10,0,10
39646,6,4,10
47989,8,2,10
40094,7,3,10
52458,6,4,10
64569,5,5,10
64570,5,5,10
46996,4,6,10
35184,6,4,10
62044,10,0,10
35522,9,1,10
62616,10,0,10
62699,10,0,10
62700,10,0,10
62718,10,0,10
64736,5,5,10
64750,5,5,10
64752,5,5,10
62144,5,5,10
62145,5,5,10
62146,5,5,10
35478,5,5,10
30028,1,9,10
41693,3,7,10
40720,8,2,10
39135,6,4,10
45010,6,4,10
42437,4,6,10
36132,8,2,10
42548,5,5,10
32971,3,7,10
48739,7,3,10
45846,5,5,10
30079,1,9,10
35643,6,4,10
45424,3,7,10
43791,6,4,10
27484,10,0,10
37694,1,9,10
46672,6,4,10
27266,10,0,10
34579,4,6,10
39137,10,0,10
39615,3,7,10
42486,8,2,10
37506,9,1,10
42117,3,7,10
35688,7,3,10
35637,7,3,10
35814,7,3,10
34267,6,4,10
38566,4,6,10
35836,8,2,10
46934,8,2,10
37435,1,9,10
38412,4,6,10
56356,8,2,10
42498,3,7,10
45997,5,5,10
39367,4,6,10
39989,6,4,10
33727,7,3,10
62930,8,2,10
64367,5,5,10
33714,5,5,10
49035,6,4,10
37647,1,9,10
45175,6,4,10
44176,5,5,10
35960,5,5,10
43948,5,5,10
35472,8,2,10
44994,5,5,10
39399,6,4,10
27151,10,0,10
34392,5,5,10
44616,7,3,10
35564,9,1,10
35534,6,4,10
44857,5,5,10
43170,4,6,10
39890,8,2,10
47469,7,3,10
41054,5,5,10
46912,4,6,10
46167,3,7,10
34092,9,1,10
44204,6,4,10
41816,9,1,10
27196,10,0,10
24208,1,9,10
21255,1,9,10
14036,1,9,10
11321,1,9,10
19956,1,9,10
32355,1,9,10
42690,10,0,10
21556,1,9,10
45927,7,3,10
19445,1,9,10
14854,1,9,10
21873,1,9,10
61690,7,3,10
13538,1,9,10
61108,10,0,10
64924,5,5,10
61438,10,0,10
42839,7,3,10
34591,6,4,10
61894,9,1,10
62560,5,5,10
61231,5,5,10
33990,7,3,10
46467,9,1,10
46469,9,1,10
48442,7,3,10
44671,5,5,10
34138,6,4,10
27219,10,0,10
39016,6,4,10
46967,7,3,10
33188,3,7,10
61866,5,5,10
33384,4,6,10
57531,8,2,10
43856,5,5,10
34505,5,5,10
43926,10,0,10
64280,5,5,10
27227,10,0,10
39146,5,5,10
44098,5,5,10
44153,7,3,10
54481,6,4,10
48880,8,2,10
44316,9,1,10
40613,8,2,10
44443,6,4,10
47790,7,3,10
62912,5,5,10
61613,10,0,10
63010,10,0,10
63021,10,0,10
63308,8,2,10
63391,9,1,10
63406,9,1,10
63410,9,1,10
63492,9,1,10
39074,5,5,10
41754,5,5,10
41798,9,1,10
34856,4,6,10
27034,10,0,10
55181,5,5,10
47353,6,4,10
41010,5,5,10
44950,5,5,10
47539,7,3,10
27099,10,0,10
40136,8,2,10
35416,8,2,10
34888,5,5,10
26890,10,0,10
34910,9,1,10
47829,5,5,10
45045,5,5,10
46291,4,6,10
42846,9,1,10
42904,8,2,10
33812,6,4,10
39754,7,3,10
42354,5,5,10
41129,5,5,10
40373,8,2,10
26810,10,0,10
34156,7,3,10
26837,10,0,10
26847,10,0,10
29722,1,9,10
40246,5,5,10
55929,5,5,10
54054,9,1,10
39164,8,2,10
38881,1,9,10
34382,5,5,10
29985,1,9,10
26674,10,0,10
54038,6,4,10
26683,10,0,10
42428,8,2,10
42648,5,5,10
39829,5,5,10
42725,10,0,10
54697,8,2,10
11093,1,9,10
26733,10,0,10
37764,3,7,10
33456,6,4,10
26630,10,0,10
43923,4,6,10
26403,10,0,10
26404,10,0,10
26405,10,0,10
26406,10,0,10
26407,10,0,10
26408,10,0,10
26409,10,0,10
26414,10,0,10
39726,9,1,10
37517,9,1,10
55486,8,2,10
58542,5,5,10
26478,10,0,10
41175,9,1,10
26507,10,0,10
26283,10,0,10
26284,10,0,10
26285,10,0,10
26287,10,0,10
26289,10,0,10
26290,10,0,10
26291,10,0,10
26292,10,0,10
26294,10,0,10
26295,10,0,10
26296,10,0,10
26297,10,0,10
26298,10,0,10
26299,10,0,10
26301,10,0,10
26302,10,0,10
26303,10,0,10
26304,10,0,10
26305,10,0,10
26306,10,0,10
26307,10,0,10
26308,10,0,10
26309,10,0,10
26310,10,0,10
26311,10,0,10
26312,10,0,10
26313,10,0,10
26314,10,0,10
26315,10,0,10
26316,10,0,10
26317,10,0,10
26318,10,0,10
26320,10,0,10
26321,10,0,10
26322,10,0,10
26323,10,0,10
26324,10,0,10
26326,10,0,10
26327,10,0,10
26328,10,0,10
26329,10,0,10
26331,10,0,10
26332,10,0,10
26333,10,0,10
26334,10,0,10
26335,10,0,10
26336,10,0,10
51930,6,4,10
26338,10,0,10
26339,10,0,10
24476,1,9,10
26340,10,0,10
26341,10,0,10
62952,5,5,10
65216,5,5,10
56994,9,1,10
61941,10,0,10
25668,10,0,10
25669,10,0,10
25671,10,0,10
25672,10,0,10
25673,10,0,10
25674,10,0,10
25675,10,0,10
25676,10,0,10
25677,10,0,10
25678,10,0,10
25679,10,0,10
25681,10,0,10
25682,10,0,10
25685,10,0,10
25686,10,0,10
25687,10,0,10
25688,10,0,10
25689,10,0,10
25690,10,0,10
25691,10,0,10
25692,10,0,10
25693,10,0,10
25694,10,0,10
25695,10,0,10
25696,10,0,10
25699,10,0,10
25703,10,0,10
25704,10,0,10
25705,10,0,10
25707,10,0,10
25708,10,0,10
25709,10,0,10
25710,10,0,10
25711,10,0,10
25713,10,0,10
25714,10,0,10
25715,10,0,10
25716,10,0,10
25717,10,0,10
25718,10,0,10
25719,10,0,10
25720,10,0,10
25721,10,0,10
25722,10,0,10
25723,10,0,10
25724,10,0,10
25725,10,0,10
25726,10,0,10
25727,10,0,10
25728,10,0,10
25729,10,0,10
25731,10,0,10
25732,10,0,10
25733,10,0,10
25734,10,0,10
25736,10,0,10
25738,10,0,10
25739,10,0,10
25740,10,0,10
25741,10,0,10
25742,10,0,10
25743,10,0,10
25744,10,0,10
25745,10,0,10
25746,10,0,10
25747,10,0,10
25748,10,0,10
25749,10,0,10
25750,10,0,10
25751,10,0,10
25752,10,0,10
25754,10,0,10
25758,10,0,10
25759,10,0,10
25760,10,0,10
25761,10,0,10
25762,10,0,10
25763,10,0,10
25764,10,0,10
25765,10,0,10
25766,10,0,10
25767,10,0,10
25768,10,0,10
25769,10,0,10
25772,10,0,10
25773,10,0,10
25774,10,0,10
25775,10,0,10
25776,10,0,10
25777,10,0,10
25778,10,0,10
25780,10,0,10
25781,10,0,10
25783,10,0,10
25784,10,0,10
25786,10,0,10
25787,10,0,10
25788,10,0,10
25789,10,0,10
25790,10,0,10
25792,10,0,10
25793,10,0,10
25794,10,0,10
25796,10,0,10
25797,10,0,10
25799,10,0,10
25801,10,0,10
25802,10,0,10
25804,10,0,10
25806,10,0,10
25808,10,0,10
25809,10,0,10
25810,10,0,10
25811,10,0,10
25813,10,0,10
25815,10,0,10
25816,10,0,10
25817,10,0,10
25818,10,0,10
25819,10,0,10
25821,10,0,10
25822,10,0,10
25823,10,0,10
25824,10,0,10
25825,10,0,10
25826,10,0,10
25827,10,0,10
25828,10,0,10
25830,10,0,10
25831,10,0,10
25832,10,0,10
25833,10,0,10
25835,10,0,10
25836,10,0,10
25837,10,0,10
25839,10,0,10
25840,10,0,10
25843,10,0,10
25844,10,0,10
25845,10,0,10
25846,10,0,10
25847,10,0,10
25848,10,0,10
25849,10,0,10
25850,10,0,10
25851,10,0,10
25852,10,0,10
25853,10,0,10
25854,10,0,10
25855,10,0,10
25856,10,0,10
25857,10,0,10
25858,10,0,10
25859,10,0,10
25860,10,0,10
25861,10,0,10
25862,10,0,10
25863,10,0,10
25864,10,0,10
25865,10,0,10
25866,10,0,10
25867,10,0,10
25868,10,0,10
25870,10,0,10
25872,10,0,10
25873,10,0,10
25874,10,0,10
25875,10,0,10
25877,10,0,10
25878,10,0,10
25880,10,0,10
25882,10,0,10
25883,10,0,10
25884,10,0,10
25885,10,0,10
25886,10,0,10
25887,10,0,10
25890,10,0,10
25891,10,0,10
25893,10,0,10
25894,10,0,10
25896,10,0,10
25897,10,0,10
25899,10,0,10
25900,10,0,10
25901,10,0,10
25904,10,0,10
25905,10,0,10
25906,10,0,10
25907,10,0,10
25909,10,0,10
25914,10,0,10
25915,10,0,10
25916,10,0,10
25917,10,0,10
25918,10,0,10
25919,10,0,10
25920,10,0,10
25921,10,0,10
25922,10,0,10
25925,10,0,10
25927,10,0,10
25928,10,0,10
25929,10,0,10
25930,10,0,10
25931,10,0,10
25933,10,0,10
25934,10,0,10
25936,10,0,10
25938,10,0,10
46198,1,8,9
41822,6,3,9
33368,1,8,9
26158,9,0,9
42825,5,4,9
48590,3,6,9
44587,3,6,9
30275,1,8,9
30274,1,8,9
56749,5,4,9
44542,5,4,9
30244,1,8,9
42226,8,1,9
30241,1,8,9
30238,1,8,9
45023,3,6,9
30237,1,8,9
45494,3,6,9
47555,5,4,9
30235,1,8,9
38318,1,8,9
30228,1,8,9
55741,5,4,9
61122,7,2,9
30212,1,8,9
30208,1,8,9
30204,1,8,9
30199,1,8,9
30197,1,8,9
44467,1,8,9
48146,8,1,9
48378,6,3,9
48234,5,4,9
30187,1,8,9
30185,1,8,9
36222,4,5,9
44066,2,7,9
36219,4,5,9
36216,8,1,9
46118,5,4,9
30164,1,8,9
48004,3,6,9
30163,1,8,9
46811,1,8,9
41135,1,8,9
33679,1,8,9
39191,5,4,9
39610,5,4,9
30123,1,8,9
42977,5,4,9
39597,4,5,9
38205,3,6,9
38683,3,6,9
42848,8,1,9
37450,4,5,9
36615,4,5,9
30655,1,8,9
47643,5,4,9
30647,1,8,9
30643,1,8,9
30642,1,8,9
47048,3,6,9
30258,1,8,9
30637,1,8,9
30635,1,8,9
30633,1,8,9
42669,7,2,9
30158,1,8,9
40254,9,0,9
30594,1,8,9
30593,1,8,9
30592,1,8,9
30590,1,8,9
57044,6,3,9
30583,1,8,9
30582,1,8,9
30581,1,8,9
30580,1,8,9
36635,6,3,9
30221,1,8,9
30569,1,8,9
40149,6,3,9
30566,1,8,9
43599,3,6,9
30564,1,8,9
47711,5,4,9
30562,1,8,9
36541,7,2,9
30561,1,8,9
30560,1,8,9
30559,1,8,9
30555,1,8,9
30265,1,8,9
30553,1,8,9
48115,5,4,9
45252,8,1,9
36365,7,2,9
40225,1,8,9
41294,5,4,9
62514,5,4,9
38912,5,4,9
30530,1,8,9
30529,1,8,9
30527,1,8,9
30525,1,8,9
36505,6,3,9
30523,1,8,9
36503,8,1,9
30521,1,8,9
30518,1,8,9
36225,5,4,9
30509,1,8,9
30508,1,8,9
30505,1,8,9
45949,8,1,9
30280,1,8,9
30504,1,8,9
30503,1,8,9
46959,5,4,9
36487,4,5,9
42705,5,4,9
30475,1,8,9
30473,1,8,9
43777,3,6,9
30464,1,8,9
30463,1,8,9
30459,1,8,9
30458,1,8,9
36452,8,1,9
47270,4,5,9
46106,4,5,9
30183,1,8,9
30446,1,8,9
30445,1,8,9
30443,1,8,9
46172,3,6,9
30441,1,8,9
30180,1,8,9
30176,1,8,9
45935,5,4,9
51711,6,3,9
49066,3,6,9
47143,6,3,9
41888,4,5,9
37903,1,8,9
48318,5,4,9
39956,3,6,9
39922,1,8,9
39427,3,6,9
39210,1,8,9
57700,5,4,9
42200,2,7,9
39752,7,2,9
30124,1,8,9
51694,6,3,9
38302,3,6,9
44475,5,4,9
42962,7,2,9
36846,7,2,9
39952,6,3,9
33578,7,2,9
37545,3,6,9
30645,1,8,9
48812,7,2,9
36294,8,1,9
37399,1,8,9
43159,1,8,9
43174,1,8,9
41876,4,5,9
38800,5,4,9
38196,1,8,9
44826,7,2,9
46841,5,4,9
36787,5,4,9
48505,7,2,9
40259,1,8,9
39960,3,6,9
30211,1,8,9
44244,1,8,9
30177,1,8,9
43497,3,6,9
39630,6,3,9
46944,8,1,9
44802,6,3,9
40953,8,1,9
40356,5,4,9
47708,8,1,9
36728,8,1,9
37724,1,8,9
42604,7,2,9
38664,3,6,9
48686,7,2,9
46138,3,6,9
30184,1,8,9
39570,1,8,9
30262,1,8,9
30173,1,8,9
38638,3,6,9
63486,8,1,9
36662,6,3,9
37488,5,4,9
37957,3,6,9
36009,4,5,9
43751,8,1,9
30188,1,8,9
45082,5,4,9
38941,4,5,9
43387,9,0,9
47312,2,7,9
33641,3,6,9
37463,3,6,9
30660,1,8,9
30653,1,8,9
30652,1,8,9
30651,1,8,9
30649,1,8,9
30650,1,8,9
30648,1,8,9
30639,1,8,9
30628,1,8,9
30587,1,8,9
30563,1,8,9
30471,1,8,9
61198,8,1,9
30644,1,8,9
30462,1,8,9
30457,1,8,9
30444,1,8,9
30440,1,8,9
30439,1,8,9
30437,1,8,9
30436,1,8,9
30435,1,8,9
30434,1,8,9
30433,1,8,9
30432,1,8,9
30430,1,8,9
30428,1,8,9
30425,1,8,9
30422,1,8,9
30427,1,8,9
30426,1,8,9
30423,1,8,9
30421,1,8,9
30256,1,8,9
30255,1,8,9
30251,1,8,9
38300,1,8,9
61561,5,4,9
61405,5,4,9
30669,1,8,9
61396,5,4,9
30665,1,8,9
35928,7,2,9
64433,5,4,9
64432,5,4,9
64427,5,4,9
30260,1,8,9
64424,5,4,9
64423,5,4,9
62417,5,4,9
62415,5,4,9
63829,5,4,9
37775,6,3,9
64278,5,4,9
43551,1,8,9
65421,5,4,9
30654,1,8,9
62816,5,4,9
62813,5,4,9
62812,5,4,9
52684,9,0,9
30575,1,8,9
30196,1,8,9
30192,1,8,9
30191,1,8,9
62054,5,4,9
63786,5,4,9
30663,1,8,9
30662,1,8,9
30661,1,8,9
30659,1,8,9
30656,1,8,9
62501,5,4,9
38341,1,8,9
63128,5,4,9
62600,5,4,9
30469,1,8,9
61196,5,4,9
30467,1,8,9
30465,1,8,9
30461,1,8,9
30202,1,8,9
38017,4,5,9
36204,5,4,9
30584,1,8,9
30578,1,8,9
30170,1,8,9
30214,1,8,9
62904,5,4,9
30264,1,8,9
30429,1,8,9
30519,1,8,9
30595,1,8,9
39899,3,6,9
64860,5,4,9
64237,8,1,9
33521,4,5,9
33504,1,8,9
33476,1,8,9
64196,8,1,9
64193,8,1,9
64162,8,1,9
33432,5,4,9
64084,7,2,9
33261,4,5,9
36253,6,3,9
30146,1,8,9
63435,7,2,9
63441,8,1,9
41055,6,3,9
64343,5,4,9
64341,5,4,9
64340,5,4,9
63111,8,1,9
42547,7,2,9
34565,7,2,9
63119,5,4,9
30272,1,8,9
62738,7,2,9
62635,9,0,9
46539,7,2,9
30220,1,8,9
30218,1,8,9
30631,1,8,9
30630,1,8,9
62433,8,1,9
47485,3,6,9
62308,8,1,9
37073,7,2,9
37056,8,1,9
62288,5,4,9
48275,4,5,9
47686,4,5,9
61973,8,1,9
61944,8,1,9
61699,8,1,9
30162,1,8,9
64649,5,4,9
62021,5,4,9
61543,8,1,9
30627,1,8,9
30626,1,8,9
30625,1,8,9
30624,1,8,9
30602,1,8,9
30601,1,8,9
30622,1,8,9
30621,1,8,9
30619,1,8,9
30618,1,8,9
30617,1,8,9
30612,1,8,9
30599,1,8,9
30598,1,8,9
30597,1,8,9
30589,1,8,9
30557,1,8,9
30551,1,8,9
30550,1,8,9
30549,1,8,9
30548,1,8,9
30546,1,8,9
30544,1,8,9
30534,1,8,9
30535,1,8,9
30543,1,8,9
30541,1,8,9
30539,1,8,9
30537,1,8,9
30532,1,8,9
30531,1,8,9
64251,5,4,9
30502,1,8,9
30501,1,8,9
30500,1,8,9
30490,1,8,9
30484,1,8,9
30499,1,8,9
30497,1,8,9
30496,1,8,9
30495,1,8,9
30494,1,8,9
30493,1,8,9
61220,8,1,9
30492,1,8,9
30488,1,8,9
30487,1,8,9
30486,1,8,9
30483,1,8,9
30482,1,8,9
30481,1,8,9
30480,1,8,9
61207,8,1,9
30479,1,8,9
30478,1,8,9
30476,1,8,9
30240,1,8,9
40340,7,2,9
30161,1,8,9
30159,1,8,9
30156,1,8,9
30154,1,8,9
30155,1,8,9
30153,1,8,9
30147,1,8,9
30138,1,8,9
30137,1,8,9
30491,1,8,9
30134,1,8,9
30130,1,8,9
30189,1,8,9
30456,1,8,9
30455,1,8,9
30452,1,8,9
30451,1,8,9
30450,1,8,9
30449,1,8,9
30448,1,8,9
30447,1,8,9
30122,1,8,9
30120,1,8,9
37312,1,8,9
37050,7,2,9
42906,8,1,9
30586,1,8,9
48006,3,6,9
30144,1,8,9
30151,1,8,9
30454,1,8,9
30223,1,8,9
41155,1,8,9
46447,1,8,9
36439,6,3,9
30268,1,8,9
33787,6,3,9
46341,1,8,9
30522,1,8,9
43239,1,8,9
63754,5,4,9
36290,4,5,9
44357,5,4,9
33752,5,4,9
30574,1,8,9
30570,1,8,9
63746,5,4,9
63740,5,4,9
63735,5,4,9
63178,5,4,9
30225,1,8,9
30554,1,8,9
30286,1,8,9
30284,1,8,9
30282,1,8,9
30281,1,8,9
61008,7,2,9
30279,1,8,9
30277,1,8,9
30276,1,8,9
30498,1,8,9
36875,4,5,9
30148,1,8,9
38233,1,8,9
30193,1,8,9
45821,4,5,9
64175,5,4,9
62075,5,4,9
46521,1,8,9
62073,5,4,9
30507,1,8,9
30547,1,8,9
43086,3,6,9
30285,1,8,9
61012,7,2,9
30174,1,8,9
47136,6,3,9
43420,3,6,9
30514,1,8,9
30513,1,8,9
61240,5,4,9
30511,1,8,9
64914,5,4,9
33532,1,8,9
30515,1,8,9
65236,5,4,9
30128,1,8,9
30287,1,8,9
63589,7,2,9
43722,5,4,9
30231,1,8,9
63815,5,4,9
34250,9,0,9
30266,1,8,9
30489,1,8,9
61216,8,1,9
30629,1,8,9
37284,7,2,9
13370,1,8,9
62172,9,0,9
65340,8,1,9
64698,5,4,9
44672,3,6,9
37301,5,4,9
30510,1,8,9
30632,1,8,9
30512,1,8,9
51504,6,3,9
65406,5,4,9
64943,8,1,9
65534,4,5,9
62520,5,4,9
63299,5,4,9
64174,5,4,9
30133,1,8,9
30588,1,8,9
36357,7,2,9
65398,5,4,9
30165,1,8,9
39666,3,6,9
43364,3,6,9
33588,4,5,9
36152,7,2,9
35473,4,5,9
33239,5,4,9
64658,5,4,9
33568,5,4,9
30248,1,8,9
30207,1,8,9
48218,1,8,9
62177,9,0,9
39365,3,6,9
65442,5,4,9
45049,7,2,9
37420,4,5,9
65121,5,4,9
35222,8,1,9
30206,1,8,9
63713,5,4,9
37346,3,6,9
64236,8,1,9
30219,1,8,9
41077,5,4,9
33242,1,8,9
61735,5,4,9
64938,9,0,9
21881,1,8,9
48483,1,8,9
39435,3,6,9
34753,6,3,9
46361,4,5,9
30270,1,8,9
63717,5,4,9
65258,5,4,9
64538,5,4,9
30129,1,8,9
64816,7,2,9
64548,9,0,9
30205,1,8,9
42059,4,5,9
63833,9,0,9
65171,5,4,9
48814,6,3,9
48273,4,5,9
34387,4,5,9
30257,1,8,9
65520,5,4,9
64507,7,2,9
64775,5,4,9
43014,1,8,9
65173,5,4,9
65412,5,4,9
30259,1,8,9
33681,1,8,9
40194,4,5,9
65457,5,4,9
30474,1,8,9
65399,5,4,9
47499,6,3,9
64560,5,4,9
33071,5,4,9
64596,8,1,9
65074,5,4,9
45344,5,4,9
63899,9,0,9
33545,3,6,9
64833,5,4,9
64024,5,4,9
65075,5,4,9
64814,7,2,9
35284,9,0,9
65161,5,4,9
39579,5,4,9
19309,1,8,9
33910,5,4,9
64637,5,4,9
12465,1,8,9
63370,8,1,9
30157,1,8,9
30215,1,8,9
64165,8,1,9
33204,7,2,9
36832,4,5,9
33963,5,4,9
41120,4,5,9
33653,3,6,9
65160,5,4,9
39674,5,4,9
35252,6,3,9
34174,4,5,9
44369,4,5,9
30132,1,8,9
30222,1,8,9
30135,1,8,9
65174,5,4,9
33822,9,0,9
30283,1,8,9
30186,1,8,9
45879,1,8,9
33431,3,6,9
65257,5,4,9
33770,4,5,9
39218,6,3,9
33173,3,6,9
36445,6,3,9
65260,5,4,9
30571,1,8,9
34484,5,4,9
47173,3,6,9
65239,5,4,9
64597,8,1,9
64668,7,2,9
64011,8,1,9
34191,4,5,9
30278,1,8,9
61005,7,2,9
64600,8,1,9
62176,8,1,9
36527,8,1,9
30195,1,8,9
30121,1,8,9
49105,3,6,9
46552,5,4,9
21430,1,8,9
30591,1,8,9
65137,5,4,9
62072,5,4,9
43042,9,0,9
37207,7,2,9
65423,5,4,9
43238,1,8,9
63970,5,4,9
61696,5,4,9
43675,5,4,9
62168,5,4,9
64875,5,4,9
30149,1,8,9
1868,2,7,9
61847,5,4,9
30538,1,8,9
65533,4,5,9
40808,5,4,9
64535,5,4,9
30616,1,8,9
62124,5,4,9
38475,3,6,9
63513,5,4,9
30131,1,8,9
65306,5,4,9
37464,5,4,9
40495,1,8,9
30139,1,8,9
43290,1,8,9
30664,1,8,9
38809,3,6,9
47840,1,8,9
32822,3,6,9
64855,5,4,9
65296,5,4,9
62063,5,4,9
43688,1,8,9
65344,5,4,9
36153,6,3,9
30438,1,8,9
30243,1,8,9
33563,3,6,9
30606,1,8,9
30603,1,8,9
30607,1,8,9
30604,1,8,9
30605,1,8,9
30609,1,8,9
30608,1,8,9
30613,1,8,9
30614,1,8,9
30615,1,8,9
30565,1,8,9
43838,7,2,9
30136,1,8,9
30143,1,8,9
30517,1,8,9
30667,1,8,9
30118,1,8,9
30127,1,8,9
30466,1,8,9
30470,1,8,9
30472,1,8,9
30634,1,8,9
30636,1,8,9
30638,1,8,9
30641,1,8,9
33025,1,8,9
45418,5,4,9
30201,1,8,9
30209,1,8,9
30210,1,8,9
30542,1,8,9
35163,6,3,9
30249,1,8,9
30252,1,8,9
30254,1,8,9
30567,1,8,9
30573,1,8,9
30576,1,8,9
30579,1,8,9
33011,7,2,9
30171,1,8,9
30175,1,8,9
30181,1,8,9
30528,1,8,9
30536,1,8,9
30540,1,8,9
30620,1,8,9
30233,1,8,9
30239,1,8,9
30242,1,8,9
17712,1,8,9
30271,1,8,9
30125,1,8,9
30227,1,8,9
30230,1,8,9
30263,1,8,9
30556,1,8,9
30558,1,8,9
30568,1,8,9
64243,8,1,9
64701,5,4,9
30200,1,8,9
30190,1,8,9
36934,6,3,9
47738,1,8,9
46715,1,8,9
44508,4,5,9
36111,6,3,9
30666,1,8,9
30668,1,8,9
30229,1,8,9
64601,8,1,9
36954,5,4,9
44086,7,2,9
30261,1,8,9
35807,7,2,9
30253,1,8,9
55815,5,4,9
30217,1,8,9
39929,1,8,9
44427,1,8,9
43332,1,8,9
30150,1,8,9
64566,5,4,9
44612,3,6,9
30273,1,8,9
63114,8,1,9
41223,1,8,9
47189,3,6,9
30460,1,8,9
30224,1,8,9
30572,1,8,9
61838,5,4,9
30213,1,8,9
40048,1,8,9
30198,1,8,9
40263,1,8,9
46313,7,2,9
44064,2,7,9
47698,3,6,9
40142,3,6,9
30250,1,8,9
64029,5,4,9
30166,1,8,9
30117,1,8,9
30485,1,8,9
30152,1,8,9
30552,1,8,9
30524,1,8,9
30506,1,8,9
30226,1,8,9
30234,1,8,9
30640,1,8,9
62892,5,4,9
62293,5,4,9
30431,1,8,9
55379,5,4,9
62409,5,4,9
39306,5,4,9
30288,1,8,9
30289,1,8,9
30290,1,8,9
30291,1,8,9
30292,1,8,9
30293,1,8,9
30294,1,8,9
30295,1,8,9
30296,1,8,9
30299,1,8,9
30301,1,8,9
36328,6,3,9
30302,1,8,9
30303,1,8,9
30304,1,8,9
30305,1,8,9
30306,1,8,9
30307,1,8,9
30308,1,8,9
36103,7,2,9
30309,1,8,9
30310,1,8,9
30311,1,8,9
30312,1,8,9
30313,1,8,9
30314,1,8,9
30315,1,8,9
30316,1,8,9
30317,1,8,9
38187,1,8,9
30318,1,8,9
30320,1,8,9
30321,1,8,9
30322,1,8,9
30323,1,8,9
30324,1,8,9
30326,1,8,9
40972,3,6,9
44082,7,2,9
30327,1,8,9
30328,1,8,9
30329,1,8,9
30330,1,8,9
34601,7,2,9
30332,1,8,9
30333,1,8,9
30334,1,8,9
30335,1,8,9
30336,1,8,9
30337,1,8,9
30339,1,8,9
30340,1,8,9
30342,1,8,9
30343,1,8,9
30344,1,8,9
30345,1,8,9
30346,1,8,9
30348,1,8,9
30349,1,8,9
30351,1,8,9
48547,3,6,9
30352,1,8,9
39773,3,6,9
30353,1,8,9
30354,1,8,9
34103,5,4,9
30355,1,8,9
30356,1,8,9
30357,1,8,9
30358,1,8,9
30359,1,8,9
30361,1,8,9
48673,1,8,9
30362,1,8,9
30363,1,8,9
30364,1,8,9
30365,1,8,9
30366,1,8,9
30367,1,8,9
30369,1,8,9
52156,6,3,9
30370,1,8,9
30371,1,8,9
42861,5,4,9
30372,1,8,9
39826,5,4,9
30373,1,8,9
30374,1,8,9
30375,1,8,9
30376,1,8,9
30377,1,8,9
30378,1,8,9
30379,1,8,9
30380,1,8,9
40938,7,2,9
30382,1,8,9
30383,1,8,9
35743,5,4,9
30384,1,8,9
30385,1,8,9
30386,1,8,9
30387,1,8,9
30388,1,8,9
30390,1,8,9
30391,1,8,9
30392,1,8,9
30393,1,8,9
40007,8,1,9
30394,1,8,9
30395,1,8,9
30396,1,8,9
30397,1,8,9
30398,1,8,9
30399,1,8,9
38571,6,3,9
30400,1,8,9
39464,1,8,9
30401,1,8,9
30402,1,8,9
30404,1,8,9
30405,1,8,9
30406,1,8,9
30407,1,8,9
30408,1,8,9
30409,1,8,9
30410,1,8,9
30411,1,8,9
30412,1,8,9
30413,1,8,9
30414,1,8,9
33847,6,3,9
30415,1,8,9
30416,1,8,9
30417,1,8,9
30419,1,8,9
35965,5,4,9
35978,6,3,9
48678,6,3,9
48141,8,1,9
41131,5,4,9
35098,4,5,9
33425,5,4,9
45163,1,8,9
48927,5,4,9
9608,1,8,9
41144,6,3,9
46282,1,8,9
43955,6,3,9
45534,7,2,9
38639,3,6,9
33335,5,4,9
36065,6,3,9
43450,6,3,9
33433,5,4,9
63414,9,0,9
62889,5,4,9
48140,5,4,9
38092,1,8,9
63089,8,1,9
48162,7,2,9
62444,5,4,9
64207,5,4,9
63857,5,4,9
62931,8,1,9
52991,6,3,9
62436,7,2,9
43401,4,5,9
63327,5,4,9
39436,5,4,9
63066,5,4,9
63073,5,4,9
37648,1,8,9
46515,3,6,9
42535,7,2,9
39755,3,6,9
54066,9,0,9
63881,5,4,9
63146,5,4,9
63670,5,4,9
64499,5,4,9
41687,3,6,9
64857,5,4,9
46618,5,4,9
34704,6,3,9
37603,1,8,9
48647,1,8,9
30004,1,8,9
38195,6,3,9
43015,5,4,9
30005,1,8,9
63309,5,4,9
63310,5,4,9
30006,1,8,9
33359,3,6,9
63584,5,4,9
30007,1,8,9
30008,1,8,9
30009,1,8,9
37959,4,5,9
38003,3,6,9
48981,7,2,9
65244,5,4,9
65245,5,4,9
65247,5,4,9
30011,1,8,9
35314,5,4,9
38432,8,1,9
30012,1,8,9
33523,1,8,9
64709,5,4,9
30013,1,8,9
40620,5,4,9
30014,1,8,9
33062,5,4,9
30015,1,8,9
30017,1,8,9
61795,7,2,9
62908,5,4,9
38197,6,3,9
30018,1,8,9
30019,1,8,9
30020,1,8,9
30021,1,8,9
30022,1,8,9
62614,7,2,9
62617,9,0,9
62697,9,0,9
62900,5,4,9
64739,5,4,9
38255,3,6,9
30023,1,8,9
64744,5,4,9
64745,5,4,9
62147,5,4,9
62149,5,4,9
30024,1,8,9
30025,1,8,9
30027,1,8,9
30029,1,8,9
46076,5,4,9
30030,1,8,9
30031,1,8,9
30032,1,8,9
30033,1,8,9
30034,1,8,9
30035,1,8,9
30036,1,8,9
30037,1,8,9
30038,1,8,9
30039,1,8,9
30040,1,8,9
30041,1,8,9
30042,1,8,9
30043,1,8,9
30044,1,8,9
30045,1,8,9
30046,1,8,9
30047,1,8,9
30048,1,8,9
30049,1,8,9
30051,1,8,9
30052,1,8,9
30053,1,8,9
30054,1,8,9
30055,1,8,9
30056,1,8,9
30057,1,8,9
35945,4,5,9
30058,1,8,9
30059,1,8,9
30060,1,8,9
30061,1,8,9
30062,1,8,9
30063,1,8,9
30064,1,8,9
32886,1,8,9
30065,1,8,9
30066,1,8,9
30067,1,8,9
30068,1,8,9
30069,1,8,9
30070,1,8,9
30071,1,8,9
30073,1,8,9
30074,1,8,9
30075,1,8,9
30076,1,8,9
30077,1,8,9
30078,1,8,9
44143,5,4,9
30080,1,8,9
30081,1,8,9
30083,1,8,9
30084,1,8,9
30085,1,8,9
40738,7,2,9
30088,1,8,9
30089,1,8,9
39005,3,6,9
30090,1,8,9
35044,6,3,9
30091,1,8,9
30092,1,8,9
30093,1,8,9
37537,3,6,9
30094,1,8,9
30095,1,8,9
30096,1,8,9
30097,1,8,9
30098,1,8,9
30099,1,8,9
30100,1,8,9
30101,1,8,9
46741,3,6,9
30102,1,8,9
30103,1,8,9
47112,3,6,9
30104,1,8,9
30105,1,8,9
30106,1,8,9
30107,1,8,9
30108,1,8,9
30109,1,8,9
44673,7,2,9
30110,1,8,9
30111,1,8,9
30112,1,8,9
30113,1,8,9
30114,1,8,9
30115,1,8,9
30116,1,8,9
53583,6,3,9
45156,6,3,9
35717,6,3,9
40825,7,2,9
45089,7,2,9
39462,6,3,9
47527,1,8,9
33953,4,5,9
34186,7,2,9
44457,5,4,9
38988,7,2,9
35386,7,2,9
44949,7,2,9
52747,7,2,9
56342,5,4,9
33848,7,2,9
48640,5,4,9
46564,8,1,9
48777,5,4,9
61026,8,1,9
45183,7,2,9
48801,7,2,9
61126,7,2,9
47845,6,3,9
37670,1,8,9
40082,5,4,9
33783,6,3,9
37445,4,5,9
35682,5,4,9
33629,3,6,9
38615,1,8,9
39930,6,3,9
38177,3,6,9
58674,7,2,9
46100,9,0,9
35480,4,5,9
40088,7,2,9
33240,8,1,9
40008,3,6,9
44958,3,6,9
40334,7,2,9
34637,7,2,9
33811,5,4,9
33830,6,3,9
38133,4,5,9
46708,9,0,9
47333,6,3,9
41912,7,2,9
40327,5,4,9
38056,3,6,9
45991,1,8,9
40493,5,4,9
43689,4,5,9
33995,8,1,9
62285,5,4,9
64725,5,4,9
21389,1,8,9
40981,7,2,9
61672,7,2,9
47286,7,2,9
42340,7,2,9
38054,3,6,9
24223,1,8,9
64980,5,4,9
62583,5,4,9
61703,9,0,9
63545,5,4,9
42922,5,4,9
62728,9,0,9
43038,5,4,9
62317,5,4,9
62450,5,4,9
62521,5,4,9
46546,7,2,9
35632,6,3,9
63306,5,4,9
32796,3,6,9
37741,9,0,9
62142,5,4,9
46747,9,0,9
34338,5,4,9
34656,4,5,9
43836,7,2,9
62941,8,1,9
44280,5,4,9
64732,5,4,9
64349,5,4,9
64272,5,4,9
65067,5,4,9
42453,8,1,9
44231,9,0,9
44238,5,4,9
47431,6,3,9
42647,6,3,9
64483,5,4,9
64489,5,4,9
40177,2,7,9
38457,5,4,9
63575,5,4,9
47980,6,3,9
63346,8,1,9
62027,8,1,9
62102,9,0,9
62869,9,0,9
62898,9,0,9
62916,8,1,9
62915,8,1,9
62917,8,1,9
62953,9,0,9
63361,5,4,9
63403,9,0,9
63408,9,0,9
34996,4,5,9
56876,5,4,9
35183,5,4,9
39823,6,3,9
39685,7,2,9
44434,5,4,9
34611,4,5,9
40724,5,4,9
39529,5,4,9
49027,7,2,9
64767,5,4,9
39844,8,1,9
37938,8,1,9
35417,4,5,9
38440,6,3,9
38382,3,6,9
41090,4,5,9
40568,9,0,9
38953,1,8,9
51670,6,3,9
33867,6,3,9
49002,5,4,9
48132,1,8,9
39992,1,8,9
35112,7,2,9
38453,8,1,9
35160,6,3,9
33627,1,8,9
59031,5,4,9
39301,1,8,9
38041,3,6,9
32938,7,2,9
56551,7,2,9
38872,3,6,9
42074,9,0,9
42497,9,0,9
42565,9,0,9
34581,6,3,9
51584,6,3,9
26548,8,1,9
39340,3,6,9
46416,3,6,9
39881,5,4,9
44037,6,3,9
33940,5,4,9
33951,9,0,9
41289,9,0,9
42494,5,4,9
43012,3,6,9
42012,8,1,9
64325,5,4,9
62946,5,4,9
62959,5,4,9
63592,5,4,9
63605,5,4,9
64019,5,4,9
64027,5,4,9
54592,8,1,9
61190,5,4,9
48366,6,2,8
31820,1,7,8
48339,8,0,8
56016,5,3,8
42985,1,7,8
44967,5,3,8
37512,5,3,8
37563,6,2,8
37381,1,7,8
44166,7,1,8
32935,1,7,8
46496,6,2,8
44841,6,2,8
39968,3,5,8
37919,4,4,8
59099,5,3,8
43629,3,5,8
36639,4,4,8
44544,5,3,8
47716,3,5,8
46264,3,5,8
40703,6,2,8
52004,6,2,8
39159,7,1,8
40910,5,3,8
36593,4,4,8
45007,3,5,8
48550,6,2,8
36623,6,2,8
46925,5,3,8
38061,1,7,8
41839,4,4,8
40148,7,1,8
38794,1,7,8
44566,7,1,8
40261,1,7,8
64133,6,2,8
38643,1,7,8
38403,2,6,8
45139,5,3,8
43964,5,3,8
38642,1,7,8
37685,5,3,8
37972,3,5,8
39672,6,2,8
41862,3,5,8
40049,1,7,8
60910,8,0,8
38417,6,2,8
41058,3,5,8
38362,3,5,8
44184,5,3,8
47150,3,5,8
38967,3,5,8
56928,5,3,8
39749,3,5,8
46901,1,7,8
43285,1,7,8
37708,6,2,8
37328,1,7,8
46295,1,7,8
36245,6,2,8
49013,3,5,8
36884,7,1,8
44326,5,3,8
38547,6,2,8
64481,7,1,8
39619,3,5,8
48432,5,3,8
38372,1,7,8
44555,7,1,8
37955,3,5,8
39123,6,2,8
43351,7,1,8
46930,3,5,8
39326,5,3,8
43536,4,4,8
45364,5,3,8
47560,1,7,8
47421,4,4,8
38242,6,2,8
41105,1,7,8
46528,3,5,8
41691,7,1,8
48655,3,5,8
37159,4,4,8
36205,4,4,8
36806,6,2,8
37498,3,5,8
37497,3,5,8
46067,1,7,8
35970,4,4,8
40606,3,5,8
47291,5,3,8
35951,4,4,8
38384,1,7,8
35948,4,4,8
38077,4,4,8
37761,5,3,8
37106,6,2,8
43782,5,3,8
37801,6,2,8
36509,5,3,8
32931,1,7,8
43705,1,7,8
63328,5,3,8
64345,5,3,8
64516,5,3,8
64512,5,3,8
51792,6,2,8
38743,1,7,8
37441,4,4,8
38993,1,7,8
37368,4,4,8
42259,4,4,8
36006,6,2,8
33606,3,5,8
41023,1,7,8
37069,7,1,8
37858,1,7,8
43758,4,4,8
30167,1,7,8
37064,5,3,8
41025,1,7,8
46490,2,6,8
48524,3,5,8
49064,4,4,8
63677,5,3,8
38601,1,7,8
49136,4,4,8
33514,1,7,8
64201,7,1,8
64188,8,0,8
64191,7,1,8
64183,7,1,8
64156,8,0,8
64164,7,1,8
64160,7,1,8
64150,7,1,8
64125,8,0,8
64091,7,1,8
64012,8,0,8
33275,1,7,8
33277,1,7,8
63987,8,0,8
63991,8,0,8
63443,8,0,8
63439,8,0,8
63438,7,1,8
33612,3,5,8
64339,5,3,8
63142,8,0,8
63123,8,0,8
63117,8,0,8
63113,8,0,8
38804,3,5,8
62667,8,0,8
63703,5,3,8
62654,8,0,8
37883,1,7,8
40823,2,6,8
43246,4,4,8
42581,5,3,8
43999,5,3,8
61947,8,0,8
43167,5,3,8
61554,8,0,8
61553,8,0,8
61549,8,0,8
61544,8,0,8
61542,8,0,8
61426,8,0,8
61423,8,0,8
30689,1,7,8
61412,8,0,8
61409,8,0,8
64253,5,3,8
61217,8,0,8
61211,8,0,8
61210,8,0,8
34667,4,4,8
62473,5,3,8
30141,1,7,8
30140,1,7,8
61178,5,3,8
33634,2,6,8
48541,8,0,8
41084,5,3,8
37042,4,4,8
33396,5,3,8
37419,3,5,8
39407,5,3,8
39919,4,4,8
65112,8,0,8
46126,3,5,8
61016,8,0,8
61011,7,1,8
35603,5,3,8
61610,5,3,8
888,8,0,8
39098,1,7,8
44096,3,5,8
61014,7,1,8
46855,3,5,8
62313,8,0,8
64562,5,3,8
36415,4,4,8
35015,5,3,8
49008,1,7,8
37472,3,5,8
64942,8,0,8
37650,1,7,8
33695,3,5,8
65357,5,3,8
33292,4,4,8
63638,7,1,8
64807,7,1,8
33699,3,5,8
38219,4,4,8
62190,5,3,8
36011,5,3,8
37645,3,5,8
41486,4,4,8
48315,1,7,8
38986,5,3,8
33508,1,7,8
23134,1,7,8
38842,3,5,8
38588,5,3,8
65461,5,3,8
34865,5,3,8
47444,3,5,8
33265,1,7,8
61023,7,1,8
64944,8,0,8
11888,1,7,8
35338,4,4,8
35431,5,3,8
33893,4,4,8
65531,5,3,8
64192,8,0,8
65191,5,3,8
35010,6,2,8
37659,1,7,8
49123,5,3,8
49054,1,7,8
33299,5,3,8
64194,8,0,8
65354,5,3,8
34891,7,1,8
33880,6,2,8
64805,7,1,8
33110,1,7,8
33201,6,2,8
37183,6,2,8
44514,1,7,8
64673,8,0,8
33498,3,5,8
64379,5,3,8
64672,8,0,8
33944,5,3,8
34997,4,4,8
33579,4,4,8
34855,5,3,8
64777,5,3,8
30142,1,7,8
65377,5,3,8
64876,5,3,8
41351,3,5,8
62141,5,3,8
33927,7,1,8
30688,1,7,8
45853,7,1,8
59221,7,1,8
27361,6,2,8
47729,4,4,8
63882,5,3,8
36084,7,1,8
34978,5,3,8
44386,5,3,8
43066,4,4,8
65409,5,3,8
62131,5,3,8
36004,6,2,8
35494,4,4,8
37202,5,3,8
40319,1,7,8
63989,8,0,8
36193,5,3,8
37226,7,1,8
40018,1,7,8
64872,5,3,8
37704,5,3,8
39815,5,3,8
46977,3,5,8
64001,8,0,8
65298,5,3,8
35157,4,4,8
34346,5,3,8
33355,1,7,8
33020,7,1,8
65285,5,3,8
35523,4,4,8
32850,2,6,8
32973,7,1,8
38090,1,7,8
46349,1,7,8
41685,3,5,8
63371,8,0,8
38754,3,5,8
38866,2,6,8
48137,7,1,8
65038,5,3,8
43143,3,5,8
36932,5,3,8
39255,4,4,8
64830,5,3,8
56844,5,3,8
64950,5,3,8
33203,3,5,8
33738,8,0,8
38522,3,5,8
47581,5,3,8
63701,5,3,8
41630,3,5,8
47364,5,3,8
43425,3,5,8
33044,5,3,8
33221,1,7,8
35828,4,4,8
39153,5,3,8
40308,5,3,8
45408,1,7,8
38620,1,7,8
38026,1,7,8
36274,4,4,8
62481,7,1,8
37101,5,3,8
20273,1,7,8
62062,5,3,8
43000,5,3,8
43755,1,7,8
47694,5,3,8
45124,3,5,8
33805,5,3,8
47253,5,3,8
33652,3,5,8
46078,3,5,8
35482,7,1,8
35196,6,2,8
39130,3,5,8
34773,7,1,8
38789,4,4,8
44623,7,1,8
36396,7,1,8
43597,1,7,8
43670,4,4,8
44323,1,7,8
42702,5,3,8
35441,5,3,8
39940,3,5,8
54533,6,2,8
64581,5,3,8
38437,6,2,8
35556,7,1,8
37664,4,4,8
44903,3,5,8
57820,5,3,8
37998,6,2,8
43386,7,1,8
33901,4,4,8
43166,1,7,8
44583,4,4,8
47712,3,5,8
58118,5,3,8
33373,1,7,8
47213,1,7,8
36085,7,1,8
39655,5,3,8
62443,5,3,8
61552,5,3,8
64205,5,3,8
62565,5,3,8
36138,4,4,8
56848,5,3,8
61592,5,3,8
42619,5,3,8
46728,5,3,8
37861,4,4,8
48532,5,3,8
34024,4,4,8
42726,5,3,8
38369,1,7,8
37893,3,5,8
61545,5,3,8
30003,1,7,8
41934,7,1,8
45518,7,1,8
48159,5,3,8
42170,6,2,8
40015,5,3,8
64392,5,3,8
35377,6,2,8
61790,7,1,8
61821,7,1,8
61914,8,0,8
35224,6,2,8
62015,8,0,8
62447,7,1,8
46173,7,1,8
62873,5,3,8
43362,3,5,8
44489,5,3,8
39076,5,3,8
45423,7,1,8
39058,7,1,8
35937,6,2,8
47363,1,7,8
55884,7,1,8
38433,5,3,8
44917,2,6,8
33371,1,7,8
33005,3,5,8
35788,5,3,8
45900,5,3,8
35821,4,4,8
35824,4,4,8
45181,3,5,8
33671,5,3,8
35397,4,4,8
42077,3,5,8
41910,6,2,8
38182,5,3,8
42439,3,5,8
48515,5,3,8
39004,5,3,8
33726,6,2,8
44092,5,3,8
48902,5,3,8
54236,6,2,8
39347,3,5,8
43380,4,4,8
54464,6,2,8
35490,4,4,8
39800,5,3,8
35125,8,0,8
40287,4,4,8
40431,5,3,8
47124,4,4,8
38319,6,2,8
14371,1,7,8
62949,5,3,8
38567,1,7,8
46634,4,4,8
38328,7,1,8
43848,4,4,8
2470,2,6,8
47332,5,3,8
33285,1,7,8
46640,6,2,8
48935,6,2,8
35538,6,2,8
35545,4,4,8
45273,8,0,8
39964,1,7,8
48365,4,4,8
33365,3,5,8
44122,6,2,8
65179,5,3,8
45655,5,3,8
37347,3,5,8
64324,5,3,8
39593,1,7,8
45837,6,2,8
64381,5,3,8
34935,4,4,8
23157,1,7,8
45930,7,1,8
23417,1,7,8
47308,6,2,8
62067,5,3,8
11136,1,7,8
59011,5,3,8
61534,5,3,8
61858,8,0,8
62187,7,1,8
62279,5,3,8
62876,7,1,8
47157,4,4,8
34428,4,4,8
65052,8,0,8
43138,3,5,8
33614,3,5,8
46840,6,2,8
65299,5,3,8
62060,5,3,8
64503,5,3,8
38427,2,6,8
33862,4,4,8
38181,3,5,8
64368,5,3,8
63254,5,3,8
64254,5,3,8
43484,1,7,8
39190,2,6,8
42651,7,1,8
42659,7,1,8
62810,5,3,8
64590,5,3,8
61118,7,1,8
61920,8,0,8
62957,5,3,8
20,8,0,8
44827,5,3,8
44833,7,1,8
62914,8,0,8
62918,8,0,8
62921,8,0,8
62925,8,0,8
62924,8,0,8
62927,8,0,8
62929,8,0,8
63152,7,1,8
63154,7,1,8
63289,8,0,8
63312,8,0,8
63314,8,0,8
63394,7,1,8
35009,6,2,8
34740,7,1,8
43283,4,4,8
37711,1,7,8
61670,5,3,8
41239,5,3,8
44607,8,0,8
41721,6,2,8
47239,4,4,8
40370,5,3,8
57523,5,3,8
34934,5,3,8
64059,5,3,8
33034,3,5,8
55509,5,3,8
44915,1,7,8
46004,6,2,8
43602,4,4,8
47630,4,4,8
43533,1,7,8
34631,6,2,8
34461,4,4,8
38165,5,3,8
59957,7,1,8
33186,3,5,8
37393,8,0,8
40388,8,0,8
34585,6,2,8
37384,1,7,8
37995,6,2,8
54225,6,2,8
42758,5,3,8
33119,8,0,8
34030,5,3,8
34774,5,3,8
45454,1,7,8
38410,4,4,8
32995,6,2,8
41443,7,1,8
33618,1,7,8
48022,4,4,8
46072,4,4,8
39519,5,3,8
42658,5,3,8
34472,6,2,8
34536,5,3,8
54341,6,2,8
13484,1,7,8
33300,1,7,8
40371,5,3,8
43499,6,2,8
44965,7,1,8
21331,1,7,8
43342,6,2,8
37416,7,1,8
40775,7,1,8
38819,7,1,8
62769,5,3,8
63728,5,3,8
52913,6,2,8
64719,5,3,8
64908,5,3,8
61861,5,3,8
46029,6,1,7
40353,7,0,7
40001,5,2,7
39816,7,0,7
39044,7,0,7
38814,3,4,7
39116,3,4,7
48040,6,1,7
37369,1,6,7
40175,2,5,7
36286,4,3,7
47553,3,4,7
38813,4,3,7
36241,5,2,7
44564,6,1,7
44714,4,3,7
45594,1,6,7
46332,5,2,7
46117,3,4,7
42326,3,4,7
38445,3,4,7
43851,4,3,7
38955,1,6,7
43365,7,0,7
43861,5,2,7
43565,1,6,7
39613,5,2,7
30712,1,6,7
30711,1,6,7
30710,1,6,7
30709,1,6,7
30708,1,6,7
30707,1,6,7
30703,1,6,7
30701,1,6,7
39158,4,3,7
47584,1,6,7
30691,1,6,7
33144,7,0,7
30687,1,6,7
46095,1,6,7
30686,1,6,7
44420,5,2,7
39599,1,6,7
41777,3,4,7
36600,4,3,7
33604,5,2,7
63287,5,2,7
43134,5,2,7
37582,1,6,7
43280,6,1,7
38913,3,4,7
47879,1,6,7
38505,4,3,7
43870,1,6,7
36470,7,0,7
48415,5,2,7
43639,2,5,7
32945,3,4,7
47160,3,4,7
43471,3,4,7
47665,3,4,7
45870,5,2,7
39180,7,0,7
38220,4,3,7
43398,3,4,7
46319,1,6,7
30942,1,6,7
47118,3,4,7
42988,5,2,7
61372,5,2,7
42511,5,2,7
45663,4,3,7
36255,4,3,7
44331,5,2,7
46848,5,2,7
36801,5,2,7
42959,6,1,7
37564,3,4,7
41795,1,6,7
38337,4,3,7
40188,3,4,7
44718,5,2,7
37872,1,6,7
36766,5,2,7
38529,5,2,7
39880,4,3,7
64536,5,2,7
39194,3,4,7
43249,4,3,7
47756,3,4,7
37542,3,4,7
37776,1,6,7
46922,1,6,7
37939,1,6,7
38069,5,2,7
45410,1,6,7
45887,1,6,7
45398,4,3,7
37160,5,2,7
47300,2,5,7
39563,1,6,7
38070,1,6,7
36316,5,2,7
61990,5,2,7
37887,3,4,7
62598,5,2,7
30935,1,6,7
48664,3,4,7
43703,2,5,7
39372,5,2,7
39282,1,6,7
61559,5,2,7
30678,1,6,7
30677,1,6,7
30671,1,6,7
46109,1,6,7
43959,1,6,7
39473,1,6,7
46249,1,6,7
30672,1,6,7
61974,5,2,7
40040,1,6,7
62574,5,2,7
64058,5,2,7
30694,1,6,7
62504,5,2,7
63718,5,2,7
30693,1,6,7
30692,1,6,7
61419,5,2,7
48667,3,4,7
61194,5,2,7
37927,1,6,7
65034,7,0,7
44947,3,4,7
47649,1,6,7
61246,5,2,7
43510,4,3,7
64153,7,0,7
64144,7,0,7
64097,7,0,7
64108,7,0,7
33222,1,6,7
64558,5,2,7
63696,7,0,7
63578,7,0,7
30700,1,6,7
32807,7,0,7
63431,7,0,7
61686,5,2,7
62764,7,0,7
62748,7,0,7
48285,4,3,7
45951,1,6,7
48213,4,3,7
61726,7,0,7
61501,7,0,7
61500,7,0,7
61459,7,0,7
30699,1,6,7
30698,1,6,7
30696,1,6,7
30695,1,6,7
30690,1,6,7
30685,1,6,7
30682,1,6,7
30680,1,6,7
30679,1,6,7
30676,1,6,7
30675,1,6,7
30674,1,6,7
30706,1,6,7
30705,1,6,7
30704,1,6,7
38619,2,5,7
40378,3,4,7
48265,7,0,7
38085,1,6,7
33312,1,6,7
37314,3,4,7
45000,5,2,7
43952,5,2,7
41288,1,6,7
63210,5,2,7
45378,3,4,7
35968,6,1,7
33322,4,3,7
61019,7,0,7
37304,7,0,7
33651,1,6,7
47341,3,4,7
35962,5,2,7
34286,4,3,7
62024,5,2,7
28921,1,6,7
47366,5,2,7
7623,1,6,7
65375,5,2,7
62240,7,0,7
7,7,0,7
39030,5,2,7
64186,7,0,7
65477,5,2,7
61461,7,0,7
38591,1,6,7
47589,3,4,7
33293,1,6,7
64934,7,0,7
33900,5,2,7
33494,5,2,7
13766,6,1,7
64803,7,0,7
64041,5,2,7
64933,7,0,7
62193,5,2,7
39576,1,6,7
36150,4,3,7
65497,7,0,7
64145,7,0,7
65437,5,2,7
64806,7,0,7
33650,3,4,7
64377,5,2,7
30697,1,6,7
64187,7,0,7
65262,5,2,7
38846,7,0,7
35298,4,3,7
64936,7,0,7
30683,1,6,7
63876,5,2,7
65348,5,2,7
64935,7,0,7
61603,5,2,7
64526,5,2,7
64163,7,0,7
30681,1,6,7
65525,5,2,7
34933,4,3,7
33294,1,6,7
64932,7,0,7
37407,5,2,7
64804,7,0,7
64399,7,0,7
64808,7,0,7
64592,5,2,7
64923,5,2,7
65469,5,2,7
35117,4,3,7
40182,5,2,7
64413,5,2,7
35869,5,2,7
61868,5,2,7
65462,5,2,7
64669,7,0,7
35695,4,3,7
64016,5,2,7
43668,4,3,7
65483,5,2,7
65463,5,2,7
33400,3,4,7
64729,5,2,7
65367,5,2,7
61025,5,2,7
35017,4,3,7
65464,5,2,7
37644,3,4,7
65248,5,2,7
65350,5,2,7
65149,5,2,7
23866,1,6,7
44020,1,6,7
32900,1,6,7
30921,1,6,7
64101,7,0,7
64161,7,0,7
34543,4,3,7
64154,7,0,7
63129,5,2,7
36100,4,3,7
62140,5,2,7
41473,6,1,7
45585,3,4,7
28022,7,0,7
35242,4,3,7
65133,5,2,7
43124,3,4,7
23668,1,6,7
41866,5,2,7
30684,1,6,7
37752,1,6,7
31048,1,6,7
30670,1,6,7
30673,1,6,7
30905,1,6,7
32861,3,4,7
61831,5,2,7
63586,5,2,7
39295,3,4,7
65513,5,2,7
37890,3,4,7
42403,5,2,7
35791,4,3,7
65353,5,2,7
65480,5,2,7
65123,5,2,7
37860,1,6,7
33164,3,4,7
64779,5,2,7
47316,1,6,7
65415,5,2,7
36408,5,2,7
30702,1,6,7
64772,5,2,7
48530,4,3,7
39105,1,6,7
44422,5,2,7
37958,3,4,7
29350,1,6,7
63697,7,0,7
65427,5,2,7
32989,1,6,7
38589,3,4,7
45018,1,6,7
36995,6,1,7
47899,4,3,7
29477,1,6,7
64770,5,2,7
39805,7,0,7
37619,4,3,7
37823,4,3,7
62948,5,2,7
30854,1,6,7
64760,5,2,7
61992,5,2,7
30888,1,6,7
61367,5,2,7
61995,5,2,7
62885,5,2,7
47887,6,1,7
63345,5,2,7
33250,3,4,7
45205,2,5,7
46438,1,6,7
61100,5,2,7
48500,5,2,7
65158,5,2,7
62762,5,2,7
45352,2,5,7
34441,4,3,7
35670,4,3,7
39323,1,6,7
33624,1,6,7
38943,7,0,7
35550,5,2,7
45342,1,6,7
36420,4,3,7
43671,3,4,7
38810,3,4,7
64554,5,2,7
43537,1,6,7
42910,5,2,7
47700,1,6,7
33267,1,6,7
37813,3,4,7
43327,1,6,7
40344,7,0,7
37549,6,1,7
47438,3,4,7
43428,3,4,7
40445,3,4,7
37313,4,3,7
35356,5,2,7
40205,6,1,7
47232,4,3,7
38691,6,1,7
44788,5,2,7
62559,5,2,7
48133,5,2,7
45791,6,1,7
39001,1,6,7
64773,5,2,7
64204,5,2,7
37617,4,3,7
48222,5,2,7
48238,5,2,7
63063,5,2,7
61558,5,2,7
63682,5,2,7
65054,5,2,7
64025,5,2,7
65284,5,2,7
64771,5,2,7
62198,5,2,7
38050,4,3,7
33295,1,6,7
39280,7,0,7
36106,4,3,7
38057,6,1,7
35132,5,2,7
33807,7,0,7
34140,6,1,7
64051,5,2,7
62164,5,2,7
64971,5,2,7
44262,5,2,7
33370,1,6,7
39325,1,6,7
47159,3,4,7
37439,3,4,7
61789,7,0,7
37993,1,6,7
38752,6,1,7
63046,7,0,7
47653,1,6,7
47321,2,5,7
37947,5,2,7
63190,5,2,7
37485,5,2,7
41247,5,2,7
48587,4,3,7
38676,3,4,7
43628,1,6,7
39412,4,3,7
33390,5,2,7
34151,5,2,7
37625,6,1,7
40390,1,6,7
43619,5,2,7
39586,1,6,7
38100,4,3,7
44561,1,6,7
38545,3,4,7
35840,4,3,7
35513,4,3,7
46557,4,3,7
35681,4,3,7
39196,1,6,7
47289,2,5,7
61848,5,2,7
61538,5,2,7
64885,5,2,7
62911,5,2,7
65190,5,2,7
62064,5,2,7
62413,5,2,7
32830,1,6,7
62588,5,2,7
64471,5,2,7
46007,5,2,7
65063,5,2,7
62241,5,2,7
48900,6,1,7
41216,5,2,7
61747,5,2,7
38146,1,6,7
62012,5,2,7
62774,5,2,7
39834,5,2,7
37749,3,4,7
63547,5,2,7
60912,5,2,7
42121,5,2,7
42828,5,2,7
47476,1,6,7
41574,5,2,7
35541,4,3,7
33147,3,4,7
47375,2,5,7
41632,1,6,7
32929,1,6,7
39092,1,6,7
38263,1,6,7
35544,4,3,7
47292,3,4,7
38429,1,6,7
45504,1,6,7
42135,6,1,7
37774,3,4,7
64352,5,2,7
62584,5,2,7
40111,3,4,7
43934,3,4,7
46163,1,6,7
62038,5,2,7
63732,5,2,7
46032,6,1,7
41785,3,4,7
63160,5,2,7
64071,5,2,7
39077,3,4,7
64067,5,2,7
47401,5,2,7
64925,5,2,7
64926,5,2,7
64928,5,2,7
62303,7,0,7
46275,5,2,7
37953,5,2,7
43865,3,4,7
45404,3,4,7
63968,7,0,7
46491,5,2,7
64508,7,0,7
38011,1,6,7
65050,7,0,7
37401,4,3,7
46717,5,2,7
63179,5,2,7
44944,5,2,7
62483,5,2,7
62061,5,2,7
62778,5,2,7
46953,5,2,7
9153,1,6,7
43750,5,2,7
33505,3,4,7
48173,1,6,7
64209,5,2,7
64211,5,2,7
65126,5,2,7
61680,5,2,7
61864,5,2,7
43172,1,6,7
44163,5,2,7
43632,1,6,7
44287,5,2,7
61986,5,2,7
64520,5,2,7
41579,4,3,7
62470,5,2,7
64758,5,2,7
35687,5,2,7
61119,7,0,7
61128,7,0,7
61127,7,0,7
61309,7,0,7
61682,5,2,7
63132,5,2,7
63284,5,2,7
64999,5,2,7
7217,6,1,7
63153,7,0,7
63395,7,0,7
35702,5,2,7
44832,5,2,7
34021,6,1,7
35293,4,3,7
43505,3,4,7
40996,4,3,7
37334,1,6,7
43625,3,4,7
63052,5,2,7
41327,7,0,7
43329,1,6,7
65035,5,2,7
44966,5,2,7
61711,5,2,7
46419,4,3,7
57687,5,2,7
34982,5,2,7
64532,5,2,7
35398,5,2,7
33905,6,1,7
37754,1,6,7
47115,1,6,7
65250,5,2,7
37501,3,4,7
64056,5,2,7
46188,1,6,7
61902,5,2,7
42631,5,2,7
39446,5,2,7
35022,6,1,7
33232,6,1,7
38435,6,1,7
26771,7,0,7
41382,3,4,7
34645,6,1,7
44129,1,6,7
47583,1,6,7
41180,5,2,7
46175,2,5,7
26814,7,0,7
45039,6,1,7
33133,1,6,7
33791,4,3,7
33212,1,6,7
42496,5,2,7
23209,1,6,7
48593,4,3,7
45108,4,3,7
41116,1,6,7
34540,6,1,7
44681,5,2,7
38211,3,4,7
63251,5,2,7
39008,5,2,7
33290,1,6,7
33306,6,1,7
34588,6,1,7
38180,4,3,7
34330,7,0,7
40372,6,1,7
38117,4,3,7
63983,5,2,7
64351,5,2,7
34034,5,2,7
62474,5,2,7
64708,5,2,7
62525,5,2,7
61710,5,2,7
63049,5,2,7
61677,5,2,7
45436,4,3,7
38815,3,4,7
64406,5,2,7
41138,4,3,7
43203,1,6,7
63051,5,2,7
61434,5,2,7
61413,5,2,7
62513,5,2,7
63135,5,2,7
63828,5,2,7
62046,5,2,7
62449,5,2,7
63253,5,2,7
9846,1,6,7
14642,1,6,7
63075,5,2,7
63456,5,2,7
63462,5,2,7
63723,5,2,7
51992,6,1,7
63908,5,2,7
64549,5,2,7
64720,5,2,7
65215,5,2,7
54468,6,1,7
57083,6,1,7
61385,7,0,7
61924,7,0,7
62130,5,2,7
45996,4,2,6
41299,5,1,6
39193,4,2,6
39086,5,1,6
38377,5,1,6
33855,6,0,6
14932,1,5,6
37631,1,5,6
27541,6,0,6
36257,5,1,6
42442,3,3,6
47442,1,5,6
36221,5,1,6
36212,4,2,6
33480,1,5,6
38154,1,5,6
38473,1,5,6
46134,1,5,6
37693,3,3,6
39021,1,5,6
39369,1,5,6
39751,3,3,6
37988,5,1,6
38806,1,5,6
47526,1,5,6
32792,4,2,6
43418,1,5,6
40126,4,2,6
38357,1,5,6
61007,5,1,6
46131,1,5,6
45916,4,2,6
42478,3,3,6
32782,3,3,6
37527,1,5,6
39640,3,3,6
40856,1,5,6
38613,4,2,6
43508,5,1,6
38498,2,4,6
36861,4,2,6
37454,1,5,6
63365,5,1,6
63322,5,1,6
38957,3,3,6
41832,1,5,6
47736,3,3,6
38534,1,5,6
37451,1,5,6
37343,3,3,6
44459,1,5,6
46087,1,5,6
48577,5,1,6
36788,4,2,6
45101,2,4,6
36777,4,2,6
64476,5,1,6
63652,5,1,6
46376,2,4,6
37324,1,5,6
30805,1,5,6
30766,1,5,6
30765,1,5,6
43903,1,5,6
43953,1,5,6
27978,6,0,6
40574,2,4,6
31316,1,5,6
40134,1,5,6
43199,1,5,6
43947,1,5,6
43207,5,1,6
37323,1,5,6
47812,1,5,6
38550,3,3,6
38981,3,3,6
27947,6,0,6
43442,4,2,6
30951,1,5,6
30927,1,5,6
30919,1,5,6
31249,1,5,6
47535,1,5,6
38667,1,5,6
8271,1,5,6
61381,5,1,6
44234,1,5,6
37673,4,2,6
42065,1,5,6
62657,5,1,6
38796,1,5,6
43286,1,5,6
41809,2,4,6
38034,3,3,6
38033,6,0,6
64488,5,1,6
39049,3,3,6
39716,5,1,6
32950,1,5,6
63675,5,1,6
33457,1,5,6
30934,1,5,6
33230,3,3,6
33207,6,0,6
64277,5,1,6
64416,5,1,6
1031,2,4,6
62802,5,1,6
64456,5,1,6
62315,5,1,6
31188,1,5,6
30759,1,5,6
37053,5,1,6
48373,4,2,6
31280,1,5,6
44962,4,2,6
30972,1,5,6
30971,1,5,6
65428,5,1,6
30926,1,5,6
30908,1,5,6
30904,1,5,6
30851,1,5,6
30827,1,5,6
30775,1,5,6
30733,1,5,6
62653,5,1,6
62330,5,1,6
31219,1,5,6
30932,1,5,6
61899,5,1,6
44736,1,5,6
64948,5,1,6
31162,1,5,6
31176,1,5,6
63323,5,1,6
44023,4,2,6
38230,3,3,6
64060,5,1,6
46969,4,2,6
63176,5,1,6
33251,3,3,6
65371,5,1,6
37715,1,5,6
61695,5,1,6
65426,5,1,6
7129,1,5,6
15004,1,5,6
30828,1,5,6
31298,1,5,6
64170,5,1,6
65330,5,1,6
30967,1,5,6
30796,1,5,6
30944,1,5,6
38466,2,4,6
12346,1,5,6
45171,4,2,6
42089,3,3,6
31096,1,5,6
1822,2,4,6
30807,1,5,6
38029,1,5,6
33078,4,2,6
33072,5,1,6
65338,5,1,6
65429,5,1,6
37609,3,3,6
31095,1,5,6
48139,1,5,6
30801,1,5,6
31152,1,5,6
64589,5,1,6
40038,1,5,6
40014,1,5,6
36553,4,2,6
33468,1,5,6
65336,5,1,6
62484,5,1,6
31098,1,5,6
65365,5,1,6
64544,5,1,6
1083,2,4,6
63316,5,1,6
47571,1,5,6
64871,5,1,6
33234,1,5,6
65057,5,1,6
65459,5,1,6
31306,1,5,6
46073,3,3,6
64372,5,1,6
50255,1,5,6
65318,5,1,6
65468,5,1,6
65349,5,1,6
36175,4,2,6
65374,5,1,6
18751,1,5,6
65470,5,1,6
31274,1,5,6
65490,5,1,6
48358,3,3,6
31375,1,5,6
33436,1,5,6
65323,5,1,6
64509,5,1,6
64946,5,1,6
65486,5,1,6
64707,5,1,6
33745,3,3,6
65058,5,1,6
65519,5,1,6
65309,5,1,6
64714,5,1,6
45548,3,3,6
65232,5,1,6
65356,5,1,6
65325,5,1,6
65159,5,1,6
64380,5,1,6
35514,4,2,6
65424,5,1,6
65452,5,1,6
64787,5,1,6
64400,5,1,6
64394,5,1,6
35268,4,2,6
65363,5,1,6
65384,5,1,6
17635,1,5,6
46378,3,3,6
36199,5,1,6
64015,5,1,6
35421,5,1,6
48614,3,3,6
35062,5,1,6
63515,5,1,6
31411,1,5,6
31425,1,5,6
65256,5,1,6
65433,5,1,6
39337,3,3,6
64274,5,1,6
65447,5,1,6
35613,4,2,6
65508,5,1,6
37729,1,5,6
65040,5,1,6
2273,2,4,6
65042,5,1,6
65127,5,1,6
48062,1,5,6
31383,1,5,6
64631,5,1,6
33683,1,5,6
43627,1,5,6
31437,1,5,6
64910,5,1,6
65387,5,1,6
30969,1,5,6
12920,5,1,6
65473,5,1,6
19346,1,5,6
31134,1,5,6
31436,1,5,6
65079,5,1,6
33004,3,3,6
64524,5,1,6
65125,5,1,6
31419,1,5,6
65467,5,1,6
64790,5,1,6
65488,5,1,6
31045,1,5,6
62157,5,1,6
37806,1,5,6
64634,5,1,6
65254,5,1,6
20438,1,5,6
30844,1,5,6
37758,3,3,6
30723,1,5,6
31262,1,5,6
31439,1,5,6
35798,4,2,6
30721,1,5,6
30894,1,5,6
46351,6,0,6
30938,1,5,6
30946,1,5,6
31284,1,5,6
63834,5,1,6
31433,1,5,6
64261,5,1,6
64320,5,1,6
41132,1,5,6
61105,5,1,6
39096,2,4,6
31043,1,5,6
31068,1,5,6
41403,6,0,6
65403,5,1,6
43623,5,1,6
46244,5,1,6
31085,1,5,6
43370,3,3,6
30852,1,5,6
45772,1,5,6
65255,5,1,6
62893,5,1,6
64648,5,1,6
65189,5,1,6
37379,1,5,6
41781,1,5,6
37012,5,1,6
6883,1,5,6
39974,3,3,6
61870,5,1,6
47192,1,5,6
30767,1,5,6
64034,5,1,6
62051,5,1,6
61251,5,1,6
62459,5,1,6
63305,5,1,6
63705,5,1,6
62018,5,1,6
62562,5,1,6
63671,5,1,6
61949,5,1,6
62882,5,1,6
61910,5,1,6
64362,5,1,6
45231,1,5,6
48602,5,1,6
48864,2,4,6
38098,1,5,6
46155,1,5,6
61172,5,1,6
33647,4,2,6
43315,4,2,6
27599,6,0,6
42044,4,2,6
45940,3,3,6
63520,5,1,6
35983,5,1,6
63124,5,1,6
38439,3,3,6
36015,5,1,6
62183,5,1,6
62901,5,1,6
43659,5,1,6
38792,4,2,6
38469,3,3,6
63707,5,1,6
43064,4,2,6
64704,5,1,6
36035,4,2,6
37483,3,3,6
45752,5,1,6
35355,2,4,6
39051,3,3,6
38713,1,5,6
63470,5,1,6
48792,5,1,6
1181,2,4,6
14721,1,5,6
62543,5,1,6
61708,5,1,6
65134,5,1,6
64922,5,1,6
65120,5,1,6
64547,5,1,6
15624,1,5,6
62243,5,1,6
64398,5,1,6
64706,5,1,6
61709,5,1,6
65059,5,1,6
63731,5,1,6
64759,5,1,6
63379,5,1,6
62284,5,1,6
62954,5,1,6
64333,5,1,6
64577,5,1,6
62868,5,1,6
7651,5,1,6
15303,5,1,6
64037,5,1,6
37929,1,5,6
33200,6,0,6
43896,1,5,6
33343,4,2,6
38189,6,0,6
63280,5,1,6
63870,5,1,6
38495,6,0,6
61587,5,1,6
62561,5,1,6
62619,6,0,6
36115,6,0,6
38760,1,5,6
64829,5,1,6
39656,1,5,6
33531,1,5,6
43277,3,3,6
33181,1,5,6
41830,1,5,6
33715,3,3,6
64454,5,1,6
43945,1,5,6
44923,3,3,6
37725,1,5,6
35742,5,1,6
35748,6,0,6
38614,1,5,6
33165,3,3,6
47061,6,0,6
7711,1,5,6
33477,3,3,6
43673,1,5,6
44030,1,5,6
45284,3,3,6
37395,1,5,6
39069,6,0,6
46411,4,2,6
38703,1,5,6
39284,4,2,6
35883,6,0,6
62460,5,1,6
64401,5,1,6
63767,5,1,6
62013,5,1,6
63715,5,1,6
62247,5,1,6
62984,5,1,6
63721,5,1,6
64896,5,1,6
64887,5,1,6
64282,5,1,6
61681,5,1,6
63483,5,1,6
39843,1,5,6
65156,5,1,6
62357,5,1,6
64866,5,1,6
38698,1,5,6
47257,4,2,6
47550,1,5,6
43444,3,3,6
39947,5,1,6
35947,5,1,6
63724,5,1,6
35957,4,2,6
61900,5,1,6
45341,6,0,6
64715,5,1,6
33423,3,3,6
33659,1,5,6
42643,2,4,6
61245,5,1,6
46216,4,2,6
61734,5,1,6
33591,4,2,6
62419,5,1,6
41046,1,5,6
63294,5,1,6
7490,5,1,6
64501,5,1,6
44690,5,1,6
63593,5,1,6
64647,5,1,6
64633,5,1,6
64927,5,1,6
42994,5,1,6
38226,1,5,6
37309,6,0,6
46785,5,1,6
32997,3,3,6
64965,5,1,6
41701,1,5,6
34746,4,2,6
61707,5,1,6
14588,6,0,6
43802,5,1,6
65253,5,1,6
61908,5,1,6
34963,4,2,6
41027,3,3,6
64065,5,1,6
37591,3,3,6
64983,5,1,6
62201,5,1,6
63170,5,1,6
65064,5,1,6
44252,5,1,6
44333,5,1,6
62978,5,1,6
61933,5,1,6
64795,5,1,6
65117,5,1,6
41612,3,3,6
64641,5,1,6
63567,5,1,6
61598,5,1,6
65124,5,1,6
63851,5,1,6
38687,6,0,6
64588,5,1,6
35177,4,2,6
64559,5,1,6
38551,3,3,6
44444,5,1,6
33697,5,1,6
63315,5,1,6
33094,3,3,6
35168,6,0,6
35860,6,0,6
33931,5,1,6
21773,1,5,6
33633,4,2,6
61567,5,1,6
35324,5,1,6
65200,5,1,6
64764,5,1,6
65267,5,1,6
61230,5,1,6
64884,5,1,6
62454,5,1,6
64363,5,1,6
63319,5,1,6
62070,5,1,6
63824,5,1,6
62585,5,1,6
61247,5,1,6
65180,5,1,6
62336,5,1,6
63335,5,1,6
64792,5,1,6
65072,5,1,6
39156,1,5,6
62522,5,1,6
64258,5,1,6
64276,5,1,6
64390,5,1,6
62482,5,1,6
64705,5,1,6
64584,5,1,6
47130,1,5,6
37654,1,5,6
64022,5,1,6
34964,4,2,6
38223,1,5,6
45245,3,3,6
46294,1,5,6
43053,3,3,6
43544,1,5,6
38310,1,5,6
44343,4,2,6
38193,3,3,6
43646,2,4,6
44183,5,1,6
33308,5,1,6
42050,3,3,6
41310,1,5,6
45834,1,5,6
38285,3,3,6
62896,5,1,6
37727,1,5,6
38175,3,3,6
45194,5,1,6
46386,4,2,6
48136,3,3,6
37692,5,1,6
40855,6,0,6
37403,1,5,6
34457,5,1,6
42610,5,1,6
33887,6,0,6
63769,5,1,6
34281,5,1,6
47264,2,4,6
43579,3,3,6
40968,5,1,6
26459,6,0,6
62439,5,1,6
63180,5,1,6
63138,5,1,6
62807,5,1,6
64393,5,1,6
62435,5,1,6
64576,5,1,6
64888,5,1,6
62883,5,1,6
63338,5,1,6
61589,5,1,6
65297,5,1,6
37747,6,0,6
63664,5,1,6
62894,5,1,6
62955,5,1,6
64878,5,1,6
65234,5,1,6
64837,5,1,6
63663,5,1,6
64386,5,1,6
64619,5,1,6
64880,5,1,6
63909,5,1,6
61001,5,1,6
62456,5,1,6
64919,5,1,6
62352,5,1,6
61103,5,1,6
64929,5,1,6
61701,5,1,6
37632,1,5,6
63661,5,1,6
61102,5,1,6
64651,5,1,6
61445,5,1,6
63872,5,1,6
63366,5,1,6
62324,5,1,6
61906,5,1,6
62775,5,1,6
61928,5,1,6
63053,5,1,6
63499,5,1,6
61895,5,1,6
62010,5,1,6
65218,5,1,6
65037,5,1,6
64768,5,1,6
61706,5,1,6
63293,5,1,6
62278,5,1,6
62312,5,1,6
62314,5,1,6
62412,5,1,6
62469,5,1,6
62495,5,1,6
62554,5,1,6
62558,5,1,6
62576,5,1,6
62587,5,1,6
62765,5,1,6
63174,5,1,6
63324,5,1,6
63354,5,1,6
63356,5,1,6
63359,5,1,6
63725,5,1,6
63971,5,1,6
64200,5,1,6
64332,5,1,6
64334,5,1,6
64385,5,1,6
64397,5,1,6
64438,5,1,6
64469,5,1,6
64491,5,1,6
64495,5,1,6
64543,5,1,6
64550,5,1,6
64572,5,1,6
64587,5,1,6
64599,5,1,6
64625,5,1,6
64722,5,1,6
64765,5,1,6
64766,5,1,6
64785,5,1,6
64831,5,1,6
64867,5,1,6
64870,5,1,6
64879,5,1,6
64881,5,1,6
64889,5,1,6
64892,5,1,6
64907,5,1,6
64973,5,1,6
64982,5,1,6
65056,5,1,6
65062,5,1,6
65122,5,1,6
65183,5,1,6
65213,5,1,6
65219,5,1,6
65223,5,1,6
65275,5,1,6
65283,5,1,6
61104,5,1,6
61173,5,1,6
61185,5,1,6
61232,5,1,6
61588,5,1,6
61601,5,1,6
61602,6,0,6
61738,5,1,6
61915,5,1,6
61929,5,1,6
61930,6,0,6
61936,6,0,6
61977,5,1,6
61981,5,1,6
62004,5,1,6
62009,5,1,6
62037,5,1,6
62076,5,1,6
62191,5,1,6
9266,6,0,6
49088,5,0,5
47098,5,0,5
46842,3,2,5
46733,1,4,5
45059,3,2,5
40750,5,0,5
39738,3,2,5
39018,5,0,5
37932,5,0,5
37719,5,0,5
33781,4,1,5
38924,1,4,5
40943,3,2,5
40153,1,4,5
42838,1,4,5
38921,1,4,5
47171,1,4,5
43177,1,4,5
43400,3,2,5
39178,2,3,5
43215,3,2,5
30718,1,4,5
30716,1,4,5
30715,1,4,5
30714,1,4,5
30713,1,4,5
42228,3,2,5
44267,1,4,5
43965,1,4,5
42899,3,2,5
1867,2,3,5
44883,1,4,5
48972,3,2,5
48983,1,4,5
46776,1,4,5
39371,1,4,5
42756,1,4,5
6886,1,4,5
37831,3,2,5
38322,1,4,5
39811,1,4,5
41253,1,4,5
31024,1,4,5
4999,1,4,5
31022,1,4,5
31020,1,4,5
31019,1,4,5
31018,1,4,5
31014,1,4,5
31013,1,4,5
31012,1,4,5
31011,1,4,5
31007,1,4,5
31001,1,4,5
8136,1,4,5
33493,3,2,5
36890,5,0,5
30989,1,4,5
30988,1,4,5
30987,1,4,5
30986,1,4,5
30984,1,4,5
30983,1,4,5
30982,1,4,5
30981,1,4,5
30980,1,4,5
30979,1,4,5
30978,1,4,5
30976,1,4,5
30975,1,4,5
30974,1,4,5
38405,1,4,5
30973,1,4,5
30970,1,4,5
30963,1,4,5
30962,1,4,5
30957,1,4,5
46531,1,4,5
30956,1,4,5
30955,1,4,5
30954,1,4,5
49046,3,2,5
30953,1,4,5
30952,1,4,5
30950,1,4,5
30945,1,4,5
30943,1,4,5
45426,1,4,5
30924,1,4,5
30923,1,4,5
36833,5,0,5
30916,1,4,5
43476,1,4,5
38301,1,4,5
41158,5,0,5
33028,4,1,5
30886,1,4,5
30882,1,4,5
30881,1,4,5
30880,1,4,5
30879,1,4,5
30875,1,4,5
30874,1,4,5
30871,1,4,5
30870,1,4,5
30869,1,4,5
30868,1,4,5
30867,1,4,5
49102,1,4,5
30863,1,4,5
38251,1,4,5
30862,1,4,5
30861,1,4,5
30860,1,4,5
37444,1,4,5
30841,1,4,5
30840,1,4,5
1651,2,3,5
63884,5,0,5
36761,4,1,5
30831,1,4,5
30830,1,4,5
30829,1,4,5
42734,4,1,5
30825,1,4,5
30824,1,4,5
30821,1,4,5
30820,1,4,5
30819,1,4,5
30818,1,4,5
36740,4,1,5
39184,1,4,5
30813,1,4,5
30812,1,4,5
30811,1,4,5
30810,1,4,5
30809,1,4,5
30806,1,4,5
30804,1,4,5
65271,5,0,5
30799,1,4,5
40013,1,4,5
48791,2,3,5
30764,1,4,5
38479,1,4,5
30763,1,4,5
30762,1,4,5
30756,1,4,5
5783,1,4,5
31325,1,4,5
31323,1,4,5
31321,1,4,5
31319,1,4,5
48921,1,4,5
31318,1,4,5
31317,1,4,5
31314,1,4,5
31311,1,4,5
31310,1,4,5
31308,1,4,5
31307,1,4,5
31304,1,4,5
31303,1,4,5
31302,1,4,5
31300,1,4,5
31296,1,4,5
31295,1,4,5
31288,1,4,5
31286,1,4,5
31285,1,4,5
31283,1,4,5
31282,1,4,5
6398,1,4,5
31279,1,4,5
31277,1,4,5
31276,1,4,5
31275,1,4,5
31273,1,4,5
31266,1,4,5
31263,1,4,5
31261,1,4,5
31259,1,4,5
43877,1,4,5
31258,1,4,5
5224,1,4,5
31256,1,4,5
31255,1,4,5
31254,1,4,5
65366,5,0,5
31252,1,4,5
31251,1,4,5
31250,1,4,5
30947,1,4,5
30939,1,4,5
30940,1,4,5
30936,1,4,5
30928,1,4,5
30920,1,4,5
30917,1,4,5
30889,1,4,5
30890,1,4,5
30839,1,4,5
31248,1,4,5
30834,1,4,5
30833,1,4,5
30832,1,4,5
45254,2,3,5
31240,1,4,5
31239,1,4,5
5206,1,4,5
31238,1,4,5
43464,1,4,5
31237,1,4,5
31236,1,4,5
31234,1,4,5
31233,1,4,5
31231,1,4,5
31230,1,4,5
64257,5,0,5
31223,1,4,5
31331,1,4,5
5208,1,4,5
31247,1,4,5
31218,1,4,5
37701,3,2,5
46344,1,4,5
31327,1,4,5
31326,1,4,5
40299,1,4,5
31214,1,4,5
31213,1,4,5
31212,1,4,5
31245,1,4,5
31243,1,4,5
31241,1,4,5
31229,1,4,5
31211,1,4,5
31210,1,4,5
30885,1,4,5
31209,1,4,5
31207,1,4,5
30858,1,4,5
30856,1,4,5
31203,1,4,5
31202,1,4,5
31201,1,4,5
31200,1,4,5
1024,2,3,5
31198,1,4,5
37065,4,1,5
31197,1,4,5
31315,1,4,5
30985,1,4,5
32948,3,2,5
31195,1,4,5
43131,1,4,5
46318,1,4,5
33381,1,4,5
31193,1,4,5
30933,1,4,5
31191,1,4,5
30878,1,4,5
30877,1,4,5
1986,2,3,5
31189,1,4,5
30960,1,4,5
30959,1,4,5
31187,1,4,5
31186,1,4,5
30761,1,4,5
30760,1,4,5
30758,1,4,5
30948,1,4,5
31322,1,4,5
31320,1,4,5
31313,1,4,5
31305,1,4,5
31184,1,4,5
31246,1,4,5
31244,1,4,5
31225,1,4,5
31220,1,4,5
31217,1,4,5
31216,1,4,5
31196,1,4,5
31194,1,4,5
31015,1,4,5
31006,1,4,5
31005,1,4,5
31002,1,4,5
31004,1,4,5
31003,1,4,5
30993,1,4,5
30994,1,4,5
30995,1,4,5
30992,1,4,5
30991,1,4,5
30990,1,4,5
31000,1,4,5
30999,1,4,5
30998,1,4,5
30997,1,4,5
30996,1,4,5
30931,1,4,5
30930,1,4,5
30911,1,4,5
30912,1,4,5
30907,1,4,5
30906,1,4,5
30902,1,4,5
30901,1,4,5
30898,1,4,5
30893,1,4,5
30892,1,4,5
30884,1,4,5
30853,1,4,5
30847,1,4,5
30846,1,4,5
30845,1,4,5
30838,1,4,5
30837,1,4,5
30836,1,4,5
30835,1,4,5
31294,1,4,5
31293,1,4,5
31182,1,4,5
30826,1,4,5
31292,1,4,5
30823,1,4,5
30822,1,4,5
31290,1,4,5
31289,1,4,5
30817,1,4,5
30816,1,4,5
30815,1,4,5
30814,1,4,5
30800,1,4,5
30791,1,4,5
30788,1,4,5
30789,1,4,5
30790,1,4,5
30770,1,4,5
30793,1,4,5
30787,1,4,5
30786,1,4,5
30785,1,4,5
30784,1,4,5
30783,1,4,5
30782,1,4,5
30781,1,4,5
30779,1,4,5
30778,1,4,5
30776,1,4,5
30774,1,4,5
30773,1,4,5
30772,1,4,5
30771,1,4,5
30757,1,4,5
30748,1,4,5
30745,1,4,5
30743,1,4,5
30740,1,4,5
30732,1,4,5
30724,1,4,5
30719,1,4,5
31235,1,4,5
31181,1,4,5
30754,1,4,5
30752,1,4,5
31180,1,4,5
31179,1,4,5
40311,4,1,5
37642,3,2,5
31178,1,4,5
31177,1,4,5
31025,1,4,5
31023,1,4,5
31017,1,4,5
30803,1,4,5
38392,2,3,5
31175,1,4,5
44136,1,4,5
31173,1,4,5
30859,1,4,5
30857,1,4,5
30855,1,4,5
30741,1,4,5
30737,1,4,5
31172,1,4,5
31171,1,4,5
31169,1,4,5
31168,1,4,5
30808,1,4,5
31167,1,4,5
31166,1,4,5
35692,4,1,5
31165,1,4,5
30977,1,4,5
31164,1,4,5
31163,1,4,5
30728,1,4,5
48287,4,1,5
43477,1,4,5
31161,1,4,5
33027,4,1,5
31160,1,4,5
31159,1,4,5
48826,3,2,5
31199,1,4,5
63720,5,0,5
31349,1,4,5
30883,1,4,5
31370,1,4,5
31401,1,4,5
31297,1,4,5
22832,1,4,5
31348,1,4,5
30965,1,4,5
31346,1,4,5
31499,1,4,5
30925,1,4,5
31270,1,4,5
65482,5,0,5
31497,1,4,5
31035,1,4,5
31271,1,4,5
31269,1,4,5
36986,4,1,5
40811,2,3,5
31301,1,4,5
6638,1,4,5
31221,1,4,5
30866,1,4,5
65471,5,0,5
31445,1,4,5
30865,1,4,5
65335,5,0,5
30864,1,4,5
6933,1,4,5
31224,1,4,5
65418,5,0,5
25209,1,4,5
37870,1,4,5
30734,1,4,5
65368,5,0,5
1706,2,3,5
48466,3,2,5
65381,5,0,5
30749,1,4,5
6936,1,4,5
31100,1,4,5
31376,1,4,5
31412,1,4,5
64953,5,0,5
65434,5,0,5
65504,5,0,5
63878,5,0,5
14201,1,4,5
45180,1,4,5
43429,1,4,5
65481,5,0,5
31393,1,4,5
31434,1,4,5
31339,1,4,5
30958,1,4,5
65401,5,0,5
65435,5,0,5
31453,1,4,5
31452,1,4,5
31408,1,4,5
31450,1,4,5
31078,1,4,5
31192,1,4,5
63334,5,0,5
1765,2,3,5
30872,1,4,5
42886,4,1,5
65383,5,0,5
65475,5,0,5
31371,1,4,5
31367,1,4,5
31389,1,4,5
31365,1,4,5
30843,1,4,5
31363,1,4,5
30842,1,4,5
31362,1,4,5
31364,1,4,5
31147,1,4,5
65221,5,0,5
35100,4,1,5
31064,1,4,5
31356,1,4,5
65430,5,0,5
31359,1,4,5
31343,1,4,5
31055,1,4,5
31355,1,4,5
44659,3,2,5
65326,5,0,5
30876,1,4,5
65305,5,0,5
31351,1,4,5
31354,1,4,5
65342,5,0,5
30795,1,4,5
65505,5,0,5
31369,1,4,5
16196,1,4,5
8120,1,4,5
31361,1,4,5
65352,5,0,5
1959,2,3,5
1026,2,3,5
31062,1,4,5
31340,1,4,5
31334,1,4,5
31170,1,4,5
65408,5,0,5
65456,5,0,5
65440,5,0,5
31341,1,4,5
65416,5,0,5
65405,5,0,5
33467,1,4,5
31384,1,4,5
30850,1,4,5
31333,1,4,5
65386,5,0,5
30747,1,4,5
31128,1,4,5
65343,5,0,5
31332,1,4,5
30780,1,4,5
20000,1,4,5
31353,1,4,5
31394,1,4,5
37190,4,1,5
65402,5,0,5
31357,1,4,5
31374,1,4,5
65369,5,0,5
65443,5,0,5
31141,1,4,5
65453,5,0,5
65455,5,0,5
31338,1,4,5
31129,1,4,5
31344,1,4,5
42504,1,4,5
31079,1,4,5
65392,5,0,5
38963,1,4,5
65373,5,0,5
2856,2,3,5
65438,5,0,5
31414,1,4,5
31417,1,4,5
31069,1,4,5
31347,1,4,5
30966,1,4,5
43805,3,2,5
65439,5,0,5
31390,1,4,5
31368,1,4,5
30887,1,4,5
31407,1,4,5
31449,1,4,5
65465,5,0,5
37203,5,0,5
31378,1,4,5
31442,1,4,5
18640,1,4,5
31379,1,4,5
31342,1,4,5
30961,1,4,5
31409,1,4,5
31380,1,4,5
31381,1,4,5
38436,1,4,5
31382,1,4,5
30746,1,4,5
31127,1,4,5
31352,1,4,5
31345,1,4,5
30964,1,4,5
31385,1,4,5
31386,1,4,5
31387,1,4,5
31435,1,4,5
46186,1,4,5
31388,1,4,5
31424,1,4,5
65425,5,0,5
31391,1,4,5
31392,1,4,5
31350,1,4,5
31428,1,4,5
31420,1,4,5
65436,5,0,5
46475,1,4,5
31441,1,4,5
65315,5,0,5
31396,1,4,5
30739,1,4,5
31120,1,4,5
31398,1,4,5
31400,1,4,5
31337,1,4,5
31415,1,4,5
31021,1,4,5
30753,1,4,5
30738,1,4,5
31119,1,4,5
31397,1,4,5
31016,1,4,5
31403,1,4,5
31404,1,4,5
33590,1,4,5
31406,1,4,5
47604,3,2,5
31410,1,4,5
31413,1,4,5
31416,1,4,5
31418,1,4,5
30792,1,4,5
31402,1,4,5
38951,4,1,5
31421,1,4,5
31422,1,4,5
31423,1,4,5
31430,1,4,5
31431,1,4,5
6519,1,4,5
31443,1,4,5
31057,1,4,5
31360,1,4,5
65494,5,0,5
31336,1,4,5
31287,1,4,5
65414,5,0,5
30873,1,4,5
31065,1,4,5
31174,1,4,5
63629,5,0,5
31242,1,4,5
31329,1,4,5
31330,1,4,5
31061,1,4,5
31051,1,4,5
31054,1,4,5
30848,1,4,5
30849,1,4,5
31151,1,4,5
31190,1,4,5
31204,1,4,5
31208,1,4,5
31358,1,4,5
31366,1,4,5
31377,1,4,5
31158,1,4,5
32045,1,4,5
30794,1,4,5
30798,1,4,5
31309,1,4,5
31312,1,4,5
30720,1,4,5
31101,1,4,5
31104,1,4,5
30726,1,4,5
31107,1,4,5
30896,1,4,5
30899,1,4,5
30900,1,4,5
30903,1,4,5
31257,1,4,5
31260,1,4,5
31264,1,4,5
31438,1,4,5
31444,1,4,5
31446,1,4,5
63288,5,0,5
31963,1,4,5
37757,3,2,5
30742,1,4,5
31123,1,4,5
30744,1,4,5
31125,1,4,5
30913,1,4,5
30922,1,4,5
30929,1,4,5
31267,1,4,5
31272,1,4,5
31432,1,4,5
31447,1,4,5
31102,1,4,5
30725,1,4,5
31106,1,4,5
30727,1,4,5
31108,1,4,5
30729,1,4,5
31110,1,4,5
30891,1,4,5
30897,1,4,5
31226,1,4,5
31228,1,4,5
31395,1,4,5
31399,1,4,5
31405,1,4,5
30797,1,4,5
30750,1,4,5
31131,1,4,5
30755,1,4,5
31136,1,4,5
30941,1,4,5
30949,1,4,5
31278,1,4,5
31281,1,4,5
31451,1,4,5
31454,1,4,5
22628,1,4,5
31427,1,4,5
30751,1,4,5
31132,1,4,5
30909,1,4,5
30910,1,4,5
30915,1,4,5
30918,1,4,5
31253,1,4,5
31426,1,4,5
31429,1,4,5
64335,5,0,5
31026,1,4,5
31027,1,4,5
31028,1,4,5
31029,1,4,5
31030,1,4,5
31031,1,4,5
31032,1,4,5
31033,1,4,5
31034,1,4,5
31036,1,4,5
31037,1,4,5
31038,1,4,5
31039,1,4,5
31040,1,4,5
31041,1,4,5
31042,1,4,5
31044,1,4,5
31046,1,4,5
31047,1,4,5
47200,3,2,5
31049,1,4,5
31154,1,4,5
31050,1,4,5
7250,1,4,5
31052,1,4,5
31053,1,4,5
31056,1,4,5
10101,1,4,5
31058,1,4,5
31059,1,4,5
31060,1,4,5
31063,1,4,5
31066,1,4,5
31067,1,4,5
31070,1,4,5
38141,3,2,5
31071,1,4,5
31072,1,4,5
31073,1,4,5
31074,1,4,5
31075,1,4,5
31076,1,4,5
33103,1,4,5
31077,1,4,5
45406,3,2,5
31080,1,4,5
31081,1,4,5
31082,1,4,5
31084,1,4,5
31083,1,4,5
31086,1,4,5
31087,1,4,5
31088,1,4,5
31089,1,4,5
31090,1,4,5
31091,1,4,5
31092,1,4,5
31093,1,4,5
31094,1,4,5
31097,1,4,5
31099,1,4,5
31103,1,4,5
31105,1,4,5
46278,1,4,5
40817,4,1,5
31109,1,4,5
63672,5,0,5
31111,1,4,5
30730,1,4,5
13494,1,4,5
31112,1,4,5
30731,1,4,5
36699,4,1,5
31113,1,4,5
43564,1,4,5
31114,1,4,5
31115,1,4,5
31116,1,4,5
31117,1,4,5
30736,1,4,5
31118,1,4,5
31121,1,4,5
31122,1,4,5
31124,1,4,5
31126,1,4,5
31133,1,4,5
31135,1,4,5
31137,1,4,5
31138,1,4,5
31139,1,4,5
31140,1,4,5
31142,1,4,5
31143,1,4,5
31144,1,4,5
31145,1,4,5
31146,1,4,5
31148,1,4,5
31149,1,4,5
30768,1,4,5
31150,1,4,5
30769,1,4,5
31324,1,4,5
31299,1,4,5
31227,1,4,5
12932,1,4,5
7114,1,4,5
31291,1,4,5
31265,1,4,5
31328,1,4,5
30895,1,4,5
162,5,0,5
31268,1,4,5
31372,1,4,5
38836,1,4,5
31153,1,4,5
31222,1,4,5
31448,1,4,5
31440,1,4,5
31183,1,4,5
24655,1,4,5
31335,1,4,5
64711,5,0,5
30914,1,4,5
30937,1,4,5
8621,1,4,5
11797,1,4,5
31155,1,4,5
14666,1,4,5
31157,1,4,5
65113,5,0,5
48112,1,4,5
39747,5,0,5
64316,5,0,5
44694,1,4,5
64713,5,0,5
39237,3,2,5
25335,1,4,5
41308,3,2,5
45956,1,4,5
63835,5,0,5
41677,3,2,5
43553,3,2,5
33259,4,1,5
39405,4,1,5
64068,5,0,5
6511,1,4,5
1745,2,3,5
63978,5,0,5
19449,1,4,5
16630,1,4,5
10593,1,4,5
6903,1,4,5
20561,1,4,5
37652,4,1,5
18718,5,0,5
13045,5,0,5
64591,5,0,5
47542,1,4,5
48563,5,0,5
41689,3,2,5
43322,4,1,5
64949,5,0,5
48066,2,3,5
41374,1,4,5
389,5,0,5
47544,1,4,5
45075,4,1,5
43414,1,4,5
43867,3,2,5
46151,1,4,5
38236,1,4,5
41068,1,4,5
45079,1,4,5
42822,1,4,5
38186,4,1,5
45042,1,4,5
46440,1,4,5
47142,3,2,5
38733,1,4,5
46446,2,3,5
37573,4,1,5
47868,3,2,5
47464,3,2,5
63772,5,0,5
41178,1,4,5
64703,5,0,5
48855,3,2,5
37560,3,2,5
64653,5,0,5
42566,1,4,5
17716,1,4,5
18625,5,0,5
64355,5,0,5
28885,5,0,5
8626,5,0,5
16389,5,0,5
45955,5,0,5
24560,5,0,5
37325,4,1,5
43445,3,2,5
63874,5,0,5
63546,5,0,5
43845,5,0,5
16918,5,0,5
29183,5,0,5
19648,5,0,5
8605,5,0,5
24417,5,0,5
13428,5,0,5
9370,5,0,5
38625,1,4,5
47914,5,0,5
46279,3,2,5
39336,1,4,5
43718,3,2,5
44572,1,4,5
38345,1,4,5
46508,1,4,5
35255,4,1,5
47728,1,4,5
46093,1,4,5
33123,5,0,5
44483,5,0,5
64045,5,0,5
40281,2,3,5
47152,3,2,5
43300,5,0,5
38245,1,4,5
34903,5,0,5
37716,1,4,5
34949,4,1,5
6738,1,4,5
64517,5,0,5
33497,5,0,5
40044,1,4,5
48205,1,4,5
45208,1,4,5
34646,4,1,5
33104,1,4,5
37432,1,4,5
39403,1,4,5
48019,3,2,5
48422,3,2,5
39185,2,3,5
40053,1,4,5
41122,1,4,5
44312,5,0,5
38716,1,4,5
38871,3,2,5
43636,1,4,5
47569,1,4,5
32841,3,2,5
40820,3,2,5
34594,5,0,5
38514,1,4,5
39986,1,4,5
38610,3,2,5
48451,1,4,5
38797,1,4,5
64032,5,0,5
33084,1,4,5
45026,3,2,5
63716,5,0,5
47594,3,2,5
45115,3,2,5
62235,5,0,5
62242,5,0,5
62244,5,0,5
62246,5,0,5
62251,5,0,5
62262,5,0,5
62265,5,0,5
62276,5,0,5
62282,5,0,5
62305,5,0,5
62309,5,0,5
62310,5,0,5
62321,5,0,5
62333,5,0,5
62335,5,0,5
62363,5,0,5
62421,5,0,5
62430,5,0,5
62438,5,0,5
62440,5,0,5
62441,5,0,5
62448,5,0,5
62452,5,0,5
62455,5,0,5
62458,5,0,5
62461,5,0,5
62467,5,0,5
62472,5,0,5
62475,5,0,5
62476,5,0,5
62487,5,0,5
62488,5,0,5
62492,5,0,5
62493,5,0,5
62507,5,0,5
62511,5,0,5
62523,5,0,5
62524,5,0,5
62529,5,0,5
62535,5,0,5
62537,5,0,5
62538,5,0,5
62555,5,0,5
62556,5,0,5
62557,5,0,5
62564,5,0,5
62572,5,0,5
62575,5,0,5
62577,5,0,5
62580,5,0,5
62591,5,0,5
62594,5,0,5
62595,5,0,5
62596,5,0,5
62662,5,0,5
62701,5,0,5
62704,5,0,5
62771,5,0,5
62779,5,0,5
62781,5,0,5
62804,5,0,5
62806,5,0,5
62808,5,0,5
62809,5,0,5
62867,5,0,5
62871,5,0,5
62872,5,0,5
62888,5,0,5
62895,5,0,5
62899,5,0,5
62907,5,0,5
62944,5,0,5
62947,5,0,5
62950,5,0,5
62951,5,0,5
63050,5,0,5
63056,5,0,5
63062,5,0,5
63074,5,0,5
63105,5,0,5
63116,5,0,5
63125,5,0,5
63126,5,0,5
63127,5,0,5
63133,5,0,5
63137,5,0,5
63140,5,0,5
63145,5,0,5
63147,5,0,5
63148,5,0,5
63149,5,0,5
63151,5,0,5
63159,5,0,5
63173,5,0,5
63175,5,0,5
63184,5,0,5
63199,5,0,5
63202,5,0,5
63204,5,0,5
63206,5,0,5
63209,5,0,5
63214,5,0,5
63215,5,0,5
63224,5,0,5
63229,5,0,5
63238,5,0,5
63250,5,0,5
63258,5,0,5
63281,5,0,5
63283,5,0,5
63286,5,0,5
63290,5,0,5
63292,5,0,5
63313,5,0,5
63318,5,0,5
63320,5,0,5
63321,5,0,5
63325,5,0,5
63332,5,0,5
63333,5,0,5
63337,5,0,5
63339,5,0,5
63347,5,0,5
63349,5,0,5
63351,5,0,5
63353,5,0,5
63355,5,0,5
63358,5,0,5
63364,5,0,5
63415,5,0,5
63458,5,0,5
63460,5,0,5
63461,5,0,5
63471,5,0,5
63491,5,0,5
63500,5,0,5
63508,5,0,5
63516,5,0,5
63518,5,0,5
63536,5,0,5
63587,5,0,5
63603,5,0,5
63606,5,0,5
63659,5,0,5
63662,5,0,5
63678,5,0,5
63681,5,0,5
63704,5,0,5
63706,5,0,5
63722,5,0,5
63733,5,0,5
63749,5,0,5
63755,5,0,5
63757,5,0,5
63758,5,0,5
63761,5,0,5
63762,5,0,5
63764,5,0,5
63765,5,0,5
63766,5,0,5
63777,5,0,5
63784,5,0,5
63839,5,0,5
63840,5,0,5
63850,5,0,5
63861,5,0,5
63863,5,0,5
63866,5,0,5
63868,5,0,5
63873,5,0,5
63875,5,0,5
63877,5,0,5
63879,5,0,5
63920,5,0,5
64010,5,0,5
64017,5,0,5
64018,5,0,5
64021,5,0,5
64028,5,0,5
64030,5,0,5
64031,5,0,5
64033,5,0,5
64035,5,0,5
64036,5,0,5
64038,5,0,5
64049,5,0,5
64050,5,0,5
64057,5,0,5
64062,5,0,5
64064,5,0,5
64066,5,0,5
64070,5,0,5
64118,5,0,5
64119,5,0,5
64169,5,0,5
64210,5,0,5
64216,5,0,5
64256,5,0,5
64259,5,0,5
64264,5,0,5
64266,5,0,5
64286,5,0,5
64287,5,0,5
64291,5,0,5
64315,5,0,5
64321,5,0,5
64331,5,0,5
64336,5,0,5
64337,5,0,5
64348,5,0,5
64350,5,0,5
64354,5,0,5
64361,5,0,5
64364,5,0,5
64369,5,0,5
64370,5,0,5
64371,5,0,5
64382,5,0,5
64383,5,0,5
64387,5,0,5
64388,5,0,5
64389,5,0,5
64391,5,0,5
64395,5,0,5
64396,5,0,5
64402,5,0,5
64404,5,0,5
64407,5,0,5
64409,5,0,5
64417,5,0,5
64420,5,0,5
64422,5,0,5
64470,5,0,5
64487,5,0,5
64490,5,0,5
64493,5,0,5
64496,5,0,5
64504,5,0,5
64518,5,0,5
64521,5,0,5
64522,5,0,5
64533,5,0,5
64534,5,0,5
64537,5,0,5
64539,5,0,5
64541,5,0,5
64542,5,0,5
64545,5,0,5
64551,5,0,5
64552,5,0,5
64556,5,0,5
64557,5,0,5
64563,5,0,5
64567,5,0,5
64568,5,0,5
64573,5,0,5
64579,5,0,5
64582,5,0,5
64583,5,0,5
64585,5,0,5
64586,5,0,5
64593,5,0,5
64602,5,0,5
64603,5,0,5
64630,5,0,5
64632,5,0,5
64639,5,0,5
64640,5,0,5
64646,5,0,5
64650,5,0,5
64712,5,0,5
64716,5,0,5
64717,5,0,5
64718,5,0,5
64721,5,0,5
64724,5,0,5
64728,5,0,5
64753,5,0,5
64754,5,0,5
64756,5,0,5
64757,5,0,5
64761,5,0,5
64763,5,0,5
64769,5,0,5
64781,5,0,5
64782,5,0,5
64784,5,0,5
64798,5,0,5
64799,5,0,5
64801,5,0,5
64818,5,0,5
64822,5,0,5
64823,5,0,5
64825,5,0,5
64826,5,0,5
64827,5,0,5
64832,5,0,5
64834,5,0,5
64836,5,0,5
64838,5,0,5
64839,5,0,5
64863,5,0,5
64865,5,0,5
64869,5,0,5
64882,5,0,5
64883,5,0,5
64890,5,0,5
64891,5,0,5
64893,5,0,5
64894,5,0,5
64895,5,0,5
64909,5,0,5
64916,5,0,5
64920,5,0,5
64921,5,0,5
64947,5,0,5
64951,5,0,5
64952,5,0,5
64955,5,0,5
64956,5,0,5
64969,5,0,5
64974,5,0,5
64976,5,0,5
64977,5,0,5
64978,5,0,5
64979,5,0,5
64981,5,0,5
64985,5,0,5
65000,5,0,5
65001,5,0,5
65045,5,0,5
65046,5,0,5
65047,5,0,5
65048,5,0,5
65049,5,0,5
65051,5,0,5
65053,5,0,5
65055,5,0,5
65068,5,0,5
65069,5,0,5
65071,5,0,5
65077,5,0,5
65116,5,0,5
65128,5,0,5
65129,5,0,5
65130,5,0,5
65144,5,0,5
65146,5,0,5
65150,5,0,5
65151,5,0,5
65178,5,0,5
65181,5,0,5
65204,5,0,5
65220,5,0,5
65228,5,0,5
65230,5,0,5
65231,5,0,5
65243,5,0,5
65252,5,0,5
65261,5,0,5
65265,5,0,5
65268,5,0,5
65269,5,0,5
65270,5,0,5
65273,5,0,5
65274,5,0,5
65282,5,0,5
65286,5,0,5
65287,5,0,5
65288,5,0,5
65300,5,0,5
61002,5,0,5
61111,5,0,5
61186,5,0,5
61195,5,0,5
61200,5,0,5
61248,5,0,5
61250,5,0,5
61252,5,0,5
61254,5,0,5
61256,5,0,5
61257,5,0,5
61369,5,0,5
61370,5,0,5
61384,5,0,5
61418,5,0,5
61435,5,0,5
61539,5,0,5
61540,5,0,5
61548,5,0,5
61555,5,0,5
61556,5,0,5
61557,5,0,5
61568,5,0,5
61590,5,0,5
61594,5,0,5
61595,5,0,5
61597,5,0,5
61669,5,0,5
61679,5,0,5
61683,5,0,5
61684,5,0,5
61697,5,0,5
61700,5,0,5
61705,5,0,5
61714,5,0,5
61728,5,0,5
61746,5,0,5
61749,5,0,5
61751,5,0,5
61842,5,0,5
61863,5,0,5
61867,5,0,5
61905,5,0,5
61912,5,0,5
61927,5,0,5
61932,5,0,5
61937,5,0,5
61939,5,0,5
61940,5,0,5
61942,5,0,5
61975,5,0,5
61976,5,0,5
61978,5,0,5
61982,5,0,5
61983,5,0,5
61988,5,0,5
61993,5,0,5
62002,5,0,5
62006,5,0,5
62022,5,0,5
62023,5,0,5
62034,5,0,5
62035,5,0,5
62045,5,0,5
62048,5,0,5
62065,5,0,5
62066,5,0,5
62083,5,0,5
62185,5,0,5
62188,5,0,5
62189,5,0,5
62192,5,0,5
62195,5,0,5
62196,5,0,5
62197,5,0,5
12099,1,4,5
19745,1,4,5
23310,1,4,5
47402,3,1,4
45968,1,3,4
44783,1,3,4
38831,4,0,4
38289,1,3,4
37720,1,3,4
36213,4,0,4
5697,1,3,4
37636,1,3,4
46380,1,3,4
41072,1,3,4
43169,1,3,4
36568,4,0,4
7708,1,3,4
6701,1,3,4
47474,1,3,4
37833,3,1,4
38775,3,1,4
45290,1,3,4
46148,1,3,4
38781,1,3,4
39093,1,3,4
5900,1,3,4
38560,1,3,4
6973,1,3,4
46102,3,1,4
6792,1,3,4
46026,1,3,4
6107,1,3,4
32987,3,1,4
1419,2,2,4
38150,3,1,4
36700,4,0,4
6898,1,3,4
1820,2,2,4
2017,2,2,4
36665,4,0,4
6604,1,3,4
5288,1,3,4
6429,1,3,4
5282,1,3,4
6387,1,3,4
5230,1,3,4
5001,1,3,4
5191,1,3,4
5189,1,3,4
37740,1,3,4
1486,2,2,4
5177,1,3,4
6591,1,3,4
31205,1,3,4
46938,3,1,4
5169,1,3,4
33298,1,3,4
1950,2,2,4
1927,2,2,4
33238,3,1,4
5264,1,3,4
1347,2,2,4
1263,2,2,4
733,2,2,4
1281,2,2,4
19829,1,3,4
5148,1,3,4
1656,2,2,4
5292,1,3,4
1999,2,2,4
1507,2,2,4
31503,1,3,4
14438,1,3,4
14428,1,3,4
21135,1,3,4
6658,1,3,4
12458,1,3,4
5226,1,3,4
32354,1,3,4
38678,1,3,4
32676,1,3,4
21381,1,3,4
43336,1,3,4
6568,1,3,4
7864,1,3,4
5826,1,3,4
5322,1,3,4
31482,1,3,4
2707,2,2,4
37471,3,1,4
7124,1,3,4
2720,2,2,4
13394,1,3,4
38779,1,3,4
5428,1,3,4
18061,1,3,4
17636,1,3,4
23665,1,3,4
12864,1,3,4
5411,1,3,4
1101,2,2,4
38555,1,3,4
41082,3,1,4
1457,2,2,4
6468,1,3,4
6760,1,3,4
6708,1,3,4
13920,1,3,4
6237,1,3,4
5327,1,3,4
6884,1,3,4
37367,1,3,4
6999,1,3,4
2868,2,2,4
2059,2,2,4
2951,2,2,4
1844,2,2,4
42222,1,3,4
6531,1,3,4
5438,1,3,4
1049,2,2,4
31512,1,3,4
5340,1,3,4
39102,1,3,4
5303,1,3,4
1840,2,2,4
46145,1,3,4
5263,1,3,4
6885,1,3,4
18091,1,3,4
45510,1,3,4
38661,3,1,4
5363,1,3,4
5087,1,3,4
37869,3,1,4
39993,1,3,4
6741,1,3,4
5376,1,3,4
5262,1,3,4
33383,1,3,4
28085,1,3,4
19859,1,3,4
1316,2,2,4
5453,1,3,4
1727,2,2,4
23453,1,3,4
1195,2,2,4
5063,1,3,4
7917,1,3,4
7353,1,3,4
10358,1,3,4
21387,1,3,4
24506,1,3,4
33224,1,3,4
33534,1,3,4
5084,1,3,4
36955,4,0,4
14690,1,3,4
5571,1,3,4
5040,1,3,4
44956,1,3,4
7697,1,3,4
5098,1,3,4
16678,1,3,4
7634,1,3,4
5101,1,3,4
5108,1,3,4
5217,1,3,4
44396,1,3,4
2943,2,2,4
43745,2,2,4
1438,2,2,4
23113,1,3,4
28088,1,3,4
6687,1,3,4
36326,4,0,4
6515,1,3,4
33559,1,3,4
6655,1,3,4
6962,1,3,4
33354,1,3,4
36421,4,0,4
39976,1,3,4
6471,1,3,4
6512,1,3,4
7169,2,2,4
1240,2,2,4
37414,1,3,4
6733,1,3,4
1602,2,2,4
47410,3,1,4
33684,1,3,4
43147,3,1,4
37996,3,1,4
47190,1,3,4
7431,1,3,4
8145,1,3,4
6707,1,3,4
7881,1,3,4
6621,1,3,4
7778,1,3,4
1130,2,2,4
8101,1,3,4
6912,1,3,4
7115,1,3,4
7916,1,3,4
7756,1,3,4
45953,2,2,4
47204,2,2,4
8124,1,3,4
8123,1,3,4
33406,3,1,4
48462,1,3,4
47202,1,3,4
5608,1,3,4
45096,3,1,4
7710,1,3,4
37355,1,3,4
41199,3,1,4
13619,1,3,4
47222,1,3,4
7670,1,3,4
33555,1,3,4
7801,1,3,4
43438,3,1,4
7779,1,3,4
39067,3,1,4
39809,1,3,4
13115,1,3,4
6482,1,3,4
25415,1,3,4
39197,1,3,4
6651,1,3,4
47634,1,3,4
37914,3,1,4
6284,1,3,4
39868,1,3,4
47707,1,3,4
11380,1,3,4
6730,1,3,4
6453,1,3,4
6495,1,3,4
42250,4,0,4
6000,1,3,4
21615,1,3,4
14645,1,3,4
14132,1,3,4
6540,1,3,4
33444,1,3,4
43940,1,3,4
32060,4,0,4
42902,4,0,4
37406,4,0,4
37525,4,0,4
7564,1,3,4
33022,3,1,4
6726,1,3,4
2750,2,2,4
37785,1,3,4
40023,1,3,4
1987,2,2,4
6491,1,3,4
47380,3,1,4
33082,1,3,4
42451,1,3,4
46316,1,3,4
47610,1,3,4
45803,1,3,4
37514,1,3,4
19819,1,3,4
47672,1,3,4
41235,1,3,4
6455,1,3,4
6274,1,3,4
45964,1,3,4
39155,1,3,4
37307,1,3,4
6827,1,3,4
6479,1,3,4
43393,1,3,4
6503,1,3,4
44606,1,3,4
6498,1,3,4
33669,3,1,4
47314,1,3,4
38780,1,3,4
40307,2,2,4
33090,1,3,4
37951,3,1,4
33379,3,1,4
46296,1,3,4
6720,1,3,4
6722,1,3,4
38428,1,3,4
6749,1,3,4
46123,1,3,4
37583,1,3,4
47170,1,3,4
47245,3,1,4
6353,1,3,4
6385,1,3,4
38580,1,3,4
40227,1,3,4
34207,4,0,4
47531,1,3,4
43288,1,3,4
41109,1,3,4
43415,1,3,4
48596,3,1,4
39017,1,3,4
33664,1,3,4
47111,1,3,4
45038,3,1,4
21047,1,3,4
1060,2,2,4
1225,2,2,4
14620,1,3,4
17792,1,3,4
48076,1,2,3
46266,1,2,3
45037,3,0,3
43683,2,1,3
40202,3,0,3
38621,2,1,3
38048,3,0,3
29248,1,2,3
28721,1,2,3
37388,1,2,3
1682,2,1,3
43507,1,2,3
12323,1,2,3
47398,1,2,3
43606,1,2,3
27507,3,0,3
43981,1,2,3
1424,2,1,3
2664,2,1,3
1694,2,1,3
1888,2,1,3
47414,1,2,3
44071,1,2,3
41976,1,2,3
43562,3,0,3
1854,2,1,3
14354,1,2,3
28605,1,2,3
7550,1,2,3
11235,1,2,3
9599,1,2,3
8186,1,2,3
5796,1,2,3
1742,2,1,3
42884,1,2,3
9919,1,2,3
16112,1,2,3
5770,1,2,3
1698,2,1,3
2409,2,1,3
10814,1,2,3
16404,1,2,3
7098,1,2,3
38485,1,2,3
8007,1,2,3
1909,2,1,3
37942,1,2,3
39209,1,2,3
14131,1,2,3
1462,2,1,3
43479,1,2,3
17159,1,2,3
43407,1,2,3
1089,2,1,3
15784,1,2,3
16415,1,2,3
7294,1,2,3
13007,1,2,3
7469,1,2,3
1583,2,1,3
48841,3,0,3
38668,1,2,3
14899,1,2,3
14075,1,2,3
1870,2,1,3
1417,2,1,3
7423,1,2,3
2303,2,1,3
3038,2,1,3
8157,1,2,3
1134,2,1,3
7774,1,2,3
7908,1,2,3
16855,1,2,3
7073,1,2,3
41168,1,2,3
1234,2,1,3
32436,1,2,3
6133,1,2,3
6955,1,2,3
17273,1,2,3
5943,1,2,3
28677,1,2,3
5294,1,2,3
5290,1,2,3
5286,1,2,3
5278,1,2,3
5273,1,2,3
5274,1,2,3
5271,1,2,3
5272,1,2,3
39233,1,2,3
5269,1,2,3
5267,1,2,3
5265,1,2,3
5266,1,2,3
5612,1,2,3
5261,1,2,3
5259,1,2,3
5257,1,2,3
5258,1,2,3
6079,1,2,3
5255,1,2,3
5256,1,2,3
5254,1,2,3
5251,1,2,3
5252,1,2,3
5250,1,2,3
5247,1,2,3
5248,1,2,3
5246,1,2,3
5243,1,2,3
16407,1,2,3
5239,1,2,3
5238,1,2,3
5236,1,2,3
5233,1,2,3
5234,1,2,3
5231,1,2,3
5232,1,2,3
5229,1,2,3
5227,1,2,3
5225,1,2,3
5221,1,2,3
5219,1,2,3
5220,1,2,3
5218,1,2,3
21656,1,2,3
5215,1,2,3
1587,2,1,3
1579,2,1,3
5211,1,2,3
5209,1,2,3
5210,1,2,3
5205,1,2,3
8020,1,2,3
5203,1,2,3
5201,1,2,3
5202,1,2,3
5199,1,2,3
5200,1,2,3
5197,1,2,3
5966,1,2,3
5196,1,2,3
2200,2,1,3
5891,1,2,3
2190,2,1,3
5193,1,2,3
26817,1,2,3
2024,2,1,3
1596,2,1,3
7123,1,2,3
5192,1,2,3
5190,1,2,3
45394,1,2,3
7660,1,2,3
21406,1,2,3
5187,1,2,3
5188,1,2,3
5244,1,2,3
13405,1,2,3
1874,2,1,3
31215,1,2,3
5183,1,2,3
1553,2,1,3
5194,1,2,3
5181,1,2,3
5182,1,2,3
5180,1,2,3
5178,1,2,3
5175,1,2,3
5176,1,2,3
31206,1,2,3
2255,2,1,3
5279,1,2,3
7827,1,2,3
5172,1,2,3
1613,2,1,3
5249,1,2,3
29754,1,2,3
5170,1,2,3
5270,1,2,3
1096,2,1,3
7745,1,2,3
5167,1,2,3
2277,2,1,3
1442,2,1,3
5165,1,2,3
2001,2,1,3
1964,2,1,3
1951,2,1,3
2728,2,1,3
1949,2,1,3
1934,2,1,3
1914,2,1,3
2678,2,1,3
1899,2,1,3
1734,2,1,3
1717,2,1,3
1700,2,1,3
1135,2,1,3
2325,2,1,3
1436,2,1,3
1423,2,1,3
1403,2,1,3
1398,2,1,3
1380,2,1,3
1338,2,1,3
1202,2,1,3
1199,2,1,3
1210,2,1,3
1207,2,1,3
1984,2,1,3
1776,2,1,3
5159,1,2,3
2107,2,1,3
7737,1,2,3
5156,1,2,3
5157,1,2,3
1346,2,1,3
5214,1,2,3
5154,1,2,3
5155,1,2,3
31613,1,2,3
7138,1,2,3
1065,2,1,3
5150,1,2,3
5268,1,2,3
5149,1,2,3
6915,1,2,3
5146,1,2,3
5147,1,2,3
5207,1,2,3
2207,2,1,3
6324,1,2,3
12066,1,2,3
1881,2,1,3
5140,1,2,3
5141,1,2,3
1390,2,1,3
5138,1,2,3
5139,1,2,3
5242,1,2,3
2000,2,1,3
1219,2,1,3
5164,1,2,3
5137,1,2,3
5134,1,2,3
19757,1,2,3
5144,1,2,3
2715,2,1,3
1375,2,1,3
9660,1,2,3
17560,1,2,3
5132,1,2,3
5133,1,2,3
1764,2,1,3
21165,1,2,3
1090,2,1,3
8414,1,2,3
5179,1,2,3
5130,1,2,3
5131,1,2,3
5174,1,2,3
5168,1,2,3
5135,1,2,3
19881,1,2,3
16969,1,2,3
18089,1,2,3
31509,1,2,3
31508,1,2,3
5241,1,2,3
5543,1,2,3
5162,1,2,3
1425,2,1,3
1487,2,1,3
1625,2,1,3
31504,1,2,3
5437,1,2,3
6782,1,2,3
5235,1,2,3
5511,1,2,3
31501,1,2,3
31505,1,2,3
18019,1,2,3
13369,1,2,3
31500,1,2,3
7263,1,2,3
5216,1,2,3
5416,1,2,3
31507,1,2,3
31498,1,2,3
7060,1,2,3
5213,1,2,3
5212,1,2,3
5198,1,2,3
5195,1,2,3
5204,1,2,3
5583,1,2,3
13402,1,2,3
6320,1,2,3
5434,1,2,3
5417,1,2,3
5410,1,2,3
5364,1,2,3
5646,1,2,3
14406,1,2,3
5409,1,2,3
31496,1,2,3
31477,1,2,3
31476,1,2,3
31475,1,2,3
29228,1,2,3
33660,1,2,3
7805,1,2,3
5440,1,2,3
24822,1,2,3
6921,1,2,3
31513,1,2,3
7005,1,2,3
20388,1,2,3
1043,2,1,3
28811,1,2,3
6956,1,2,3
28222,1,2,3
1871,2,1,3
8329,1,2,3
1747,2,1,3
5361,1,2,3
14872,1,2,3
8153,1,2,3
7946,1,2,3
2329,2,1,3
1566,2,1,3
31465,1,2,3
5459,1,2,3
31510,1,2,3
1224,2,1,3
31493,1,2,3
5300,1,2,3
5391,1,2,3
5100,1,2,3
31478,1,2,3
5171,1,2,3
7301,1,2,3
31491,1,2,3
5245,1,2,3
5497,1,2,3
8147,1,2,3
5185,1,2,3
8150,1,2,3
5145,1,2,3
31487,1,2,3
5078,1,2,3
1962,2,1,3
33449,1,2,3
2701,2,1,3
1379,2,1,3
1110,2,1,3
31492,1,2,3
31484,1,2,3
9257,1,2,3
31481,1,2,3
1066,2,1,3
8006,1,2,3
1941,2,1,3
7510,1,2,3
1933,2,1,3
29135,1,2,3
31474,1,2,3
5339,1,2,3
5433,1,2,3
31473,1,2,3
2311,2,1,3
10340,1,2,3
31471,1,2,3
5432,1,2,3
5260,1,2,3
5166,1,2,3
31468,1,2,3
5350,1,2,3
1645,2,1,3
5427,1,2,3
31466,1,2,3
31464,1,2,3
31463,1,2,3
31462,1,2,3
31461,1,2,3
5423,1,2,3
5284,1,2,3
5314,1,2,3
31467,1,2,3
5421,1,2,3
5420,1,2,3
5306,1,2,3
31458,1,2,3
5309,1,2,3
2036,2,1,3
2109,2,1,3
5418,1,2,3
2298,2,1,3
1912,2,1,3
7513,1,2,3
2389,2,1,3
1349,2,1,3
31456,1,2,3
1661,2,1,3
5034,1,2,3
5407,1,2,3
25167,1,2,3
5414,1,2,3
31490,1,2,3
2706,2,1,3
32052,1,2,3
31457,1,2,3
1609,2,1,3
5412,1,2,3
31479,1,2,3
47306,1,2,3
6925,1,2,3
5369,1,2,3
2383,2,1,3
5672,1,2,3
5067,1,2,3
5408,1,2,3
15158,1,2,3
7166,1,2,3
5338,1,2,3
2003,2,1,3
17947,1,2,3
1233,2,1,3
5396,1,2,3
2776,2,1,3
5335,1,2,3
31469,1,2,3
1736,2,1,3
5038,1,2,3
5074,1,2,3
5451,1,2,3
5329,1,2,3
5430,1,2,3
5448,1,2,3
1924,2,1,3
5473,1,2,3
32297,1,2,3
33657,1,2,3
2988,2,1,3
5328,1,2,3
5281,1,2,3
2876,2,1,3
5980,1,2,3
31488,1,2,3
5393,1,2,3
5047,1,2,3
5326,1,2,3
5321,1,2,3
5422,1,2,3
5283,1,2,3
28600,1,2,3
2405,2,1,3
1643,2,1,3
5442,1,2,3
1369,2,1,3
2037,2,1,3
1476,2,1,3
5337,1,2,3
13091,1,2,3
2458,2,1,3
25552,1,2,3
1563,2,1,3
5151,1,2,3
5018,1,2,3
31489,1,2,3
1626,2,1,3
12668,1,2,3
5406,1,2,3
24688,1,2,3
20322,1,2,3
1842,2,1,3
5028,1,2,3
5317,1,2,3
2175,2,1,3
5465,1,2,3
5298,1,2,3
19187,1,2,3
2755,2,1,3
5450,1,2,3
9661,1,2,3
5436,1,2,3
5302,1,2,3
5389,1,2,3
2737,2,1,3
2430,2,1,3
5310,1,2,3
5331,1,2,3
5299,1,2,3
5297,1,2,3
5304,1,2,3
1588,2,1,3
1520,2,1,3
1666,2,1,3
1791,2,1,3
1636,2,1,3
5107,1,2,3
5330,1,2,3
1535,2,1,3
5386,1,2,3
5385,1,2,3
1137,2,1,3
2359,2,1,3
1961,2,1,3
5344,1,2,3
5388,1,2,3
18299,1,2,3
20808,1,2,3
31495,1,2,3
19460,1,2,3
1604,2,1,3
2460,2,1,3
15220,1,2,3
5163,1,2,3
21779,1,2,3
5308,1,2,3
2926,2,1,3
7338,1,2,3
1509,2,1,3
1650,2,1,3
1884,2,1,3
5153,1,2,3
2734,2,1,3
5142,1,2,3
5461,1,2,3
5044,1,2,3
5152,1,2,3
5136,1,2,3
18497,1,2,3
20812,1,2,3
5458,1,2,3
5077,1,2,3
19501,1,2,3
2667,2,1,3
5296,1,2,3
7428,1,2,3
31483,1,2,3
5349,1,2,3
9995,1,2,3
7681,1,2,3
5472,1,2,3
11359,1,2,3
5021,1,2,3
5160,1,2,3
1402,2,1,3
31460,1,2,3
1153,2,1,3
2763,2,1,3
1321,2,1,3
1554,2,1,3
5474,1,2,3
5382,1,2,3
15117,1,2,3
5439,1,2,3
7793,1,2,3
5334,1,2,3
5435,1,2,3
2071,2,1,3
2402,2,1,3
2385,2,1,3
22959,1,2,3
5002,1,2,3
11391,1,2,3
5045,1,2,3
5323,1,2,3
15654,1,2,3
31480,1,2,3
5053,1,2,3
1778,2,1,3
5312,1,2,3
5036,1,2,3
2793,2,1,3
5356,1,2,3
2496,2,1,3
19380,1,2,3
1889,2,1,3
7526,1,2,3
5316,1,2,3
5315,1,2,3
5449,1,2,3
5342,1,2,3
5341,1,2,3
6135,1,2,3
1869,2,1,3
48518,1,2,3
5158,1,2,3
5400,1,2,3
5429,1,2,3
5468,1,2,3
5051,1,2,3
5345,1,2,3
5081,1,2,3
5359,1,2,3
19342,1,2,3
1063,2,1,3
5128,1,2,3
5324,1,2,3
6873,1,2,3
17408,1,2,3
17642,1,2,3
5348,1,2,3
10121,1,2,3
5020,1,2,3
5402,1,2,3
5424,1,2,3
10144,1,2,3
5456,1,2,3
6340,1,2,3
2398,2,1,3
1692,2,1,3
2863,2,1,3
5352,1,2,3
7462,1,2,3
5457,1,2,3
12696,1,2,3
5354,1,2,3
19259,1,2,3
11369,1,2,3
21058,1,2,3
23031,1,2,3
5375,1,2,3
10884,1,2,3
5042,1,2,3
29977,1,2,3
5403,1,2,3
5358,1,2,3
31485,1,2,3
5360,1,2,3
5379,1,2,3
5460,1,2,3
5319,1,2,3
5280,1,2,3
5362,1,2,3
5116,1,2,3
28240,1,2,3
5462,1,2,3
1422,2,1,3
1098,2,1,3
10627,1,2,3
5470,1,2,3
7920,1,2,3
12224,1,2,3
5366,1,2,3
1269,2,1,3
5463,1,2,3
5046,1,2,3
5346,1,2,3
5464,1,2,3
5368,1,2,3
5367,1,2,3
1654,2,1,3
2972,2,1,3
5277,1,2,3
24441,1,2,3
2291,2,1,3
5092,1,2,3
5370,1,2,3
2016,2,1,3
5413,1,2,3
5275,1,2,3
5415,1,2,3
7361,1,2,3
5372,1,2,3
5371,1,2,3
31502,1,2,3
17768,1,2,3
5096,1,2,3
5374,1,2,3
5373,1,2,3
5466,1,2,3
5049,1,2,3
5318,1,2,3
5320,1,2,3
5394,1,2,3
5467,1,2,3
5070,1,2,3
5378,1,2,3
5377,1,2,3
5455,1,2,3
5380,1,2,3
5405,1,2,3
5332,1,2,3
5054,1,2,3
5333,1,2,3
1904,2,1,3
5103,1,2,3
5381,1,2,3
5347,1,2,3
5069,1,2,3
5106,1,2,3
5336,1,2,3
5240,1,2,3
5186,1,2,3
5390,1,2,3
11831,1,2,3
5060,1,2,3
5392,1,2,3
5452,1,2,3
5118,1,2,3
5120,1,2,3
5017,1,2,3
5399,1,2,3
5444,1,2,3
5401,1,2,3
5404,1,2,3
28495,1,2,3
5023,1,2,3
31486,1,2,3
1274,2,1,3
5471,1,2,3
5426,1,2,3
29877,1,2,3
1331,2,1,3
31511,1,2,3
5311,1,2,3
17305,1,2,3
1371,2,1,3
1396,2,1,3
32125,1,2,3
1363,2,1,3
5052,1,2,3
21133,1,2,3
7562,1,2,3
24324,1,2,3
9284,1,2,3
31516,1,2,3
17708,1,2,3
1163,2,1,3
1547,2,1,3
1169,2,1,3
1172,2,1,3
1344,2,1,3
5068,1,2,3
5073,1,2,3
5076,1,2,3
5079,1,2,3
1055,2,1,3
1141,2,1,3
5071,1,2,3
5476,1,2,3
5475,1,2,3
5237,1,2,3
31472,1,2,3
1327,2,1,3
5059,1,2,3
5062,1,2,3
5065,1,2,3
5173,1,2,3
5184,1,2,3
5365,1,2,3
23089,1,2,3
25163,1,2,3
11354,1,2,3
28333,1,2,3
15215,1,2,3
1395,2,1,3
1036,2,1,3
1145,2,1,3
1156,2,1,3
1214,2,1,3
31514,1,2,3
5003,1,2,3
5004,1,2,3
22815,1,2,3
8027,1,2,3
31459,1,2,3
32193,1,2,3
1601,2,1,3
1178,2,1,3
2127,2,1,3
18368,1,2,3
5161,1,2,3
5343,1,2,3
7671,1,2,3
2102,2,1,3
1329,2,1,3
5064,1,2,3
1610,2,1,3
2468,2,1,3
5014,1,2,3
5005,1,2,3
5072,1,2,3
5016,1,2,3
5007,1,2,3
5006,1,2,3
5009,1,2,3
5008,1,2,3
5011,1,2,3
5010,1,2,3
2597,2,1,3
5013,1,2,3
5383,1,2,3
5384,1,2,3
1493,2,1,3
5019,1,2,3
5276,1,2,3
1392,2,1,3
5305,1,2,3
5022,1,2,3
5025,1,2,3
5024,1,2,3
19114,1,2,3
5027,1,2,3
5026,1,2,3
5431,1,2,3
5029,1,2,3
11325,1,2,3
5285,1,2,3
5031,1,2,3
5030,1,2,3
15469,1,2,3
5033,1,2,3
5032,1,2,3
16177,1,2,3
5035,1,2,3
5114,1,2,3
5295,1,2,3
5037,1,2,3
5039,1,2,3
5041,1,2,3
5043,1,2,3
24412,1,2,3
10015,1,2,3
5080,1,2,3
5048,1,2,3
5050,1,2,3
21409,1,2,3
6242,1,2,3
5469,1,2,3
5055,1,2,3
5057,1,2,3
5056,1,2,3
5061,1,2,3
1433,2,1,3
13700,1,2,3
39707,1,2,3
5398,1,2,3
5066,1,2,3
1468,2,1,3
44688,1,2,3
29429,1,2,3
5075,1,2,3
5105,1,2,3
5446,1,2,3
12564,1,2,3
1464,2,1,3
17774,1,2,3
1439,2,1,3
5083,1,2,3
5082,1,2,3
5443,1,2,3
5085,1,2,3
5307,1,2,3
19296,1,2,3
5086,1,2,3
5089,1,2,3
5088,1,2,3
7083,1,2,3
5091,1,2,3
5093,1,2,3
5095,1,2,3
5094,1,2,3
5097,1,2,3
5099,1,2,3
1691,2,1,3
20610,1,2,3
5102,1,2,3
5104,1,2,3
8175,1,2,3
24135,1,2,3
5109,1,2,3
5111,1,2,3
5110,1,2,3
29608,1,2,3
5454,1,2,3
13611,1,2,3
5113,1,2,3
5112,1,2,3
5387,1,2,3
5115,1,2,3
16910,1,2,3
7893,1,2,3
5119,1,2,3
5289,1,2,3
28596,1,2,3
7096,1,2,3
5123,1,2,3
5122,1,2,3
7267,1,2,3
5127,1,2,3
5293,1,2,3
6787,1,2,3
15135,1,2,3
10532,1,2,3
23448,1,2,3
31494,1,2,3
22703,1,2,3
14424,1,2,3
11265,1,2,3
1413,2,1,3
28466,1,2,3
25476,1,2,3
5125,1,2,3
5124,1,2,3
2478,2,1,3
10916,1,2,3
16778,1,2,3
8579,1,2,3
5126,1,2,3
11677,1,2,3
21324,1,2,3
32158,1,2,3
5129,1,2,3
16682,1,2,3
2880,2,1,3
32101,1,2,3
7111,1,2,3
2083,2,1,3
6112,1,2,3
37342,3,0,3
7057,1,2,3
2480,2,1,3
7802,1,2,3
5521,1,2,3
5995,1,2,3
8023,1,2,3
6141,1,2,3
9227,1,2,3
19321,1,2,3
18274,1,2,3
24978,1,2,3
7429,1,2,3
32501,1,2,3
1287,2,1,3
7481,1,2,3
7962,1,2,3
5851,1,2,3
7519,1,2,3
7463,1,2,3
18120,1,2,3
10112,1,2,3
7990,1,2,3
8176,1,2,3
6134,1,2,3
7999,1,2,3
8001,1,2,3
2471,2,1,3
8039,1,2,3
8016,1,2,3
25456,1,2,3
5993,1,2,3
8044,1,2,3
33353,1,2,3
7437,1,2,3
18084,1,2,3
24277,1,2,3
5558,1,2,3
33156,1,2,3
8065,1,2,3
47548,1,2,3
15204,1,2,3
1835,2,1,3
2295,2,1,3
6010,1,2,3
7808,1,2,3
10933,1,2,3
12894,1,2,3
1598,2,1,3
20947,1,2,3
18991,1,2,3
23182,1,2,3
21342,1,2,3
19326,1,2,3
21733,1,2,3
19925,1,2,3
25541,1,2,3
21271,1,2,3
24730,1,2,3
14516,1,2,3
12222,1,2,3
11270,1,2,3
16048,1,2,3
15994,1,2,3
10048,1,2,3
14843,1,2,3
17362,1,2,3
5746,1,2,3
20651,1,2,3
11222,1,2,3
21437,1,2,3
32183,1,2,3
8195,1,2,3
11373,1,2,3
12286,1,2,3
17895,1,2,3
20476,1,2,3
25076,1,2,3
19898,1,2,3
17046,1,2,3
32187,1,2,3
20780,1,2,3
2826,2,1,3
28262,1,2,3
1497,2,1,3
1093,2,1,3
17131,1,2,3
10141,1,2,3
10002,1,2,3
8096,1,2,3
1804,2,1,3
21426,1,2,3
14464,1,2,3
19899,1,2,3
22400,1,2,3
2358,2,1,3
11574,1,2,3
6365,1,2,3
7473,1,2,3
7842,1,2,3
8113,1,2,3
23649,1,2,3
2716,2,1,3
7900,1,2,3
31761,1,2,3
7770,1,2,3
24572,1,2,3
5654,1,2,3
5509,1,2,3
7496,1,2,3
6239,1,2,3
7748,1,2,3
41900,1,2,3
22304,1,2,3
5693,1,2,3
20255,1,2,3
6902,1,2,3
5499,1,2,3
8146,1,2,3
5535,1,2,3
8178,1,2,3
8183,1,2,3
17490,1,2,3
7650,1,2,3
2221,2,1,3
7686,1,2,3
47390,2,1,3
7717,1,2,3
7742,1,2,3
7763,1,2,3
47968,1,2,3
7788,1,2,3
7790,1,2,3
48883,1,2,3
38798,3,0,3
7836,1,2,3
1534,2,1,3
43775,1,2,3
2652,2,1,3
7841,1,2,3
45157,1,2,3
7859,1,2,3
6278,1,2,3
5525,1,2,3
24718,1,2,3
39118,1,2,3
5798,1,2,3
25273,1,2,3
17986,1,2,3
5666,1,2,3
10638,1,2,3
7894,1,2,3
7899,1,2,3
1539,2,1,3
43382,1,2,3
24008,1,2,3
7339,1,2,3
38335,1,2,3
6934,1,2,3
7367,1,2,3
7370,1,2,3
7375,1,2,3
7121,1,2,3
7396,1,2,3
38651,1,2,3
7409,1,2,3
11304,1,2,3
37434,1,2,3
7445,1,2,3
2420,2,1,3
13344,1,2,3
6216,1,2,3
17082,1,2,3
12820,1,2,3
2946,2,1,3
42184,2,1,3
7482,1,2,3
38464,2,1,3
7493,1,2,3
11485,1,2,3
11067,1,2,3
10488,1,2,3
28378,1,2,3
6968,1,2,3
5701,1,2,3
15238,1,2,3
10526,1,2,3
32049,1,2,3
10225,1,2,3
29300,1,2,3
8888,1,2,3
7039,1,2,3
5652,1,2,3
23875,1,2,3
24579,1,2,3
25394,1,2,3
13112,1,2,3
13448,1,2,3
17377,1,2,3
18365,1,2,3
2122,2,1,3
13367,1,2,3
13157,1,2,3
24933,1,2,3
47552,1,2,3
5584,1,2,3
9681,1,2,3
13366,1,2,3
12897,1,2,3
25189,1,2,3
14436,1,2,3
25442,1,2,3
2400,2,1,3
17068,1,2,3
7239,1,2,3
14384,1,2,3
7009,1,2,3
24888,1,2,3
13922,1,2,3
13665,1,2,3
25392,1,2,3
14180,1,2,3
10275,1,2,3
1270,2,1,3
25648,1,2,3
12081,1,2,3
25444,1,2,3
25446,1,2,3
13104,1,2,3
6888,1,2,3
14643,1,2,3
13155,1,2,3
13876,1,2,3
24883,1,2,3
25393,1,2,3
24934,1,2,3
14647,1,2,3
12340,1,2,3
13880,1,2,3
7521,1,2,3
12597,1,2,3
14644,1,2,3
12079,1,2,3
16911,1,2,3
25655,1,2,3
1312,2,1,3
37992,1,2,3
16040,1,2,3
38094,1,2,3
38313,1,2,3
20389,1,2,3
13120,1,2,3
6797,1,2,3
2732,2,1,3
2105,2,1,3
1262,2,1,3
46374,1,2,3
1641,2,1,3
5957,1,2,3
1313,2,1,3
5779,1,2,3
8695,1,2,3
1976,2,1,3
1978,2,1,3
6847,1,2,3
47688,1,2,3
1618,2,1,3
7599,1,2,3
37423,1,2,3
39813,1,2,3
14434,3,0,3
1128,2,1,3
1247,2,1,3
25605,1,2,3
19888,1,2,3
6094,1,2,3
25432,1,2,3
7104,1,2,3
7109,1,2,3
5544,1,2,3
19682,1,2,3
22828,1,2,3
7130,1,2,3
7132,1,2,3
15485,1,2,3
6976,1,2,3
6318,1,2,3
10450,1,2,3
25049,1,2,3
28993,1,2,3
28289,1,2,3
7006,1,2,3
1082,2,1,3
19976,1,2,3
15795,1,2,3
1812,2,1,3
16197,1,2,3
15883,1,2,3
32979,1,2,3
48088,1,2,3
7229,1,2,3
7238,1,2,3
5960,1,2,3
8719,1,2,3
5873,1,2,3
24083,1,2,3
7251,1,2,3
5486,1,2,3
7254,1,2,3
15336,1,2,3
7306,1,2,3
7337,1,2,3
7336,1,2,3
9204,1,2,3
5742,1,2,3
6751,1,2,3
6750,1,2,3
6753,1,2,3
6752,1,2,3
6755,1,2,3
6754,1,2,3
6757,1,2,3
6756,1,2,3
6759,1,2,3
6758,1,2,3
6761,1,2,3
6775,1,2,3
43406,1,2,3
9447,1,2,3
6897,1,2,3
9791,1,2,3
6181,1,2,3
9165,1,2,3
25561,1,2,3
14991,1,2,3
6833,1,2,3
2284,2,1,3
6848,1,2,3
24397,1,2,3
19210,1,2,3
13190,1,2,3
18499,1,2,3
6877,1,2,3
6905,1,2,3
5553,1,2,3
14575,1,2,3
7017,1,2,3
18516,1,2,3
6470,1,2,3
6469,1,2,3
6472,1,2,3
6474,1,2,3
6473,1,2,3
6476,1,2,3
6475,1,2,3
6478,1,2,3
6477,1,2,3
6480,1,2,3
6481,1,2,3
6484,1,2,3
6483,1,2,3
6486,1,2,3
6485,1,2,3
6488,1,2,3
6487,1,2,3
6490,1,2,3
6489,1,2,3
6492,1,2,3
6493,1,2,3
6496,1,2,3
6497,1,2,3
6500,1,2,3
6499,1,2,3
6121,1,2,3
6502,1,2,3
6501,1,2,3
6504,1,2,3
6506,1,2,3
6505,1,2,3
6508,1,2,3
6507,1,2,3
5515,1,2,3
6510,1,2,3
6509,1,2,3
6514,1,2,3
6513,1,2,3
6518,1,2,3
6517,1,2,3
6520,1,2,3
6522,1,2,3
6521,1,2,3
6524,1,2,3
6523,1,2,3
6526,1,2,3
6525,1,2,3
10138,1,2,3
6528,1,2,3
6527,1,2,3
43455,3,0,3
6530,1,2,3
6529,1,2,3
6532,1,2,3
6534,1,2,3
6533,1,2,3
6536,1,2,3
6535,1,2,3
6538,1,2,3
6537,1,2,3
6539,1,2,3
6542,1,2,3
6541,1,2,3
6544,1,2,3
6543,1,2,3
6546,1,2,3
6545,1,2,3
6548,1,2,3
6547,1,2,3
6550,1,2,3
6549,1,2,3
6552,1,2,3
6551,1,2,3
20262,1,2,3
6554,1,2,3
6553,1,2,3
6556,1,2,3
6555,1,2,3
6558,1,2,3
6557,1,2,3
6560,1,2,3
6559,1,2,3
6562,1,2,3
6561,1,2,3
6564,1,2,3
6563,1,2,3
6566,1,2,3
6567,1,2,3
6565,1,2,3
6569,1,2,3
6571,1,2,3
6570,1,2,3
6573,1,2,3
6572,1,2,3
6575,1,2,3
6574,1,2,3
6577,1,2,3
6576,1,2,3
43227,1,2,3
6579,1,2,3
6578,1,2,3
6581,1,2,3
6580,1,2,3
6583,1,2,3
6582,1,2,3
6585,1,2,3
6584,1,2,3
6587,1,2,3
6586,1,2,3
6589,1,2,3
6588,1,2,3
6590,1,2,3
6593,1,2,3
6592,1,2,3
6595,1,2,3
6594,1,2,3
6597,1,2,3
6596,1,2,3
6599,1,2,3
6598,1,2,3
6601,1,2,3
6600,1,2,3
6603,1,2,3
6602,1,2,3
6605,1,2,3
6607,1,2,3
6606,1,2,3
6609,1,2,3
6608,1,2,3
6611,1,2,3
6610,1,2,3
6613,1,2,3
6612,1,2,3
6615,1,2,3
6614,1,2,3
6617,1,2,3
6619,1,2,3
6618,1,2,3
6620,1,2,3
6623,1,2,3
6622,1,2,3
6625,1,2,3
6624,1,2,3
6627,1,2,3
6626,1,2,3
6629,1,2,3
6628,1,2,3
6631,1,2,3
6630,1,2,3
6633,1,2,3
6632,1,2,3
6635,1,2,3
6634,1,2,3
6637,1,2,3
6636,1,2,3
6639,1,2,3
6641,1,2,3
6640,1,2,3
6643,1,2,3
6642,1,2,3
6645,1,2,3
6644,1,2,3
6647,1,2,3
6646,1,2,3
6175,1,2,3
5976,1,2,3
6649,1,2,3
6648,1,2,3
6650,1,2,3
6653,1,2,3
6652,1,2,3
6654,1,2,3
6657,1,2,3
6656,1,2,3
6659,1,2,3
13780,1,2,3
6661,1,2,3
6660,1,2,3
6663,1,2,3
6665,1,2,3
6664,1,2,3
6667,1,2,3
6666,1,2,3
6669,1,2,3
6668,1,2,3
6671,1,2,3
6670,1,2,3
6673,1,2,3
6672,1,2,3
6675,1,2,3
6674,1,2,3
6677,1,2,3
6676,1,2,3
6679,1,2,3
6678,1,2,3
6681,1,2,3
6680,1,2,3
6683,1,2,3
6682,1,2,3
6685,1,2,3
6684,1,2,3
6686,1,2,3
6689,1,2,3
6688,1,2,3
6691,1,2,3
6690,1,2,3
6693,1,2,3
6695,1,2,3
6694,1,2,3
47575,3,0,3
6697,1,2,3
6696,1,2,3
6699,1,2,3
6698,1,2,3
6700,1,2,3
6703,1,2,3
6702,1,2,3
6705,1,2,3
6704,1,2,3
6706,1,2,3
6709,1,2,3
6711,1,2,3
6710,1,2,3
6713,1,2,3
6712,1,2,3
6715,1,2,3
6714,1,2,3
6717,1,2,3
6716,1,2,3
6719,1,2,3
6718,1,2,3
6721,1,2,3
6723,1,2,3
6725,1,2,3
6724,1,2,3
6727,1,2,3
6729,1,2,3
6728,1,2,3
6731,1,2,3
6732,1,2,3
6735,1,2,3
6734,1,2,3
6737,1,2,3
6736,1,2,3
6739,1,2,3
6740,1,2,3
6743,1,2,3
6745,1,2,3
6744,1,2,3
6747,1,2,3
6746,1,2,3
6748,1,2,3
43292,3,0,3
18733,1,2,3
41433,1,2,3
24949,1,2,3
6240,1,2,3
46524,1,2,3
6289,1,2,3
1536,2,1,3
6364,1,2,3
6372,1,2,3
6374,1,2,3
6373,1,2,3
6376,1,2,3
6375,1,2,3
6378,1,2,3
6377,1,2,3
6380,1,2,3
6379,1,2,3
6382,1,2,3
6381,1,2,3
6384,1,2,3
6383,1,2,3
6386,1,2,3
6388,1,2,3
6390,1,2,3
6389,1,2,3
6392,1,2,3
6391,1,2,3
6394,1,2,3
6393,1,2,3
6395,1,2,3
6397,1,2,3
6400,1,2,3
6399,1,2,3
6402,1,2,3
6401,1,2,3
6404,1,2,3
6403,1,2,3
6406,1,2,3
6405,1,2,3
6408,1,2,3
6407,1,2,3
6410,1,2,3
6409,1,2,3
6412,1,2,3
6411,1,2,3
6414,1,2,3
6413,1,2,3
6416,1,2,3
6415,1,2,3
6418,1,2,3
6417,1,2,3
6420,1,2,3
6419,1,2,3
6422,1,2,3
6421,1,2,3
6424,1,2,3
6423,1,2,3
6426,1,2,3
6425,1,2,3
6430,1,2,3
6432,1,2,3
6431,1,2,3
6434,1,2,3
6433,1,2,3
6436,1,2,3
6435,1,2,3
6438,1,2,3
6437,1,2,3
6440,1,2,3
6439,1,2,3
43516,1,2,3
6442,1,2,3
6441,1,2,3
6444,1,2,3
6443,1,2,3
6446,1,2,3
6445,1,2,3
6448,1,2,3
6447,1,2,3
6450,1,2,3
6449,1,2,3
6451,1,2,3
5599,1,2,3
6454,1,2,3
6456,1,2,3
6458,1,2,3
6457,1,2,3
6460,1,2,3
6459,1,2,3
6462,1,2,3
6461,1,2,3
6464,1,2,3
6463,1,2,3
6466,1,2,3
6467,1,2,3
5885,1,2,3
5905,1,2,3
14444,1,2,3
18078,1,2,3
5962,1,2,3
6014,1,2,3
9060,1,2,3
1799,2,1,3
12262,1,2,3
17625,1,2,3
5696,1,2,3
1483,2,1,3
44997,1,2,3
37982,1,2,3
13527,1,2,3
38818,1,2,3
33658,1,2,3
1266,2,1,3
15947,1,2,3
1050,2,1,3
2752,2,1,3
2823,2,1,3
9058,1,2,3
9600,1,2,3
11644,1,2,3
14169,1,2,3
14177,1,2,3
15451,1,2,3
15461,1,2,3
16223,1,2,3
20122,1,2,3
20966,1,2,3
21084,1,2,3
22597,1,2,3
23471,1,2,3
46436,1,1,2
38627,1,1,2
37508,1,1,2
33576,1,1,2
33535,1,1,2
32660,1,1,2
32639,1,1,2
32533,1,1,2
32450,1,1,2
32342,1,1,2
32329,1,1,2
32084,1,1,2
31827,1,1,2
31818,1,1,2
31768,1,1,2
31683,1,1,2
31578,1,1,2
31562,1,1,2
31549,1,1,2
29996,1,1,2
29902,1,1,2
29802,1,1,2
29740,1,1,2
29676,1,1,2
29541,1,1,2
29465,1,1,2
29454,1,1,2
29358,1,1,2
29147,1,1,2
29000,1,1,2
28790,1,1,2
28665,1,1,2
28483,1,1,2
28373,1,1,2
28280,1,1,2
28168,1,1,2
28153,1,1,2
28132,1,1,2
28108,1,1,2
28834,1,1,2
10647,1,1,2
232,2,0,2
23922,1,1,2
11719,1,1,2
13038,1,1,2
11927,1,1,2
11599,1,1,2
10629,1,1,2
12321,1,1,2
18210,1,1,2
12944,1,1,2
9543,1,1,2
16138,1,1,2
13555,1,1,2
16158,1,1,2
20604,1,1,2
12653,1,1,2
9122,1,1,2
25161,1,1,2
18066,1,1,2
10804,1,1,2
9607,1,1,2
32587,1,1,2
16977,1,1,2
13064,1,1,2
1054,2,0,2
1109,2,0,2
9655,1,1,2
15173,1,1,2
9197,1,1,2
11510,1,1,2
31685,1,1,2
23577,1,1,2
24430,1,1,2
8937,1,1,2
734,2,0,2
24637,1,1,2
10888,1,1,2
8830,1,1,2
17405,1,1,2
32764,1,1,2
32582,1,1,2
15925,1,1,2
22968,1,1,2
10283,1,1,2
19878,1,1,2
9777,1,1,2
281,2,0,2
20840,1,1,2
11507,1,1,2
19265,1,1,2
9104,1,1,2
17253,1,1,2
9970,1,1,2
16516,1,1,2
29482,1,1,2
11976,1,1,2
38524,1,1,2
43459,1,1,2
9138,1,1,2
12722,1,1,2
29727,1,1,2
15497,1,1,2
13556,1,1,2
14129,1,1,2
15058,1,1,2
9152,1,1,2
23965,1,1,2
12423,1,1,2
9682,1,1,2
9417,1,1,2
10862,1,1,2
11674,1,1,2
11819,1,1,2
807,2,0,2
39980,1,1,2
28198,1,1,2
23400,1,1,2
15849,1,1,2
10150,1,1,2
18188,1,1,2
14397,1,1,2
17601,1,1,2
1132,2,0,2
246,2,0,2
24917,1,1,2
18053,1,1,2
17073,1,1,2
8219,1,1,2
17730,1,1,2
18276,1,1,2
17380,1,1,2
12384,1,1,2
19042,1,1,2
9335,1,1,2
16949,1,1,2
17386,1,1,2
9556,1,1,2
18988,1,1,2
10879,1,1,2
8460,1,1,2
11615,1,1,2
19057,1,1,2
15157,1,1,2
9749,1,1,2
10362,1,1,2
10044,1,1,2
2248,2,0,2
21429,1,1,2
15969,1,1,2
9047,1,1,2
12232,1,1,2
14121,1,1,2
10680,1,1,2
24927,1,1,2
426,2,0,2
16732,1,1,2
13458,1,1,2
17721,1,1,2
38653,1,1,2
21031,1,1,2
15846,1,1,2
9300,1,1,2
535,2,0,2
11923,1,1,2
2243,2,0,2
14750,1,1,2
32399,1,1,2
16055,1,1,2
244,2,0,2
31750,1,1,2
29245,1,1,2
10159,1,1,2
16684,1,1,2
11754,1,1,2
29440,1,1,2
18332,1,1,2
32526,1,1,2
13992,1,1,2
12283,1,1,2
14473,1,1,2
29204,1,1,2
12471,1,1,2
22011,1,1,2
11392,1,1,2
12494,1,1,2
11585,1,1,2
24915,1,1,2
24634,1,1,2
16387,1,1,2
9666,1,1,2
9482,1,1,2
16629,1,1,2
21933,1,1,2
10882,1,1,2
10049,1,1,2
9687,1,1,2
11844,1,1,2
16301,1,1,2
27949,1,1,2
17274,1,1,2
17874,1,1,2
15527,1,1,2
9224,1,1,2
15370,1,1,2
759,2,0,2
1253,2,0,2
9926,1,1,2
12497,1,1,2
9892,1,1,2
13233,1,1,2
16940,1,1,2
9032,1,1,2
29646,1,1,2
17715,1,1,2
12293,1,1,2
11995,1,1,2
38767,1,1,2
29628,1,1,2
10105,1,1,2
29818,1,1,2
365,2,0,2
10548,1,1,2
31868,1,1,2
385,2,0,2
2132,2,0,2
28349,1,1,2
21636,1,1,2
1585,2,0,2
28719,1,1,2
11900,1,1,2
20726,1,1,2
25410,1,1,2
11909,1,1,2
11172,1,1,2
15676,1,1,2
233,2,0,2
2199,2,0,2
12515,1,1,2
2197,2,0,2
11924,1,1,2
2194,2,0,2
2191,2,0,2
22057,1,1,2
185,2,0,2
184,2,0,2
183,2,0,2
182,2,0,2
117,2,0,2
23541,1,1,2
2045,2,0,2
21501,1,1,2
1517,2,0,2
15521,1,1,2
1271,2,0,2
1272,2,0,2
2070,2,0,2
16610,1,1,2
583,2,0,2
582,2,0,2
581,2,0,2
580,2,0,2
579,2,0,2
578,2,0,2
18390,1,1,2
1095,2,0,2
21628,1,1,2
754,2,0,2
753,2,0,2
2112,2,0,2
341,2,0,2
1825,2,0,2
1015,2,0,2
706,2,0,2
2283,2,0,2
2280,2,0,2
2279,2,0,2
21824,1,1,2
2626,2,0,2
21810,1,1,2
1264,2,0,2
28844,1,1,2
584,2,0,2
21592,1,1,2
22640,1,1,2
151,2,0,2
13351,1,1,2
21139,1,1,2
21103,1,1,2
271,2,0,2
268,2,0,2
265,2,0,2
264,2,0,2
2114,2,0,2
1045,2,0,2
20685,1,1,2
1029,2,0,2
1028,2,0,2
424,2,0,2
32991,1,1,2
1485,2,0,2
895,2,0,2
375,2,0,2
367,2,0,2
366,2,0,2
359,2,0,2
1479,2,0,2
19695,1,1,2
19693,1,1,2
540,2,0,2
427,2,0,2
827,2,0,2
19261,1,1,2
1615,2,0,2
1612,2,0,2
29190,1,1,2
201,2,0,2
13031,1,1,2
478,2,0,2
1097,2,0,2
23570,1,1,2
17728,1,1,2
2229,2,0,2
2201,2,0,2
2078,2,0,2
1023,2,0,2
3070,2,0,2
28513,1,1,2
744,2,0,2
743,2,0,2
673,2,0,2
672,2,0,2
671,2,0,2
1940,2,0,2
1939,2,0,2
462,2,0,2
460,2,0,2
2801,2,0,2
2796,2,0,2
20741,1,1,2
1310,2,0,2
1305,2,0,2
1357,2,0,2
122,2,0,2
121,2,0,2
2614,2,0,2
1292,2,0,2
1290,2,0,2
810,2,0,2
783,2,0,2
781,2,0,2
868,2,0,2
21979,1,1,2
286,2,0,2
1444,2,0,2
78,2,0,2
12801,1,1,2
2282,2,0,2
12791,1,1,2
2210,2,0,2
2208,2,0,2
2204,2,0,2
2203,2,0,2
2627,2,0,2
2192,2,0,2
2188,2,0,2
23698,1,1,2
29319,1,1,2
2004,2,0,2
2015,2,0,2
2014,2,0,2
2008,2,0,2
1998,2,0,2
1997,2,0,2
1995,2,0,2
1994,2,0,2
1993,2,0,2
1991,2,0,2
1990,2,0,2
1981,2,0,2
1970,2,0,2
1968,2,0,2
1952,2,0,2
1955,2,0,2
1966,2,0,2
1963,2,0,2
1960,2,0,2
1958,2,0,2
1948,2,0,2
1947,2,0,2
1946,2,0,2
1945,2,0,2
1938,2,0,2
1920,2,0,2
1923,2,0,2
1922,2,0,2
1931,2,0,2
1929,2,0,2
1926,2,0,2
1917,2,0,2
1915,2,0,2
1913,2,0,2
1911,2,0,2
1897,2,0,2
1892,2,0,2
1864,2,0,2
1865,2,0,2
1853,2,0,2
1875,2,0,2
1873,2,0,2
1858,2,0,2
1851,2,0,2
1781,2,0,2
1779,2,0,2
1769,2,0,2
1771,2,0,2
1763,2,0,2
1762,2,0,2
1773,2,0,2
1772,2,0,2
1754,2,0,2
1774,2,0,2
1758,2,0,2
1755,2,0,2
1732,2,0,2
1731,2,0,2
1729,2,0,2
1726,2,0,2
1724,2,0,2
1723,2,0,2
1720,2,0,2
1721,2,0,2
1716,2,0,2
1714,2,0,2
1711,2,0,2
1701,2,0,2
357,2,0,2
356,2,0,2
115,2,0,2
112,2,0,2
1593,2,0,2
1592,2,0,2
1590,2,0,2
2044,2,0,2
1569,2,0,2
1571,2,0,2
1573,2,0,2
938,2,0,2
1546,2,0,2
2141,2,0,2
2140,2,0,2
1475,2,0,2
1466,2,0,2
1463,2,0,2
1461,2,0,2
1459,2,0,2
1452,2,0,2
1451,2,0,2
1447,2,0,2
1446,2,0,2
1440,2,0,2
1432,2,0,2
1418,2,0,2
1412,2,0,2
1404,2,0,2
1408,2,0,2
1411,2,0,2
1400,2,0,2
1389,2,0,2
1383,2,0,2
1381,2,0,2
1376,2,0,2
1368,2,0,2
1367,2,0,2
1345,2,0,2
2183,2,0,2
1343,2,0,2
1339,2,0,2
1335,2,0,2
1332,2,0,2
1317,2,0,2
1302,2,0,2
1301,2,0,2
1293,2,0,2
1291,2,0,2
28508,1,1,2
87,2,0,2
1232,2,0,2
1231,2,0,2
1230,2,0,2
1200,2,0,2
1201,2,0,2
1185,2,0,2
1216,2,0,2
1215,2,0,2
1213,2,0,2
1212,2,0,2
1211,2,0,2
1209,2,0,2
1208,2,0,2
1206,2,0,2
1205,2,0,2
489,2,0,2
1198,2,0,2
1188,2,0,2
32692,1,1,2
1186,2,0,2
319,2,0,2
1409,2,0,2
1876,2,0,2
1388,2,0,2
29452,1,1,2
1115,2,0,2
1384,2,0,2
979,2,0,2
1872,2,0,2
1032,2,0,2
1013,2,0,2
569,2,0,2
1011,2,0,2
1009,2,0,2
1010,2,0,2
1008,2,0,2
1007,2,0,2
1006,2,0,2
1004,2,0,2
2224,2,0,2
2223,2,0,2
1002,2,0,2
1003,2,0,2
997,2,0,2
989,2,0,2
1318,2,0,2
1320,2,0,2
2111,2,0,2
2110,2,0,2
2108,2,0,2
2106,2,0,2
21970,1,1,2
909,2,0,2
908,2,0,2
890,2,0,2
885,2,0,2
884,2,0,2
882,2,0,2
880,2,0,2
878,2,0,2
871,2,0,2
3059,2,0,2
14907,1,1,2
13937,1,1,2
15345,1,1,2
15221,1,1,2
9203,1,1,2
853,2,0,2
852,2,0,2
851,2,0,2
850,2,0,2
849,2,0,2
836,2,0,2
887,2,0,2
886,2,0,2
826,2,0,2
772,2,0,2
771,2,0,2
768,2,0,2
765,2,0,2
764,2,0,2
2609,2,0,2
735,2,0,2
32239,1,1,2
732,2,0,2
82,2,0,2
731,2,0,2
729,2,0,2
727,2,0,2
568,2,0,2
566,2,0,2
32175,1,1,2
669,2,0,2
567,2,0,2
563,2,0,2
564,2,0,2
560,2,0,2
556,2,0,2
558,2,0,2
561,2,0,2
557,2,0,2
555,2,0,2
554,2,0,2
553,2,0,2
562,2,0,2
531,2,0,2
530,2,0,2
526,2,0,2
524,2,0,2
516,2,0,2
517,2,0,2
515,2,0,2
519,2,0,2
518,2,0,2
520,2,0,2
523,2,0,2
522,2,0,2
521,2,0,2
513,2,0,2
514,2,0,2
512,2,0,2
510,2,0,2
511,2,0,2
509,2,0,2
508,2,0,2
507,2,0,2
32012,1,1,2
506,2,0,2
505,2,0,2
504,2,0,2
503,2,0,2
502,2,0,2
501,2,0,2
499,2,0,2
498,2,0,2
492,2,0,2
491,2,0,2
488,2,0,2
487,2,0,2
486,2,0,2
484,2,0,2
483,2,0,2
452,2,0,2
449,2,0,2
448,2,0,2
437,2,0,2
434,2,0,2
433,2,0,2
430,2,0,2
1470,2,0,2
1469,2,0,2
421,2,0,2
417,2,0,2
400,2,0,2
401,2,0,2
402,2,0,2
415,2,0,2
413,2,0,2
412,2,0,2
411,2,0,2
408,2,0,2
407,2,0,2
406,2,0,2
410,2,0,2
405,2,0,2
404,2,0,2
403,2,0,2
399,2,0,2
398,2,0,2
397,2,0,2
396,2,0,2
395,2,0,2
394,2,0,2
393,2,0,2
392,2,0,2
391,2,0,2
360,2,0,2
9132,1,1,2
20412,1,1,2
338,2,0,2
337,2,0,2
335,2,0,2
333,2,0,2
313,2,0,2
298,2,0,2
1450,2,0,2
257,2,0,2
253,2,0,2
1340,2,0,2
200,2,0,2
199,2,0,2
198,2,0,2
193,2,0,2
1415,2,0,2
177,2,0,2
170,2,0,2
171,2,0,2
168,2,0,2
167,2,0,2
166,2,0,2
165,2,0,2
164,2,0,2
163,2,0,2
161,2,0,2
154,2,0,2
160,2,0,2
157,2,0,2
156,2,0,2
155,2,0,2
153,2,0,2
148,2,0,2
147,2,0,2
75,2,0,2
898,2,0,2
57,2,0,2
55,2,0,2
109,2,0,2
107,2,0,2
106,2,0,2
104,2,0,2
95,2,0,2
93,2,0,2
94,2,0,2
528,2,0,2
90,2,0,2
86,2,0,2
85,2,0,2
83,2,0,2
64,2,0,2
62,2,0,2
56,2,0,2
48,2,0,2
50,2,0,2
780,2,0,2
44,2,0,2
41,2,0,2
40,2,0,2
38,2,0,2
15,2,0,2
1722,2,0,2
346,2,0,2
345,2,0,2
12461,1,1,2
14551,1,1,2
29384,1,1,2
19071,1,1,2
1336,2,0,2
1070,2,0,2
21794,1,1,2
1068,2,0,2
1067,2,0,2
2416,2,0,2
1289,2,0,2
376,2,0,2
373,2,0,2
1108,2,0,2
1107,2,0,2
17672,1,1,2
2020,2,0,2
2019,2,0,2
2018,2,0,2
1902,2,0,2
25330,1,1,2
25325,1,1,2
240,2,0,2
420,2,0,2
1605,2,0,2
1910,2,0,2
23379,1,1,2
1908,2,0,2
1907,2,0,2
1906,2,0,2
1905,2,0,2
964,2,0,2
29884,1,1,2
20182,1,1,2
16763,1,1,2
877,2,0,2
875,2,0,2
1414,2,0,2
99,2,0,2
97,2,0,2
24330,1,1,2
860,2,0,2
29567,1,1,2
294,2,0,2
436,2,0,2
334,2,0,2
28720,1,1,2
29334,1,1,2
29282,1,1,2
17723,1,1,2
1821,2,0,2
29882,1,1,2
1311,2,0,2
22732,1,1,2
1890,2,0,2
1979,2,0,2
1725,2,0,2
38326,1,1,2
5143,1,1,2
26,2,0,2
25237,1,1,2
25,2,0,2
24,2,0,2
54,2,0,2
28544,1,1,2
1194,2,0,2
1193,2,0,2
1190,2,0,2
627,2,0,2
624,2,0,2
22134,1,1,2
18176,1,1,2
28355,1,1,2
19926,1,1,2
956,2,0,2
1807,2,0,2
1806,2,0,2
21256,1,1,2
1434,2,0,2
19874,1,1,2
150,2,0,2
1328,2,0,2
534,2,0,2
533,2,0,2
1221,2,0,2
1220,2,0,2
1218,2,0,2
2454,2,0,2
2281,2,0,2
527,2,0,2
12332,1,1,2
14252,1,1,2
26818,1,1,2
26772,1,1,2
547,2,0,2
23434,1,1,2
23414,1,1,2
2800,2,0,2
24171,1,1,2
2882,2,0,2
2879,2,0,2
23064,1,1,2
22996,1,1,2
378,2,0,2
371,2,0,2
1521,2,0,2
1204,2,0,2
1299,2,0,2
20214,1,1,2
1203,2,0,2
858,2,0,2
690,2,0,2
689,2,0,2
977,2,0,2
952,2,0,2
15185,1,1,2
2247,2,0,2
2246,2,0,2
1827,2,0,2
1828,2,0,2
22180,1,1,2
14670,1,1,2
24285,1,1,2
1513,2,0,2
1503,2,0,2
1502,2,0,2
48237,1,1,2
945,2,0,2
944,2,0,2
943,2,0,2
10314,1,1,2
24130,1,1,2
2498,2,0,2
18762,1,1,2
21190,1,1,2
19563,1,1,2
16699,1,1,2
3,2,0,2
12429,1,1,2
2850,2,0,2
2617,2,0,2
1855,2,0,2
2615,2,0,2
370,2,0,2
24074,1,1,2
21273,1,1,2
20335,1,1,2
22711,1,1,2
2145,2,0,2
9315,1,1,2
31522,1,1,2
16,2,0,2
2607,2,0,2
1845,2,0,2
32544,1,1,2
657,2,0,2
646,2,0,2
1713,2,0,2
9656,1,1,2
17043,1,1,2
710,2,0,2
9222,1,1,2
742,2,0,2
10270,1,1,2
10162,1,1,2
285,2,0,2
283,2,0,2
282,2,0,2
181,2,0,2
22557,1,1,2
13270,1,1,2
245,2,0,2
17403,1,1,2
24386,1,1,2
1652,2,0,2
158,2,0,2
194,2,0,2
17499,1,1,2
31517,1,1,2
416,2,0,2
9569,1,1,2
2780,2,0,2
16952,1,1,2
238,2,0,2
447,2,0,2
31678,1,1,2
29908,1,1,2
24222,1,1,2
1556,2,0,2
1937,2,0,2
1942,2,0,2
1478,2,0,2
24845,1,1,2
432,2,0,2
1,2,0,2
15834,1,1,2
20968,1,1,2
20527,1,1,2
320,2,0,2
13074,1,1,2
16478,1,1,2
29367,1,1,2
16639,1,1,2
760,2,0,2
1708,2,0,2
21864,1,1,2
1919,2,0,2
2681,2,0,2
18359,1,1,2
5313,1,1,2
1074,2,0,2
189,2,0,2
29809,1,1,2
2251,2,0,2
3013,2,0,2
47,2,0,2
3003,2,0,2
9457,1,1,2
8995,1,1,2
28733,1,1,2
15805,1,1,2
2085,2,0,2
961,2,0,2
867,2,0,2
1356,2,0,2
975,2,0,2
336,2,0,2
1582,2,0,2
11743,1,1,2
13530,1,1,2
21227,1,1,2
9713,1,1,2
23919,1,1,2
29180,1,1,2
1315,2,0,2
28739,1,1,2
1752,2,0,2
2509,2,0,2
17130,1,1,2
797,2,0,2
2459,2,0,2
444,2,0,2
442,2,0,2
441,2,0,2
1572,2,0,2
1953,2,0,2
1861,2,0,2
1567,2,0,2
2328,2,0,2
2465,2,0,2
1703,2,0,2
1550,2,0,2
22121,1,1,2
2871,2,0,2
2142,2,0,2
13256,1,1,2
22357,1,1,2
388,2,0,2
4,2,0,2
1655,2,0,2
16459,1,1,2
28470,1,1,2
10175,1,1,2
21046,1,1,2
29573,1,1,2
828,2,0,2
494,2,0,2
633,2,0,2
1460,2,0,2
13122,1,1,2
16135,1,1,2
29232,1,1,2
2356,2,0,2
20950,1,1,2
2244,2,0,2
16282,1,1,2
21696,1,1,2
13855,1,1,2
28312,1,1,2
169,2,0,2
17,2,0,2
1684,2,0,2
2724,2,0,2
2708,2,0,2
1943,2,0,2
1760,2,0,2
2679,2,0,2
2394,2,0,2
1632,2,0,2
1988,2,0,2
1879,2,0,2
32616,1,1,2
10878,1,1,2
9298,1,1,2
19894,1,1,2
1562,2,0,2
1741,2,0,2
1956,2,0,2
2710,2,0,2
2698,2,0,2
251,2,0,2
2782,2,0,2
10939,1,1,2
8417,1,1,2
802,2,0,2
549,2,0,2
287,2,0,2
11009,1,1,2
1847,2,0,2
1560,2,0,2
2878,2,0,2
1391,2,0,2
2709,2,0,2
2803,2,0,2
2422,2,0,2
22302,1,1,2
2570,2,0,2
1808,2,0,2
11916,1,1,2
17376,1,1,2
18683,1,1,2
14379,1,1,2
20131,1,1,2
146,2,0,2
2345,2,0,2
14300,1,1,2
1385,2,0,2
2286,2,0,2
3048,2,0,2
2700,2,0,2
18271,1,1,2
1677,2,0,2
1780,2,0,2
1399,2,0,2
2754,2,0,2
1405,2,0,2
2574,2,0,2
2193,2,0,2
16181,1,1,2
20295,1,1,2
12637,1,1,2
9667,1,1,2
2670,2,0,2
866,2,0,2
19837,1,1,2
13820,1,1,2
24403,1,1,2
5425,1,1,2
23425,1,1,2
1887,2,0,2
2638,2,0,2
8654,1,1,2
2469,2,0,2
1707,2,0,2
16498,1,1,2
1686,2,0,2
1733,2,0,2
2798,2,0,2
2490,2,0,2
1728,2,0,2
13627,1,1,2
22686,1,1,2
1627,2,0,2
1730,2,0,2
261,2,0,2
2425,2,0,2
1663,2,0,2
2423,2,0,2
2060,2,0,2
20207,1,1,2
1387,2,0,2
1671,2,0,2
1767,2,0,2
21938,1,1,2
2824,2,0,2
2062,2,0,2
2757,2,0,2
16455,1,1,2
1761,2,0,2
2573,2,0,2
1811,2,0,2
275,2,0,2
1744,2,0,2
3062,2,0,2
16579,1,1,2
2144,2,0,2
24288,1,1,2
2448,2,0,2
21988,1,1,2
2857,2,0,2
2095,2,0,2
1374,2,0,2
2090,2,0,2
2888,2,0,2
1954,2,0,2
1740,2,0,2
9944,1,1,2
19255,1,1,2
19982,1,1,2
990,2,0,2
15414,1,1,2
3029,2,0,2
1480,2,0,2
2139,2,0,2
2278,2,0,2
2653,2,0,2
2497,2,0,2
12159,1,1,2
19070,1,1,2
2595,2,0,2
2371,2,0,2
2788,2,0,2
2578,2,0,2
1255,2,0,2
2463,2,0,2
1690,2,0,2
3008,2,0,2
2242,2,0,2
21663,1,1,2
8260,1,1,2
2464,2,0,2
2292,2,0,2
1657,2,0,2
2093,2,0,2
22289,1,1,2
19183,1,1,2
2705,2,0,2
29018,1,1,2
2002,2,0,2
22708,1,1,2
18576,1,1,2
1862,2,0,2
3039,2,0,2
693,2,0,2
832,2,0,2
2051,2,0,2
9070,1,1,2
2774,2,0,2
2012,2,0,2
2837,2,0,2
2456,2,0,2
2182,2,0,2
1537,2,0,2
1484,2,0,2
2618,2,0,2
10772,1,1,2
1575,2,0,2
3025,2,0,2
1757,2,0,2
2953,2,0,2
2305,2,0,2
1543,2,0,2
2466,2,0,2
2644,2,0,2
1352,2,0,2
2209,2,0,2
19448,1,1,2
2808,2,0,2
2046,2,0,2
1576,2,0,2
1957,2,0,2
3018,2,0,2
2583,2,0,2
14198,1,1,2
1558,2,0,2
2320,2,0,2
2449,2,0,2
2315,2,0,2
2703,2,0,2
5325,1,1,2
2764,2,0,2
2761,2,0,2
1883,2,0,2
10169,1,1,2
992,2,0,2
1759,2,0,2
988,2,0,2
1600,2,0,2
2799,2,0,2
2938,2,0,2
1753,2,0,2
1748,2,0,2
2584,2,0,2
2055,2,0,2
9061,1,1,2
1594,2,0,2
2038,2,0,2
1696,2,0,2
1944,2,0,2
2881,2,0,2
1743,2,0,2
1830,2,0,2
1574,2,0,2
2508,2,0,2
1746,2,0,2
1523,2,0,2
2702,2,0,2
631,2,0,2
1996,2,0,2
2377,2,0,2
2274,2,0,2
2542,2,0,2
2245,2,0,2
3007,2,0,2
2920,2,0,2
2388,2,0,2
2712,2,0,2
1552,2,0,2
28078,1,1,2
1298,2,0,2
1393,2,0,2
2711,2,0,2
543,2,0,2
20559,1,1,2
1809,2,0,2
10777,1,1,2
2759,2,0,2
12923,1,1,2
699,2,0,2
1358,2,0,2
2178,2,0,2
2940,2,0,2
18528,1,1,2
2195,2,0,2
2293,2,0,2
1930,2,0,2
1549,2,0,2
1410,2,0,2
1619,2,0,2
1895,2,0,2
2276,2,0,2
2860,2,0,2
3069,2,0,2
2758,2,0,2
19673,1,1,2
12606,1,1,2
2050,2,0,2
1160,2,0,2
9467,1,1,2
2672,2,0,2
38658,1,1,2
1568,2,0,2
2886,2,0,2
632,2,0,2
19393,1,1,2
9296,1,1,2
16813,1,1,2
2493,2,0,2
1453,2,0,2
2445,2,0,2
18297,1,1,2
2269,2,0,2
2784,2,0,2
2022,2,0,2
1863,2,0,2
2669,2,0,2
12764,1,1,2
2665,2,0,2
1903,2,0,2
2006,2,0,2
2387,2,0,2
2777,2,0,2
2089,2,0,2
18422,1,1,2
439,2,0,2
2713,2,0,2
1673,2,0,2
17911,1,1,2
1578,2,0,2
17871,1,1,2
1157,2,0,2
879,2,0,2
247,2,0,2
1668,2,0,2
2327,2,0,2
1565,2,0,2
2561,2,0,2
2196,2,0,2
2958,2,0,2
2855,2,0,2
2474,2,0,2
2363,2,0,2
1982,2,0,2
2937,2,0,2
2841,2,0,2
2381,2,0,2
2513,2,0,2
587,2,0,2
2235,2,0,2
1678,2,0,2
2993,2,0,2
2612,2,0,2
1033,2,0,2
1586,2,0,2
8879,1,1,2
9260,1,1,2
63,2,0,2
1407,2,0,2
2725,2,0,2
2989,2,0,2
2608,2,0,2
2217,2,0,2
2005,2,0,2
2239,2,0,2
2699,2,0,2
2984,2,0,2
2214,2,0,2
2600,2,0,2
2973,2,0,2
2211,2,0,2
1659,2,0,2
2215,2,0,2
2966,2,0,2
2963,2,0,2
2582,2,0,2
2842,2,0,2
2080,2,0,2
2961,2,0,2
2580,2,0,2
2960,2,0,2
2770,2,0,2
2964,2,0,2
2202,2,0,2
19627,1,1,2
2541,2,0,2
2581,2,0,2
2955,2,0,2
2954,2,0,2
3046,2,0,2
1634,2,0,2
2396,2,0,2
2571,2,0,2
1631,2,0,2
2186,2,0,2
2166,2,0,2
2928,2,0,2
2979,2,0,2
2225,2,0,2
2069,2,0,2
2825,2,0,2
2063,2,0,2
2444,2,0,2
2507,2,0,2
18342,1,1,2
14073,1,1,2
13824,1,1,2
2272,2,0,2
2756,2,0,2
2428,2,0,2
2553,2,0,2
2959,2,0,2
2976,2,0,2
11027,1,1,2
1969,2,0,2
2575,2,0,2
1916,2,0,2
2297,2,0,2
1273,2,0,2
2404,2,0,2
1548,2,0,2
2866,2,0,2
18437,1,1,2
2852,2,0,2
859,2,0,2
1518,2,0,2
2393,2,0,2
2921,2,0,2
1580,2,0,2
1719,2,0,2
2481,2,0,2
1154,2,0,2
3068,2,0,2
3004,2,0,2
2623,2,0,2
1295,2,0,2
19247,1,1,2
2853,2,0,2
2374,2,0,2
2975,2,0,2
19904,1,1,2
11936,1,1,2
2910,2,0,2
1681,2,0,2
2999,2,0,2
17678,1,1,2
2143,2,0,2
2331,2,0,2
29909,1,1,2
2572,2,0,2
1810,2,0,2
22787,1,1,2
2560,2,0,2
2977,2,0,2
1304,2,0,2
21623,1,1,2
1985,2,0,2
1932,2,0,2
12785,1,1,2
2690,2,0,2
3016,2,0,2
3033,2,0,2
2877,2,0,2
29614,1,1,2
2969,2,0,2
2974,2,0,2
2212,2,0,2
12069,1,1,2
1695,2,0,2
2457,2,0,2
2994,2,0,2
1577,2,0,2
1965,2,0,2
1584,2,0,2
2787,2,0,2
2864,2,0,2
2909,2,0,2
2147,2,0,2
1680,2,0,2
2061,2,0,2
2927,2,0,2
2922,2,0,2
2616,2,0,2
2555,2,0,2
2760,2,0,2
1401,2,0,2
3031,2,0,2
18306,1,1,2
2771,2,0,2
2390,2,0,2
2009,2,0,2
2932,2,0,2
2440,2,0,2
2996,2,0,2
2935,2,0,2
2554,2,0,2
2924,2,0,2
2968,2,0,2
2206,2,0,2
1611,2,0,2
1992,2,0,2
2929,2,0,2
2167,2,0,2
3043,2,0,2
2908,2,0,2
2146,2,0,2
10272,1,1,2
2635,2,0,2
2161,2,0,2
2510,2,0,2
2439,2,0,2
1616,2,0,2
2378,2,0,2
2934,2,0,2
2933,2,0,2
3000,2,0,2
2981,2,0,2
10299,1,1,2
2942,2,0,2
10959,1,1,2
1901,2,0,2
2431,2,0,2
2450,2,0,2
2930,2,0,2
2436,2,0,2
1614,2,0,2
2376,2,0,2
2438,2,0,2
2441,2,0,2
2443,2,0,2
20453,1,1,2
2240,2,0,2
2621,2,0,2
1859,2,0,2
2668,2,0,2
2704,2,0,2
2073,2,0,2
1589,2,0,2
22462,1,1,2
65,2,0,2
18758,1,1,2
10896,1,1,2
13642,1,1,2
1683,2,0,2
23163,1,1,2
2742,2,0,2
23235,1,1,2
2785,2,0,2
2544,2,0,2
1782,2,0,2
1783,2,0,2
1891,2,0,2
1510,2,0,2
2013,2,0,2
2775,2,0,2
1918,2,0,2
10805,1,1,2
20111,1,1,2
3002,2,0,2
2885,2,0,2
2739,2,0,2
1898,2,0,2
18509,1,1,2
2380,2,0,2
374,2,0,2
2941,2,0,2
2735,2,0,2
311,2,0,2
2682,2,0,2
1980,2,0,2
1702,2,0,2
2733,2,0,2
800,2,0,2
21403,1,1,2
2727,2,0,2
29618,1,1,2
14723,1,1,2
1925,2,0,2
1282,2,0,2
159,2,0,2
1603,2,0,2
2365,2,0,2
983,2,0,2
195,2,0,2
3024,2,0,2
2643,2,0,2
2751,2,0,2
1989,2,0,2
270,2,0,2
3026,2,0,2
2264,2,0,2
497,2,0,2
5441,1,1,2
2077,2,0,2
11275,1,1,2
2426,2,0,2
2220,2,0,2
1623,2,0,2
5447,1,1,2
2848,2,0,2
2086,2,0,2
12436,1,1,2
6,2,0,2
1667,2,0,2
2429,2,0,2
3023,2,0,2
2261,2,0,2
2914,2,0,2
1501,2,0,2
1882,2,0,2
21820,1,1,2
2421,2,0,2
1709,2,0,2
3027,2,0,2
1197,2,0,2
2011,2,0,2
2773,2,0,2
2567,2,0,2
2903,2,0,2
61415,1,1,2
2442,2,0,2
2041,2,0,2
2978,2,0,2
10801,1,1,2
113,2,0,2
1689,2,0,2
2451,2,0,2
9173,1,1,2
2347,2,0,2
3006,2,0,2
2364,2,0,2
2435,2,0,2
2991,2,0,2
13397,1,1,2
2007,2,0,2
2563,2,0,2
2564,2,0,2
2791,2,0,2
2029,2,0,2
2792,2,0,2
2794,2,0,2
2032,2,0,2
1653,2,0,2
21313,1,1,2
1665,2,0,2
2427,2,0,2
2671,2,0,2
2290,2,0,2
1894,2,0,2
2591,2,0,2
20006,1,1,2
12350,1,1,2
3061,2,0,2
2367,2,0,2
1477,2,0,2
2795,2,0,2
21827,1,1,2
2446,2,0,2
18779,1,1,2
29648,1,1,2
2452,2,0,2
2453,2,0,2
1857,2,0,2
1860,2,0,2
2241,2,0,2
28718,1,1,2
2629,2,0,2
1458,2,0,2
2806,2,0,2
2807,2,0,2
1770,2,0,2
2056,2,0,2
3045,2,0,2
1129,2,0,2
17462,1,1,2
2447,2,0,2
1685,2,0,2
2307,2,0,2
2827,2,0,2
2065,2,0,2
369,2,0,2
2729,2,0,2
2765,2,0,2
15418,1,1,2
2253,2,0,2
3015,2,0,2
2809,2,0,2
284,2,0,2
2384,2,0,2
1622,2,0,2
2762,2,0,2
2338,2,0,2
2894,2,0,2
493,2,0,2
31999,1,1,2
2556,2,0,2
2845,2,0,2
2916,2,0,2
2170,2,0,2
1377,2,0,2
595,2,0,2
1669,2,0,2
11153,1,1,2
19951,1,1,2
2494,2,0,2
2904,2,0,2
614,2,0,2
2912,2,0,2
12233,1,1,2
2851,2,0,2
2620,2,0,2
1297,2,0,2
20003,1,1,2
2965,2,0,2
1378,2,0,2
2931,2,0,2
15459,1,1,2
2907,2,0,2
2915,2,0,2
18869,1,1,2
316,2,0,2
2177,2,0,2
2558,2,0,2
2939,2,0,2
2545,2,0,2
11346,1,1,2
2395,2,0,2
1813,2,0,2
1674,2,0,2
10741,1,1,2
1319,2,0,2
2432,2,0,2
2505,2,0,2
2411,2,0,2
2030,2,0,2
1649,2,0,2
2379,2,0,2
2577,2,0,2
1815,2,0,2
2198,2,0,2
11069,1,1,2
2673,2,0,2
700,2,0,2
758,2,0,2
2433,2,0,2
2677,2,0,2
1737,2,0,2
2861,2,0,2
1662,2,0,2
2375,2,0,2
874,2,0,2
1394,2,0,2
2847,2,0,2
19180,1,1,2
2461,2,0,2
24997,1,1,2
17480,1,1,2
1147,2,0,2
1307,2,0,2
1688,2,0,2
1866,2,0,2
118,2,0,2
16832,1,1,2
29138,1,1,2
1878,2,0,2
2419,2,0,2
2424,2,0,2
446,2,0,2
21800,1,1,2
12551,1,1,2
1880,2,0,2
2642,2,0,2
1541,2,0,2
1559,2,0,2
1506,2,0,2
13708,1,1,2
2781,2,0,2
1928,2,0,2
2587,2,0,2
1839,2,0,2
2936,2,0,2
18507,1,1,2
2902,2,0,2
9927,1,1,2
2905,2,0,2
2434,2,0,2
11941,1,1,2
1790,2,0,2
1893,2,0,2
2302,2,0,2
1921,2,0,2
2854,2,0,2
16363,1,1,2
2579,2,0,2
15882,1,1,2
896,2,0,2
2906,2,0,2
1406,2,0,2
11224,1,1,2
2846,2,0,2
2084,2,0,2
3047,2,0,2
3056,2,0,2
20450,1,1,2
23782,1,1,2
3058,2,0,2
2872,2,0,2
1280,2,0,2
20162,1,1,2
1608,2,0,2
2462,2,0,2
299,2,0,2
2294,2,0,2
11032,1,1,2
2810,2,0,2
2048,2,0,2
10609,1,1,2
2372,2,0,2
2619,2,0,2
18952,1,1,2
8951,1,1,2
544,2,0,2
2569,2,0,2
1296,2,0,2
10032,1,1,2
13582,1,1,2
19771,1,1,2
3071,2,0,2
20165,1,1,2
1660,2,0,2
1557,2,0,2
1756,2,0,2
974,2,0,2
2628,2,0,2
3009,2,0,2
22176,1,1,2
19659,1,1,2
978,2,0,2
2296,2,0,2
22192,1,1,2
1294,2,0,2
1416,2,0,2
1035,2,0,2
11629,1,1,2
1306,2,0,2
17639,1,1,2
12640,1,1,2
2859,2,0,2
2865,2,0,2
17199,1,1,2
2639,2,0,2
1877,2,0,2
1333,2,0,2
1183,2,0,2
2666,2,0,2
2892,2,0,2
23136,1,1,2
19895,1,1,2
23622,1,1,2
1265,2,0,2
2094,2,0,2
2455,2,0,2
1693,2,0,2
2557,2,0,2
2867,2,0,2
2467,2,0,2
1705,2,0,2
11878,1,1,2
1768,2,0,2
2547,2,0,2
1896,2,0,2
5397,1,1,2
9821,1,1,2
2873,2,0,2
3065,2,0,2
2828,2,0,2
2066,2,0,2
2401,2,0,2
2504,2,0,2
18456,1,1,2
5117,1,1,2
435,2,0,2
2249,2,0,2
1300,2,0,2
2900,2,0,2
3044,2,0,2
19885,1,1,2
13971,1,1,2
29073,1,1,2
984,2,0,2
2622,2,0,2
11875,1,1,2
2550,2,0,2
3021,2,0,2
2332,2,0,2
9585,1,1,2
2840,2,0,2
11858,1,1,2
2862,2,0,2
178,2,0,2
13906,1,1,2
16495,1,1,2
2576,2,0,2
1841,2,0,2
1843,2,0,2
1848,2,0,2
1849,2,0,2
2230,2,0,2
2611,2,0,2
1850,2,0,2
1846,2,0,2
808,2,0,2
728,2,0,2
550,2,0,2
551,2,0,2
552,2,0,2
24551,1,1,2
28429,1,1,2
28436,1,1,2
2057,2,0,2
24015,1,1,2
29167,1,1,2
27,2,0,2
5,2,0,2
20883,1,1,2
13131,1,1,2
17847,1,1,2
1514,2,0,2
28121,1,1,2
13221,1,1,2
15102,1,1,2
25331,1,1,2
2962,2,0,2
312,2,0,2
1540,2,0,2
1159,2,0,2
21251,1,1,2
1012,2,0,2
589,2,0,2
590,2,0,2
591,2,0,2
592,2,0,2
593,2,0,2
594,2,0,2
596,2,0,2
597,2,0,2
610,2,0,2
611,2,0,2
612,2,0,2
603,2,0,2
17317,1,1,2
604,2,0,2
605,2,0,2
613,2,0,2
615,2,0,2
616,2,0,2
585,2,0,2
586,2,0,2
609,2,0,2
607,2,0,2
608,2,0,2
617,2,0,2
618,2,0,2
619,2,0,2
598,2,0,2
599,2,0,2
600,2,0,2
910,2,0,2
8357,1,1,2
2697,2,0,2
23075,1,1,2
999,2,0,2
1000,2,0,2
13111,1,1,2
704,2,0,2
58,2,0,2
61,2,0,2
3052,2,0,2
20962,1,1,2
22759,1,1,2
987,2,0,2
28208,1,1,2
14110,1,1,2
29264,1,1,2
17406,1,1,2
33,2,0,2
37,2,0,2
39,2,0,2
42,2,0,2
212,2,0,2
218,2,0,2
220,2,0,2
224,2,0,2
368,2,0,2
372,2,0,2
537,2,0,2
539,2,0,2
705,2,0,2
707,2,0,2
712,2,0,2
865,2,0,2
870,2,0,2
873,2,0,2
876,2,0,2
1037,2,0,2
1040,2,0,2
1042,2,0,2
1187,2,0,2
1191,2,0,2
1350,2,0,2
1362,2,0,2
1526,2,0,2
1527,2,0,2
1530,2,0,2
1712,2,0,2
2040,2,0,2
450,2,0,2
451,2,0,2
2267,2,0,2
2610,2,0,2
2970,2,0,2
2640,2,0,2
24154,1,1,2
25473,1,1,2
25642,1,1,2
25653,1,1,2
22372,1,1,2
28343,1,1,2
14097,1,1,2
28892,1,1,2
143,2,0,2
149,2,0,2
152,2,0,2
307,2,0,2
309,2,0,2
314,2,0,2
317,2,0,2
474,2,0,2
477,2,0,2
480,2,0,2
482,2,0,2
642,2,0,2
644,2,0,2
647,2,0,2
648,2,0,2
821,2,0,2
824,2,0,2
831,2,0,2
986,2,0,2
994,2,0,2
1166,2,0,2
1355,2,0,2
1361,2,0,2
1515,2,0,2
1519,2,0,2
29875,1,1,2
2042,2,0,2
2919,2,0,2
19694,1,1,2
20584,1,1,2
453,2,0,2
9730,1,1,2
12913,1,1,2
13474,1,1,2
28973,1,1,2
28981,1,1,2
31611,1,1,2
105,2,0,2
108,2,0,2
111,2,0,2
114,2,0,2
273,2,0,2
276,2,0,2
277,2,0,2
457,2,0,2
16790,1,1,2
461,2,0,2
463,2,0,2
623,2,0,2
626,2,0,2
629,2,0,2
798,2,0,2
801,2,0,2
806,2,0,2
809,2,0,2
967,2,0,2
972,2,0,2
1353,2,0,2
1139,2,0,2
1144,2,0,2
1465,2,0,2
1467,2,0,2
2027,2,0,2
2789,2,0,2
2034,2,0,2
2721,2,0,2
2726,2,0,2
2731,2,0,2
22696,1,1,2
28413,1,1,2
12144,1,1,2
28922,1,1,2
29106,1,1,2
29913,1,1,2
14908,1,1,2
110,2,0,2
116,2,0,2
272,2,0,2
279,2,0,2
782,2,0,2
787,2,0,2
790,2,0,2
792,2,0,2
962,2,0,2
965,2,0,2
970,2,0,2
980,2,0,2
985,2,0,2
995,2,0,2
1148,2,0,2
1151,2,0,2
1324,2,0,2
1330,2,0,2
1505,2,0,2
1511,2,0,2
2680,2,0,2
21054,1,1,2
21925,1,1,2
22099,1,1,2
23800,1,1,2
23693,1,1,2
11730,1,1,2
28817,1,1,2
71,2,0,2
74,2,0,2
229,2,0,2
231,2,0,2
235,2,0,2
414,2,0,2
418,2,0,2
425,2,0,2
428,2,0,2
431,2,0,2
438,2,0,2
746,2,0,2
747,2,0,2
750,2,0,2
752,2,0,2
901,2,0,2
906,2,0,2
911,2,0,2
1014,2,0,2
1016,2,0,2
1397,2,0,2
1019,2,0,2
1022,2,0,2
1027,2,0,2
1044,2,0,2
1046,2,0,2
1427,2,0,2
1136,2,0,2
1138,2,0,2
1140,2,0,2
1142,2,0,2
1143,2,0,2
1149,2,0,2
1152,2,0,2
1155,2,0,2
1150,2,0,2
1217,2,0,2
1257,2,0,2
1337,2,0,2
1718,2,0,2
1739,2,0,2
22807,1,1,2
24252,1,1,2
454,2,0,2
120,2,0,2
293,2,0,2
295,2,0,2
303,2,0,2
306,2,0,2
472,2,0,2
651,2,0,2
654,2,0,2
658,2,0,2
822,2,0,2
825,2,0,2
998,2,0,2
1001,2,0,2
1382,2,0,2
1180,2,0,2
1561,2,0,2
1184,2,0,2
1189,2,0,2
1570,2,0,2
1341,2,0,2
1348,2,0,2
1852,2,0,2
2035,2,0,2
2797,2,0,2
2730,2,0,2
21594,1,1,2
22305,1,1,2
22793,1,1,2
12985,1,1,2
10803,1,1,2
23178,1,1,2
14310,1,1,2
27600,1,1,2
28778,1,1,2
14030,1,1,2
29744,1,1,2
92,2,0,2
96,2,0,2
98,2,0,2
101,2,0,2
263,2,0,2
31772,1,1,2
266,2,0,2
267,2,0,2
440,2,0,2
622,2,0,2
625,2,0,2
628,2,0,2
793,2,0,2
794,2,0,2
799,2,0,2
1323,2,0,2
1704,2,0,2
1325,2,0,2
1504,2,0,2
1710,2,0,2
1775,2,0,2
2341,2,0,2
2772,2,0,2
2010,2,0,2
2778,2,0,2
2779,2,0,2
2783,2,0,2
2786,2,0,2
2790,2,0,2
2028,2,0,2
2805,2,0,2
2843,2,0,2
2081,2,0,2
2849,2,0,2
2087,2,0,2
23000,1,1,2
23564,1,1,2
3005,2,0,2
21875,1,1,2
24919,1,1,2
1309,2,0,2
5015,1,1,2
25162,1,1,2
2890,2,0,2
23697,1,1,2
8497,1,1,2
8781,1,1,2
834,2,0,2
1621,2,0,2
8625,1,1,2
22528,1,1,2
28807,1,1,2
23057,1,1,2
1814,2,0,2
1386,2,0,2
1679,2,0,2
31630,1,1,2
1564,2,0,2
2368,2,0,2
1658,2,0,2
2546,2,0,2
1836,2,0,2
1455,2,0,2
29116,1,1,2
16071,1,1,2
11041,1,1,2
2858,2,0,2
2870,2,0,2
256,2,0,2
14879,1,1,2
2717,2,0,2
2874,2,0,2
15042,1,1,2
3060,2,0,2
20851,1,1,2
1856,2,0,2
2875,2,0,2
209,2,0,2
10675,1,1,2
12745,1,1,2
28251,1,1,2
25631,1,1,2
25250,1,1,2
1226,2,0,2
20974,1,1,2
28758,1,1,2
1697,2,0,2
21606,1,1,2
2391,2,0,2
28831,1,1,2
330,2,0,2
23194,1,1,2
1597,2,0,2
1222,2,0,2
22251,1,1,2
16548,1,1,2
8537,1,1,2
2613,2,0,2
2232,2,0,2
1749,2,0,2
175,2,0,2
10984,1,1,2
1084,2,0,2
2539,2,0,2
28465,1,1,2
300,2,0,2
1751,2,0,2
1766,2,0,2
33272,1,1,2
23272,1,1,2
17296,1,1,2
21537,1,1,2
2382,2,0,2
1620,2,0,2
2333,2,0,2
1420,2,0,2
23454,1,1,2
12114,1,1,2
11337,1,1,2
22132,1,1,2
16298,1,1,2
1322,2,0,2
13868,1,1,2
13008,1,1,2
15481,1,1,2
10903,1,1,2
881,2,0,2
32387,1,1,2
1647,2,0,2
128,2,0,2
8302,1,1,2
28271,1,1,2
32435,1,1,2
15045,1,1,2
3022,2,0,2
2641,2,0,2
1441,2,0,2
24195,1,1,2
660,2,0,2
2415,2,0,2
20616,1,1,2
17634,1,1,2
11486,1,1,2
1538,2,0,2
8335,1,1,2
23508,1,1,2
1542,2,0,2
15561,1,1,2
1715,2,0,2
1326,2,0,2
1664,2,0,2
736,2,0,2
2956,2,0,2
730,2,0,2
1670,2,0,2
1672,2,0,2
2437,2,0,2
15705,1,1,2
20739,1,1,2
19551,1,1,2
2537,2,0,2
132,2,0,2
741,2,0,2
1581,2,0,2
5121,1,1,2
9026,1,1,2
1796,2,0,2
20433,1,1,2
10859,1,1,2
29725,1,1,2
13799,1,1,2
32474,1,1,2
968,2,0,2
1801,2,0,2
13842,1,1,2
17235,1,1,2
21555,1,1,2
22833,1,1,2
25395,1,1,2
15132,1,1,2
24326,1,1,2
409,2,0,2
15689,1,1,2
776,2,0,2
2543,2,0,2
715,2,0,2
1196,2,0,2
9959,1,1,2
22479,1,1,2
226,2,0,2
844,2,0,2
36,2,0,2
1072,2,0,2
364,2,0,2
23023,1,1,2
1472,2,0,2
9057,1,1,2
2527,2,0,2
20634,1,1,2
748,2,0,2
329,2,0,2
248,2,0,2
24615,1,1,2
28,2,0,2
469,2,0,2
784,2,0,2
19993,1,1,2
419,2,0,2
659,2,0,2
20071,1,1,2
621,2,0,2
19492,1,1,2
889,2,0,2
59,2,0,2
60,2,0,2
66,2,0,2
28674,1,1,2
649,2,0,2
28468,1,1,2
20304,1,1,2
559,2,0,2
11113,1,1,2
24291,1,1,2
1699,2,0,2
1454,2,0,2
11816,1,1,2
1456,2,0,2
29566,1,1,2
176,2,0,2
24711,1,1,2
740,2,0,2
1545,2,0,2
23357,1,1,2
862,2,0,2
652,2,0,2
12,2,0,2
8399,1,1,2
1192,2,0,2
252,2,0,2
1112,2,0,2
32437,1,1,2
29203,1,1,2
11042,1,1,2
9399,1,1,2
2129,2,0,2
14806,1,1,2
23848,1,1,2
32580,1,1,2
10822,1,1,2
19547,1,1,2
11006,1,1,2
28384,1,1,2
17249,1,1,2
23921,1,1,2
18759,1,1,2
19734,1,1,2
21464,1,1,2
28975,1,1,2
23377,1,1,2
11539,1,1,2
18282,1,1,2
23378,1,1,2
22801,1,1,2
15514,1,1,2
28163,1,1,2
22770,1,1,2
11509,1,1,2
16278,1,1,2
22014,1,1,2
15577,1,1,2
2925,2,0,2
21612,1,1,2
529,2,0,2
380,2,0,2
17892,1,1,2
13857,1,1,2
32672,1,1,2
12969,1,1,2
13748,1,1,2
11261,1,1,2
13618,1,1,2
29400,1,1,2
8235,1,1,2
8971,1,1,2
18212,1,1,2
23513,1,1,2
22971,1,1,2
11015,1,1,2
13573,1,1,2
14235,1,1,2
19117,1,1,2
18441,1,1,2
8509,1,1,2
28341,1,1,2
20530,1,1,2
12567,1,1,2
8956,1,1,2
24751,1,1,2
12080,1,1,2
8478,1,1,2
21481,1,1,2
18067,1,1,2
13767,1,1,2
20592,1,1,2
29008,1,1,2
14578,1,1,2
24849,1,1,2
11191,1,1,2
29173,1,1,2
29910,1,1,2
9416,1,1,2
19677,1,1,2
19854,1,1,2
13693,1,1,2
8568,1,1,2
31693,1,1,2
18984,1,1,2
44453,1,1,2
16050,1,1,2
16814,1,1,2
33601,1,1,2
10510,1,1,2
19980,1,1,2
7932,1,1,2
7931,1,1,2
7934,1,1,2
7933,1,1,2
196,2,0,2
14542,1,1,2
23692,1,1,2
28979,1,1,2
23803,1,1,2
7936,1,1,2
7935,1,1,2
6081,1,1,2
14038,1,1,2
31580,1,1,2
7938,1,1,2
7937,1,1,2
13887,1,1,2
19774,1,1,2
7940,1,1,2
7939,1,1,2
7942,1,1,2
7941,1,1,2
7944,1,1,2
7943,1,1,2
13572,1,1,2
7945,1,1,2
24115,1,1,2
12643,1,1,2
11230,1,1,2
18206,1,1,2
20275,1,1,2
31917,1,1,2
29389,1,1,2
19709,1,1,2
22470,1,1,2
14041,1,1,2
7948,1,1,2
7947,1,1,2
19857,1,1,2
13001,1,1,2
15566,1,1,2
11164,1,1,2
7950,1,1,2
7949,1,1,2
24139,1,1,2
25220,1,1,2
9662,1,1,2
8918,1,1,2
29395,1,1,2
9632,1,1,2
22411,1,1,2
7952,1,1,2
7951,1,1,2
7954,1,1,2
7953,1,1,2
7956,1,1,2
7955,1,1,2
7958,1,1,2
7957,1,1,2
7960,1,1,2
7959,1,1,2
2321,2,0,2
7961,1,1,2
7964,1,1,2
7963,1,1,2
7966,1,1,2
7965,1,1,2
19708,1,1,2
29704,1,1,2
9862,1,1,2
19231,1,1,2
20583,1,1,2
16706,1,1,2
17424,1,1,2
29768,1,1,2
22762,1,1,2
20238,1,1,2
9374,1,1,2
21399,1,1,2
13269,1,1,2
13067,1,1,2
29615,1,1,2
12427,1,1,2
22477,1,1,2
7968,1,1,2
7967,1,1,2
891,2,0,2
7970,1,1,2
7969,1,1,2
7972,1,1,2
7971,1,1,2
7974,1,1,2
7973,1,1,2
7976,1,1,2
7975,1,1,2
13721,1,1,2
7978,1,1,2
7977,1,1,2
7980,1,1,2
7979,1,1,2
2348,2,0,2
7982,1,1,2
7981,1,1,2
7984,1,1,2
7983,1,1,2
10993,1,1,2
17702,1,1,2
21404,1,1,2
23010,1,1,2
9297,1,1,2
18752,1,1,2
15156,1,1,2
7986,1,1,2
7985,1,1,2
11019,1,1,2
15464,1,1,2
22397,1,1,2
20236,1,1,2
28320,1,1,2
12869,1,1,2
29634,1,1,2
16414,1,1,2
21016,1,1,2
7988,1,1,2
7987,1,1,2
12182,1,1,2
25310,1,1,2
20114,1,1,2
12984,1,1,2
25512,1,1,2
10586,1,1,2
21672,1,1,2
18950,1,1,2
7989,1,1,2
24055,1,1,2
23525,1,1,2
13978,1,1,2
21595,1,1,2
16464,1,1,2
23344,1,1,2
7992,1,1,2
7991,1,1,2
25377,1,1,2
32719,1,1,2
14052,1,1,2
16718,1,1,2
16476,1,1,2
7994,1,1,2
7993,1,1,2
14158,1,1,2
15739,1,1,2
19236,1,1,2
29163,1,1,2
22102,1,1,2
11547,1,1,2
25221,1,1,2
16780,1,1,2
9834,1,1,2
28931,1,1,2
7996,1,1,2
7995,1,1,2
7998,1,1,2
7997,1,1,2
29433,1,1,2
22163,1,1,2
32068,1,1,2
668,2,0,2
8002,1,1,2
16016,1,1,2
29669,1,1,2
10123,1,1,2
11129,1,1,2
13445,1,1,2
31607,1,1,2
8004,1,1,2
8003,1,1,2
1078,2,0,2
8005,1,1,2
1474,2,0,2
8008,1,1,2
8010,1,1,2
8009,1,1,2
8012,1,1,2
8011,1,1,2
18398,1,1,2
10909,1,1,2
19920,1,1,2
10268,1,1,2
11470,1,1,2
31928,1,1,2
8014,1,1,2
8013,1,1,2
9055,1,1,2
24029,1,1,2
29038,1,1,2
16280,1,1,2
22803,1,1,2
23036,1,1,2
29478,1,1,2
25266,1,1,2
8015,1,1,2
8018,1,1,2
8017,1,1,2
22388,1,1,2
16599,1,1,2
13641,1,1,2
8019,1,1,2
22866,1,1,2
23094,1,1,2
20937,1,1,2
17689,1,1,2
14776,1,1,2
25200,1,1,2
21507,1,1,2
29599,1,1,2
8022,1,1,2
8021,1,1,2
20458,1,1,2
15992,1,1,2
8024,1,1,2
8026,1,1,2
8025,1,1,2
9216,1,1,2
21981,1,1,2
8028,1,1,2
8030,1,1,2
8029,1,1,2
8032,1,1,2
8031,1,1,2
8034,1,1,2
8033,1,1,2
25297,1,1,2
8036,1,1,2
8035,1,1,2
8038,1,1,2
8037,1,1,2
8040,1,1,2
8042,1,1,2
8041,1,1,2
8043,1,1,2
16878,1,1,2
46149,1,1,2
8046,1,1,2
8045,1,1,2
8048,1,1,2
8047,1,1,2
8050,1,1,2
16315,1,1,2
31680,1,1,2
22377,1,1,2
14281,1,1,2
18608,1,1,2
8052,1,1,2
8051,1,1,2
8054,1,1,2
8053,1,1,2
8056,1,1,2
8055,1,1,2
8058,1,1,2
8057,1,1,2
12192,1,1,2
8060,1,1,2
8059,1,1,2
8062,1,1,2
8061,1,1,2
8064,1,1,2
8063,1,1,2
13489,1,1,2
23900,1,1,2
8066,1,1,2
8068,1,1,2
8067,1,1,2
21077,1,1,2
13002,1,1,2
20176,1,1,2
20577,1,1,2
8070,1,1,2
8069,1,1,2
32311,1,1,2
17066,1,1,2
10694,1,1,2
13900,1,1,2
8072,1,1,2
8071,1,1,2
8074,1,1,2
8073,1,1,2
8076,1,1,2
8075,1,1,2
8078,1,1,2
8077,1,1,2
8079,1,1,2
8082,1,1,2
8081,1,1,2
8084,1,1,2
8083,1,1,2
17195,1,1,2
8086,1,1,2
8085,1,1,2
18832,1,1,2
13773,1,1,2
12373,1,1,2
12155,1,1,2
17692,1,1,2
13139,1,1,2
10180,1,1,2
22167,1,1,2
19285,1,1,2
20543,1,1,2
22827,1,1,2
32720,1,1,2
8270,1,1,2
18131,1,1,2
22731,1,1,2
19349,1,1,2
18944,1,1,2
20554,1,1,2
8088,1,1,2
8087,1,1,2
326,2,0,2
1237,2,0,2
22881,1,1,2
1599,2,0,2
653,2,0,2
656,2,0,2
1069,2,0,2
856,2,0,2
857,2,0,2
213,2,0,2
14325,1,1,2
676,2,0,2
310,2,0,2
210,2,0,2
211,2,0,2
1288,2,0,2
2540,2,0,2
1971,2,0,2
1972,2,0,2
1973,2,0,2
1974,2,0,2
1975,2,0,2
2901,2,0,2
2689,2,0,2
332,2,0,2
2887,2,0,2
1624,2,0,2
687,2,0,2
2314,2,0,2
1124,2,0,2
31553,1,1,2
8092,1,1,2
8091,1,1,2
15384,1,1,2
15964,1,1,2
28206,1,1,2
10213,1,1,2
20841,1,1,2
18717,1,1,2
12299,1,1,2
24819,1,1,2
13607,1,1,2
18899,1,1,2
14952,1,1,2
10898,1,1,2
20333,1,1,2
9176,1,1,2
11089,1,1,2
28766,1,1,2
29139,1,1,2
15366,1,1,2
14553,1,1,2
18402,1,1,2
28663,1,1,2
8242,1,1,2
490,2,0,2
1286,2,0,2
8094,1,1,2
8093,1,1,2
1176,2,0,2
830,2,0,2
19289,1,1,2
2588,2,0,2
10,2,0,2
172,2,0,2
698,2,0,2
933,2,0,2
703,2,0,2
925,2,0,2
2165,2,0,2
1308,2,0,2
17313,1,1,2
31866,1,1,2
20374,1,1,2
8397,1,1,2
26815,1,1,2
11695,1,1,2
2473,2,0,2
2133,2,0,2
1449,2,0,2
2821,2,0,2
1498,2,0,2
641,2,0,2
2526,2,0,2
774,2,0,2
1146,2,0,2
473,2,0,2
51,2,0,2
203,2,0,2
2373,2,0,2
721,2,0,2
3057,2,0,2
2100,2,0,2
1792,2,0,2
2265,2,0,2
3051,2,0,2
2344,2,0,2
839,2,0,2
2113,2,0,2
664,2,0,2
191,2,0,2
635,2,0,2
1366,2,0,2
315,2,0,2
2538,2,0,2
1094,2,0,2
8095,1,1,2
25087,1,1,2
11842,1,1,2
8098,1,1,2
8097,1,1,2
20768,1,1,2
20678,1,1,2
11281,1,1,2
8100,1,1,2
8099,1,1,2
8975,1,1,2
8102,1,1,2
8104,1,1,2
8106,1,1,2
8105,1,1,2
11582,1,1,2
2410,2,0,2
833,2,0,2
835,2,0,2
837,2,0,2
838,2,0,2
840,2,0,2
846,2,0,2
847,2,0,2
848,2,0,2
854,2,0,2
855,2,0,2
8108,1,1,2
8107,1,1,2
13500,1,1,2
23025,1,1,2
14602,1,1,2
8110,1,1,2
8109,1,1,2
620,2,0,2
1648,2,0,2
913,2,0,2
1508,2,0,2
1364,2,0,2
1365,2,0,2
2123,2,0,2
8112,1,1,2
8111,1,1,2
34,2,0,2
35,2,0,2
1435,2,0,2
1437,2,0,2
2259,2,0,2
2266,2,0,2
8114,1,1,2
1555,2,0,2
10022,1,1,2
1103,2,0,2
2631,2,0,2
2624,2,0,2
8116,1,1,2
8115,1,1,2
15018,1,1,2
2213,2,0,2
8118,1,1,2
8117,1,1,2
1062,2,0,2
8119,1,1,2
1064,2,0,2
1076,2,0,2
1077,2,0,2
258,2,0,2
1351,2,0,2
8122,1,1,2
8121,1,1,2
14624,1,1,2
13456,1,1,2
16142,1,1,2
14503,1,1,2
10077,1,1,2
16665,1,1,2
25032,1,1,2
22368,1,1,2
29103,1,1,2
17234,1,1,2
21952,1,1,2
9907,1,1,2
32235,1,1,2
17289,1,1,2
16511,1,1,2
2811,2,0,2
565,2,0,2
1818,2,0,2
1819,2,0,2
19279,1,1,2
22829,1,1,2
2216,2,0,2
1047,2,0,2
2944,2,0,2
2738,2,0,2
2586,2,0,2
25348,1,1,2
3011,2,0,2
3012,2,0,2
14142,1,1,2
3014,2,0,2
21511,1,1,2
21211,1,1,2
21883,1,1,2
25493,1,1,2
28201,1,1,2
8732,1,1,2
23093,1,1,2
14445,1,1,2
723,2,0,2
19406,1,1,2
1637,2,0,2
32677,1,1,2
11567,1,1,2
8207,1,1,2
14394,1,1,2
13673,1,1,2
8570,1,1,2
22738,1,1,2
8812,1,1,2
12550,1,1,2
8126,1,1,2
8125,1,1,2
2476,2,0,2
2336,2,0,2
2337,2,0,2
32707,1,1,2
12790,1,1,2
8361,1,1,2
897,2,0,2
12887,1,1,2
13865,1,1,2
21552,1,1,2
29256,1,1,2
2159,2,0,2
8128,1,1,2
8127,1,1,2
14009,1,1,2
28997,1,1,2
29999,1,1,2
8273,1,1,2
601,2,0,2
602,2,0,2
606,2,0,2
675,2,0,2
677,2,0,2
8130,1,1,2
8129,1,1,2
1111,2,0,2
11080,1,1,2
1117,2,0,2
2151,2,0,2
10331,1,1,2
328,2,0,2
14754,1,1,2
24625,1,1,2
11286,1,1,2
22437,1,1,2
32225,1,1,2
10877,1,1,2
8132,1,1,2
8131,1,1,2
23835,1,1,2
173,2,0,2
174,2,0,2
382,2,0,2
187,2,0,2
190,2,0,2
204,2,0,2
214,2,0,2
16633,1,1,2
297,2,0,2
318,2,0,2
340,2,0,2
348,2,0,2
353,2,0,2
377,2,0,2
381,2,0,2
383,2,0,2
386,2,0,2
384,2,0,2
390,2,0,2
379,2,0,2
387,2,0,2
422,2,0,2
423,2,0,2
2502,2,0,2
456,2,0,2
455,2,0,2
458,2,0,2
459,2,0,2
464,2,0,2
466,2,0,2
467,2,0,2
470,2,0,2
476,2,0,2
475,2,0,2
479,2,0,2
481,2,0,2
485,2,0,2
496,2,0,2
20286,1,1,2
525,2,0,2
8134,1,1,2
8133,1,1,2
8798,1,1,2
9308,1,1,2
667,2,0,2
570,2,0,2
572,2,0,2
1284,2,0,2
10551,1,1,2
15146,1,1,2
17863,1,1,2
2500,2,0,2
14334,1,1,2
28894,1,1,2
22402,1,1,2
20760,1,1,2
2501,2,0,2
2503,2,0,2
31749,1,1,2
23201,1,1,2
2506,2,0,2
11316,1,1,2
2511,2,0,2
2512,2,0,2
16318,1,1,2
9641,1,1,2
2514,2,0,2
2515,2,0,2
16854,1,1,2
2516,2,0,2
12136,1,1,2
1494,2,0,2
10041,1,1,2
2517,2,0,2
14063,1,1,2
21921,1,1,2
24025,1,1,2
2518,2,0,2
32593,1,1,2
2519,2,0,2
29851,1,1,2
15913,1,1,2
737,2,0,2
738,2,0,2
749,2,0,2
755,2,0,2
24399,1,1,2
20025,1,1,2
18946,1,1,2
31817,1,1,2
31882,1,1,2
31775,1,1,2
8217,1,1,2
9425,1,1,2
24814,1,1,2
29112,1,1,2
24884,1,1,2
14481,1,1,2
8280,1,1,2
811,2,0,2
813,2,0,2
21454,1,1,2
25586,1,1,2
15474,1,1,2
21508,1,1,2
8135,1,1,2
2596,2,0,2
28509,1,1,2
10958,1,1,2
8138,1,1,2
8137,1,1,2
640,2,0,2
8140,1,1,2
8139,1,1,2
8142,1,1,2
8141,1,1,2
8144,1,1,2
8143,1,1,2
13546,1,1,2
8148,1,1,2
8149,1,1,2
29904,1,1,2
8152,1,1,2
8151,1,1,2
8154,1,1,2
18532,1,1,2
8156,1,1,2
8155,1,1,2
18454,1,1,2
8158,1,1,2
25024,1,1,2
8160,1,1,2
8159,1,1,2
8162,1,1,2
8161,1,1,2
8164,1,1,2
8163,1,1,2
8166,1,1,2
8165,1,1,2
8168,1,1,2
8167,1,1,2
8170,1,1,2
8169,1,1,2
24180,1,1,2
11091,1,1,2
8172,1,1,2
8171,1,1,2
8174,1,1,2
8173,1,1,2
24143,1,1,2
8177,1,1,2
17190,1,1,2
8180,1,1,2
8179,1,1,2
11002,1,1,2
8182,1,1,2
8181,1,1,2
9231,1,1,2
9968,1,1,2
9679,1,1,2
8184,1,1,2
14107,1,1,2
24237,1,1,2
21482,1,1,2
8185,1,1,2
12206,1,1,2
957,2,0,2
8188,1,1,2
8190,1,1,2
8189,1,1,2
8192,1,1,2
8191,1,1,2
8591,1,1,2
16833,1,1,2
12237,1,1,2
28888,1,1,2
954,2,0,2
7633,1,1,2
7636,1,1,2
7635,1,1,2
7638,1,1,2
7637,1,1,2
7640,1,1,2
7639,1,1,2
7642,1,1,2
7641,1,1,2
7644,1,1,2
7643,1,1,2
7646,1,1,2
7645,1,1,2
7648,1,1,2
7647,1,1,2
7649,1,1,2
7652,1,1,2
7654,1,1,2
7653,1,1,2
7656,1,1,2
7655,1,1,2
7658,1,1,2
7657,1,1,2
7659,1,1,2
7662,1,1,2
7661,1,1,2
7664,1,1,2
7663,1,1,2
15390,1,1,2
7666,1,1,2
7665,1,1,2
7668,1,1,2
7667,1,1,2
7669,1,1,2
7672,1,1,2
7674,1,1,2
7673,1,1,2
7676,1,1,2
7675,1,1,2
7678,1,1,2
7677,1,1,2
7680,1,1,2
7679,1,1,2
7682,1,1,2
7684,1,1,2
7685,1,1,2
7688,1,1,2
7687,1,1,2
7690,1,1,2
7689,1,1,2
7692,1,1,2
7691,1,1,2
7694,1,1,2
7693,1,1,2
7696,1,1,2
7695,1,1,2
7698,1,1,2
7700,1,1,2
7699,1,1,2
7702,1,1,2
7701,1,1,2
7704,1,1,2
7703,1,1,2
7706,1,1,2
7705,1,1,2
7707,1,1,2
7709,1,1,2
7712,1,1,2
7714,1,1,2
7713,1,1,2
7716,1,1,2
7715,1,1,2
45911,1,1,2
7718,1,1,2
7720,1,1,2
7719,1,1,2
7722,1,1,2
7721,1,1,2
7724,1,1,2
7723,1,1,2
7726,1,1,2
7725,1,1,2
7728,1,1,2
7727,1,1,2
7730,1,1,2
7729,1,1,2
7732,1,1,2
7731,1,1,2
7734,1,1,2
7733,1,1,2
7736,1,1,2
7735,1,1,2
43434,1,1,2
7738,1,1,2
7740,1,1,2
7739,1,1,2
7741,1,1,2
7744,1,1,2
7743,1,1,2
7746,1,1,2
7747,1,1,2
7750,1,1,2
7749,1,1,2
7752,1,1,2
7751,1,1,2
7754,1,1,2
7753,1,1,2
46404,1,1,2
7755,1,1,2
7758,1,1,2
7757,1,1,2
7760,1,1,2
7759,1,1,2
7762,1,1,2
7761,1,1,2
7764,1,1,2
7766,1,1,2
7765,1,1,2
7768,1,1,2
7767,1,1,2
7769,1,1,2
7772,1,1,2
7771,1,1,2
7773,1,1,2
7776,1,1,2
7775,1,1,2
7777,1,1,2
7780,1,1,2
7782,1,1,2
7781,1,1,2
32486,1,1,2
7784,1,1,2
7783,1,1,2
7786,1,1,2
7785,1,1,2
7787,1,1,2
7789,1,1,2
7792,1,1,2
7791,1,1,2
7794,1,1,2
7796,1,1,2
7795,1,1,2
38371,1,1,2
7798,1,1,2
7797,1,1,2
7800,1,1,2
7799,1,1,2
7804,1,1,2
7803,1,1,2
7806,1,1,2
7807,1,1,2
7810,1,1,2
7809,1,1,2
7812,1,1,2
7811,1,1,2
46580,1,1,2
7814,1,1,2
7813,1,1,2
7816,1,1,2
7815,1,1,2
7818,1,1,2
7817,1,1,2
7820,1,1,2
7822,1,1,2
7821,1,1,2
7824,1,1,2
7823,1,1,2
7826,1,1,2
7825,1,1,2
7828,1,1,2
7830,1,1,2
7829,1,1,2
7832,1,1,2
7831,1,1,2
7834,1,1,2
7833,1,1,2
7835,1,1,2
21494,1,1,2
227,2,0,2
308,2,0,2
2168,2,0,2
1496,2,0,2
1482,2,0,2
2227,2,0,2
14,2,0,2
7838,1,1,2
7837,1,1,2
7840,1,1,2
7839,1,1,2
751,2,0,2
1488,2,0,2
678,2,0,2
953,2,0,2
2663,2,0,2
2654,2,0,2
2957,2,0,2
697,2,0,2
2134,2,0,2
2049,2,0,2
31,2,0,2
73,2,0,2
180,2,0,2
7844,1,1,2
7843,1,1,2
355,2,0,2
2238,2,0,2
1250,2,0,2
2830,2,0,2
8,2,0,2
2079,2,0,2
7846,1,1,2
7845,1,1,2
935,2,0,2
2923,2,0,2
124,2,0,2
637,2,0,2
20266,1,1,2
7848,1,1,2
7847,1,1,2
2633,2,0,2
7850,1,1,2
7849,1,1,2
541,2,0,2
24739,1,1,2
23349,1,1,2
21755,1,1,2
9480,1,1,2
21021,1,1,2
14084,1,1,2
23320,1,1,2
16864,1,1,2
32466,1,1,2
28640,1,1,2
12660,1,1,2
14044,1,1,2
24920,1,1,2
7852,1,1,2
7851,1,1,2
7854,1,1,2
7853,1,1,2
7856,1,1,2
7855,1,1,2
22969,1,1,2
7858,1,1,2
7857,1,1,2
861,2,0,2
7860,1,1,2
12360,1,1,2
17055,1,1,2
17529,1,1,2
14228,1,1,2
8567,1,1,2
7862,1,1,2
7861,1,1,2
23214,1,1,2
10093,1,1,2
7863,1,1,2
7866,1,1,2
7865,1,1,2
1314,2,0,2
7868,1,1,2
7867,1,1,2
7870,1,1,2
7869,1,1,2
7872,1,1,2
7871,1,1,2
7874,1,1,2
7873,1,1,2
7876,1,1,2
7875,1,1,2
7878,1,1,2
7877,1,1,2
25636,1,1,2
7880,1,1,2
7879,1,1,2
7882,1,1,2
7884,1,1,2
7883,1,1,2
14048,1,1,2
24463,1,1,2
14117,1,1,2
21087,1,1,2
29798,1,1,2
29035,1,1,2
19138,1,1,2
21695,1,1,2
10401,1,1,2
10028,1,1,2
17661,1,1,2
8525,1,1,2
8987,1,1,2
14262,1,1,2
20226,1,1,2
25321,1,1,2
16640,1,1,2
11197,1,1,2
7886,1,1,2
7887,1,1,2
16049,1,1,2
22433,1,1,2
12247,1,1,2
16526,1,1,2
23341,1,1,2
19022,1,1,2
22617,1,1,2
20206,1,1,2
18501,1,1,2
7890,1,1,2
7889,1,1,2
8416,1,1,2
17897,1,1,2
17889,1,1,2
16634,1,1,2
17526,1,1,2
15898,1,1,2
20201,1,1,2
12720,1,1,2
11960,1,1,2
15928,1,1,2
7892,1,1,2
7891,1,1,2
12203,1,1,2
29087,1,1,2
13479,1,1,2
10191,1,1,2
24786,1,1,2
15690,1,1,2
15270,1,1,2
17265,1,1,2
14505,1,1,2
9533,1,1,2
8528,1,1,2
32065,1,1,2
15183,1,1,2
20158,1,1,2
29304,1,1,2
9579,1,1,2
11138,1,1,2
17491,1,1,2
16105,1,1,2
7896,1,1,2
7895,1,1,2
7898,1,1,2
7897,1,1,2
7902,1,1,2
7901,1,1,2
7904,1,1,2
7903,1,1,2
7906,1,1,2
7905,1,1,2
1491,2,0,2
7907,1,1,2
7910,1,1,2
7909,1,1,2
7912,1,1,2
7911,1,1,2
701,2,0,2
21298,1,1,2
9567,1,1,2
12943,1,1,2
10869,1,1,2
16615,1,1,2
10372,1,1,2
14827,1,1,2
22490,1,1,2
21329,1,1,2
19163,1,1,2
17288,1,1,2
17784,1,1,2
7914,1,1,2
7913,1,1,2
7915,1,1,2
7918,1,1,2
7922,1,1,2
7921,1,1,2
7924,1,1,2
7923,1,1,2
7926,1,1,2
7925,1,1,2
7928,1,1,2
7930,1,1,2
7929,1,1,2
7341,1,1,2
7340,1,1,2
716,2,0,2
7343,1,1,2
7342,1,1,2
7345,1,1,2
7344,1,1,2
7347,1,1,2
7346,1,1,2
7349,1,1,2
7348,1,1,2
7351,1,1,2
7350,1,1,2
7352,1,1,2
7355,1,1,2
7354,1,1,2
7357,1,1,2
7356,1,1,2
7359,1,1,2
7358,1,1,2
2482,2,0,2
7360,1,1,2
14295,1,1,2
7363,1,1,2
7362,1,1,2
41103,1,1,2
7365,1,1,2
7364,1,1,2
7366,1,1,2
7369,1,1,2
7368,1,1,2
19044,1,1,2
7371,1,1,2
7373,1,1,2
7372,1,1,2
7374,1,1,2
7377,1,1,2
7376,1,1,2
7379,1,1,2
7378,1,1,2
7381,1,1,2
7380,1,1,2
7383,1,1,2
7382,1,1,2
7385,1,1,2
7384,1,1,2
7388,1,1,2
7386,1,1,2
7387,1,1,2
13885,1,1,2
7390,1,1,2
7389,1,1,2
7392,1,1,2
7391,1,1,2
7394,1,1,2
7393,1,1,2
48156,1,1,2
29767,1,1,2
16608,1,1,2
14970,1,1,2
7395,1,1,2
7398,1,1,2
7397,1,1,2
7400,1,1,2
7402,1,1,2
7401,1,1,2
7404,1,1,2
7403,1,1,2
17453,1,1,2
7406,1,1,2
7405,1,1,2
28819,1,1,2
7408,1,1,2
7407,1,1,2
7410,1,1,2
16933,1,1,2
7412,1,1,2
7411,1,1,2
7414,1,1,2
7413,1,1,2
23267,1,1,2
7416,1,1,2
7415,1,1,2
7418,1,1,2
7417,1,1,2
7420,1,1,2
7419,1,1,2
28526,1,1,2
7422,1,1,2
7421,1,1,2
2231,2,0,2
7424,1,1,2
7426,1,1,2
7425,1,1,2
7427,1,1,2
7430,1,1,2
22565,1,1,2
7432,1,1,2
16081,1,1,2
13875,1,1,2
13102,1,1,2
7434,1,1,2
7433,1,1,2
7436,1,1,2
7435,1,1,2
7438,1,1,2
7440,1,1,2
7439,1,1,2
9239,1,1,2
29911,1,1,2
7442,1,1,2
7441,1,1,2
7444,1,1,2
7443,1,1,2
24137,1,1,2
13547,1,1,2
7446,1,1,2
8819,1,1,2
21551,1,1,2
18017,1,1,2
28684,1,1,2
7448,1,1,2
7447,1,1,2
28751,1,1,2
7450,1,1,2
7452,1,1,2
7451,1,1,2
7454,1,1,2
7453,1,1,2
16673,1,1,2
7456,1,1,2
7455,1,1,2
7458,1,1,2
7457,1,1,2
7460,1,1,2
7459,1,1,2
24480,1,1,2
7461,1,1,2
7464,1,1,2
7466,1,1,2
7465,1,1,2
7468,1,1,2
7467,1,1,2
7470,1,1,2
7472,1,1,2
7471,1,1,2
7474,1,1,2
7476,1,1,2
7475,1,1,2
1127,2,0,2
42178,2,0,2
7478,1,1,2
7477,1,1,2
7480,1,1,2
7479,1,1,2
186,2,0,2
2091,2,0,2
2119,2,0,2
12996,1,1,2
804,2,0,2
1061,2,0,2
351,2,0,2
7484,1,1,2
7483,1,1,2
7486,1,1,2
7485,1,1,2
7488,1,1,2
7487,1,1,2
7489,1,1,2
7492,1,1,2
7491,1,1,2
7494,1,1,2
7495,1,1,2
7498,1,1,2
7497,1,1,2
7500,1,1,2
7499,1,1,2
7502,1,1,2
7501,1,1,2
7504,1,1,2
7503,1,1,2
7506,1,1,2
7505,1,1,2
2268,2,0,2
52,2,0,2
7508,1,1,2
7507,1,1,2
8492,1,1,2
10244,1,1,2
17857,1,1,2
20002,1,1,2
7509,1,1,2
16989,1,1,2
28832,1,1,2
31673,1,1,2
28968,1,1,2
20596,1,1,2
17387,1,1,2
16481,1,1,2
15330,1,1,2
9448,1,1,2
12225,1,1,2
13513,1,1,2
28395,1,1,2
13629,1,1,2
22019,1,1,2
2148,2,0,2
2492,2,0,2
8386,1,1,2
13501,1,1,2
19975,1,1,2
20936,1,1,2
9613,1,1,2
16923,1,1,2
8571,1,1,2
23993,1,1,2
31832,1,1,2
11408,1,1,2
23243,1,1,2
9037,1,1,2
10756,1,1,2
21239,1,1,2
7512,1,1,2
7511,1,1,2
11021,1,1,2
12100,1,1,2
16402,1,1,2
16887,1,1,2
18200,1,1,2
12193,1,1,2
17806,1,1,2
31670,1,1,2
10907,1,1,2
20144,1,1,2
15522,1,1,2
23423,1,1,2
15565,1,1,2
16936,1,1,2
20317,1,1,2
2313,2,0,2
7514,1,1,2
18048,1,1,2
11777,1,1,2
9127,1,1,2
15718,1,1,2
21310,1,1,2
10279,1,1,2
11712,1,1,2
29048,1,1,2
9062,1,1,2
18291,1,1,2
21152,1,1,2
11619,1,1,2
28765,1,1,2
24967,1,1,2
1360,2,0,2
1499,2,0,2
18799,1,1,2
12625,1,1,2
17345,1,1,2
31941,1,1,2
12485,1,1,2
2414,2,0,2
12758,1,1,2
16010,1,1,2
13947,1,1,2
10020,1,1,2
13300,1,1,2
7516,1,1,2
7515,1,1,2
10156,1,1,2
15926,1,1,2
20001,1,1,2
8555,1,1,2
29360,1,1,2
11375,1,1,2
32018,1,1,2
17888,1,1,2
1242,2,0,2
11972,1,1,2
13422,1,1,2
11367,1,1,2
14876,1,1,2
9028,1,1,2
25281,1,1,2
13282,1,1,2
2322,2,0,2
1038,2,0,2
11735,1,1,2
7518,1,1,2
7517,1,1,2
21196,1,1,2
13363,1,1,2
23589,1,1,2
927,2,0,2
928,2,0,2
10012,1,1,2
25510,1,1,2
20549,1,1,2
13107,1,1,2
22058,1,1,2
9380,1,1,2
8771,1,1,2
7520,1,1,2
2747,2,0,2
1838,2,0,2
2691,2,0,2
349,2,0,2
350,2,0,2
1834,2,0,2
9754,1,1,2
31940,1,1,2
19428,1,1,2
21456,1,1,2
11068,1,1,2
20228,1,1,2
7522,1,1,2
22904,1,1,2
15678,1,1,2
32709,1,1,2
13878,1,1,2
12644,1,1,2
21728,1,1,2
14182,1,1,2
13375,1,1,2
10991,1,1,2
16861,1,1,2
29686,1,1,2
28177,1,1,2
2692,2,0,2
2693,2,0,2
2695,2,0,2
2694,2,0,2
7524,1,1,2
7523,1,1,2
1421,2,0,2
327,2,0,2
1039,2,0,2
1041,2,0,2
18308,1,1,2
21441,1,1,2
7525,1,1,2
70,2,0,2
126,2,0,2
125,2,0,2
127,2,0,2
230,2,0,2
7528,1,1,2
7527,1,1,2
46,2,0,2
495,2,0,2
588,2,0,2
643,2,0,2
670,2,0,2
7530,1,1,2
7529,1,1,2
84,2,0,2
843,2,0,2
922,2,0,2
930,2,0,2
931,2,0,2
7532,1,1,2
7531,1,1,2
1171,2,0,2
217,2,0,2
288,2,0,2
7534,1,1,2
7536,1,1,2
7535,1,1,2
1638,2,0,2
1735,2,0,2
7538,1,1,2
7537,1,1,2
2120,2,0,2
2124,2,0,2
2125,2,0,2
2126,2,0,2
2219,2,0,2
7540,1,1,2
7539,1,1,2
2252,2,0,2
1052,2,0,2
17111,1,1,2
21357,1,1,2
2275,2,0,2
2361,2,0,2
2362,2,0,2
1073,2,0,2
2477,2,0,2
7542,1,1,2
7541,1,1,2
48102,1,1,2
43522,1,1,2
2625,2,0,2
2684,2,0,2
2685,2,0,2
2817,2,0,2
2819,2,0,2
2833,2,0,2
2898,2,0,2
2899,2,0,2
7544,1,1,2
7543,1,1,2
21854,1,1,2
7546,1,1,2
7545,1,1,2
1071,2,0,2
33678,1,1,2
946,2,0,2
7548,1,1,2
7547,1,1,2
7549,1,1,2
1261,2,0,2
7552,1,1,2
7551,1,1,2
21713,1,1,2
28464,1,1,2
16954,1,1,2
18768,1,1,2
19330,1,1,2
10491,1,1,2
7554,1,1,2
7553,1,1,2
28477,1,1,2
14104,1,1,2
11109,1,1,2
21224,1,1,2
7556,1,1,2
7555,1,1,2
28612,1,1,2
22868,1,1,2
23574,1,1,2
19149,1,1,2
28857,1,1,2
7558,1,1,2
7557,1,1,2
250,2,0,2
7560,1,1,2
7559,1,1,2
7561,1,1,2
28799,1,1,2
11732,1,1,2
3066,2,0,2
1058,2,0,2
2270,2,0,2
14603,1,1,2
2992,2,0,2
7563,1,1,2
15169,1,1,2
545,2,0,2
708,2,0,2
15388,1,1,2
739,2,0,2
31653,1,1,2
14455,1,1,2
11515,1,1,2
18034,1,1,2
7566,1,1,2
7565,1,1,2
28620,1,1,2
8919,1,1,2
14975,1,1,2
21316,1,1,2
2499,2,0,2
7568,1,1,2
7567,1,1,2
18947,1,1,2
13352,1,1,2
7570,1,1,2
7569,1,1,2
19835,1,1,2
23091,1,1,2
12948,1,1,2
14086,1,1,2
2097,2,0,2
19767,1,1,2
14375,1,1,2
17734,1,1,2
31731,1,1,2
8880,1,1,2
15988,1,1,2
19836,1,1,2
2522,2,0,2
2116,2,0,2
7572,1,1,2
7571,1,1,2
2039,2,0,2
14520,1,1,2
7574,1,1,2
7573,1,1,2
3020,2,0,2
13055,1,1,2
16973,1,1,2
2893,2,0,2
11397,1,1,2
19422,1,1,2
10322,1,1,2
7576,1,1,2
7575,1,1,2
9202,1,1,2
29728,1,1,2
2135,2,0,2
1021,2,0,2
2047,2,0,2
7578,1,1,2
7577,1,1,2
1832,2,0,2
24081,1,1,2
19430,1,1,2
2021,2,0,2
7580,1,1,2
7579,1,1,2
16356,1,1,2
20602,1,1,2
8878,1,1,2
8641,1,1,2
9912,1,1,2
15375,1,1,2
15975,1,1,2
22393,1,1,2
9921,1,1,2
9787,1,1,2
10576,1,1,2
17578,1,1,2
13702,1,1,2
14616,1,1,2
14489,1,1,2
9230,1,1,2
23045,1,1,2
19368,1,1,2
31966,1,1,2
11812,1,1,2
18058,1,1,2
11145,1,1,2
8396,1,1,2
9270,1,1,2
23124,1,1,2
18761,1,1,2
8272,1,1,2
959,2,0,2
9124,1,1,2
15667,1,1,2
10531,1,1,2
25599,1,1,2
23076,1,1,2
14981,1,1,2
937,2,0,2
2831,2,0,2
2832,2,0,2
2834,2,0,2
7582,1,1,2
7581,1,1,2
7584,1,1,2
7583,1,1,2
33209,1,1,2
11061,1,1,2
7586,1,1,2
7585,1,1,2
7588,1,1,2
7587,1,1,2
7590,1,1,2
7589,1,1,2
301,2,0,2
2250,2,0,2
7592,1,1,2
7591,1,1,2
2256,2,0,2
745,2,0,2
2562,2,0,2
2884,2,0,2
134,2,0,2
1252,2,0,2
2287,2,0,2
22204,1,1,2
18301,1,1,2
7594,1,1,2
7593,1,1,2
22743,1,1,2
7596,1,1,2
7595,1,1,2
2408,2,0,2
1334,2,0,2
939,2,0,2
237,2,0,2
2525,2,0,2
577,2,0,2
7598,1,1,2
7597,1,1,2
14925,1,1,2
136,2,0,2
1277,2,0,2
2891,2,0,2
679,2,0,2
770,2,0,2
773,2,0,2
7600,1,1,2
129,2,0,2
1342,2,0,2
7602,1,1,2
7601,1,1,2
7604,1,1,2
7603,1,1,2
2355,2,0,2
2357,2,0,2
899,2,0,2
1113,2,0,2
1051,2,0,2
7606,1,1,2
7605,1,1,2
2766,2,0,2
1629,2,0,2
948,2,0,2
2529,2,0,2
7608,1,1,2
7607,1,1,2
724,2,0,2
725,2,0,2
19,2,0,2
30,2,0,2
131,2,0,2
133,2,0,2
135,2,0,2
140,2,0,2
141,2,0,2
142,2,0,2
145,2,0,2
144,2,0,2
7610,1,1,2
7609,1,1,2
695,2,0,2
630,2,0,2
636,2,0,2
665,2,0,2
680,2,0,2
681,2,0,2
683,2,0,2
682,2,0,2
685,2,0,2
684,2,0,2
686,2,0,2
688,2,0,2
692,2,0,2
691,2,0,2
694,2,0,2
696,2,0,2
702,2,0,2
709,2,0,2
720,2,0,2
756,2,0,2
757,2,0,2
761,2,0,2
762,2,0,2
763,2,0,2
766,2,0,2
767,2,0,2
769,2,0,2
778,2,0,2
779,2,0,2
775,2,0,2
777,2,0,2
785,2,0,2
786,2,0,2
788,2,0,2
789,2,0,2
795,2,0,2
791,2,0,2
796,2,0,2
803,2,0,2
805,2,0,2
812,2,0,2
814,2,0,2
815,2,0,2
7612,1,1,2
7611,1,1,2
863,2,0,2
864,2,0,2
869,2,0,2
903,2,0,2
917,2,0,2
919,2,0,2
920,2,0,2
921,2,0,2
923,2,0,2
924,2,0,2
929,2,0,2
932,2,0,2
934,2,0,2
936,2,0,2
949,2,0,2
950,2,0,2
955,2,0,2
958,2,0,2
960,2,0,2
963,2,0,2
1056,2,0,2
1075,2,0,2
1079,2,0,2
1081,2,0,2
2769,2,0,2
1158,2,0,2
1165,2,0,2
1161,2,0,2
1162,2,0,2
1168,2,0,2
1179,2,0,2
1167,2,0,2
1170,2,0,2
1173,2,0,2
1174,2,0,2
1175,2,0,2
1177,2,0,2
1235,2,0,2
1481,2,0,2
1236,2,0,2
1239,2,0,2
1243,2,0,2
1244,2,0,2
1245,2,0,2
1248,2,0,2
1249,2,0,2
1246,2,0,2
1241,2,0,2
1251,2,0,2
1254,2,0,2
1256,2,0,2
1259,2,0,2
1260,2,0,2
1268,2,0,2
1276,2,0,2
1278,2,0,2
1279,2,0,2
7614,1,1,2
7613,1,1,2
7616,1,1,2
7615,1,1,2
7618,1,1,2
7617,1,1,2
7620,1,1,2
7622,1,1,2
7621,1,1,2
7624,1,1,2
7626,1,1,2
7625,1,1,2
7628,1,1,2
7627,1,1,2
7630,1,1,2
7629,1,1,2
7632,1,1,2
7631,1,1,2
7047,1,1,2
7046,1,1,2
7049,1,1,2
7048,1,1,2
7051,1,1,2
7050,1,1,2
7053,1,1,2
7052,1,1,2
38078,1,1,2
7055,1,1,2
7054,1,1,2
7056,1,1,2
7059,1,1,2
7058,1,1,2
7061,1,1,2
7063,1,1,2
7062,1,1,2
14286,1,1,2
24588,1,1,2
23167,1,1,2
28260,1,1,2
23745,1,1,2
29656,1,1,2
7065,1,1,2
7064,1,1,2
43788,1,1,2
19614,1,1,2
9763,1,1,2
21923,1,1,2
24315,1,1,2
24691,1,1,2
31716,1,1,2
22465,1,1,2
21972,1,1,2
7067,1,1,2
7066,1,1,2
7069,1,1,2
7068,1,1,2
32063,1,1,2
7071,1,1,2
7070,1,1,2
7072,1,1,2
21488,1,1,2
7075,1,1,2
7074,1,1,2
21017,1,1,2
22266,1,1,2
24591,1,1,2
24134,1,1,2
21960,1,1,2
7077,1,1,2
7076,1,1,2
22242,1,1,2
7079,1,1,2
7081,1,1,2
7080,1,1,2
7082,1,1,2
2326,2,0,2
7085,1,1,2
7084,1,1,2
7087,1,1,2
7086,1,1,2
7089,1,1,2
7088,1,1,2
7091,1,1,2
7090,1,1,2
7093,1,1,2
7092,1,1,2
7095,1,1,2
7094,1,1,2
7097,1,1,2
22151,1,1,2
7099,1,1,2
7101,1,1,2
7100,1,1,2
7103,1,1,2
7102,1,1,2
7105,1,1,2
7107,1,1,2
7106,1,1,2
7108,1,1,2
7110,1,1,2
7113,1,1,2
7112,1,1,2
7117,1,1,2
7116,1,1,2
17136,1,1,2
7119,1,1,2
7118,1,1,2
32249,1,1,2
14093,1,1,2
13105,1,1,2
25548,1,1,2
21101,1,1,2
7120,1,1,2
22482,1,1,2
11758,1,1,2
19473,1,1,2
32169,1,1,2
10519,1,1,2
7122,1,1,2
7125,1,1,2
28729,1,1,2
22347,1,1,2
12583,1,1,2
10649,1,1,2
32256,1,1,2
9445,1,1,2
11187,1,1,2
29519,1,1,2
29297,1,1,2
7127,1,1,2
7126,1,1,2
28909,1,1,2
22705,1,1,2
23624,1,1,2
14139,1,1,2
28391,1,1,2
10060,1,1,2
7128,1,1,2
7131,1,1,2
7133,1,1,2
7135,1,1,2
7134,1,1,2
7137,1,1,2
7136,1,1,2
7139,1,1,2
21746,1,1,2
21373,1,1,2
21283,1,1,2
21922,1,1,2
7141,1,1,2
7140,1,1,2
23774,1,1,2
7143,1,1,2
7145,1,1,2
7144,1,1,2
8403,1,1,2
5507,1,1,2
7147,1,1,2
7146,1,1,2
17459,1,1,2
23825,1,1,2
13208,1,1,2
12765,1,1,2
24017,1,1,2
22928,1,1,2
23065,1,1,2
22208,1,1,2
7149,1,1,2
7148,1,1,2
7151,1,1,2
7150,1,1,2
7153,1,1,2
7152,1,1,2
10598,1,1,2
7155,1,1,2
7154,1,1,2
31616,1,1,2
7157,1,1,2
7156,1,1,2
29549,1,1,2
7159,1,1,2
7158,1,1,2
7161,1,1,2
7160,1,1,2
7163,1,1,2
7162,1,1,2
7165,1,1,2
7164,1,1,2
7167,1,1,2
7168,1,1,2
7171,1,1,2
7170,1,1,2
7173,1,1,2
7172,1,1,2
7175,1,1,2
7174,1,1,2
7177,1,1,2
7176,1,1,2
7179,1,1,2
7178,1,1,2
7181,1,1,2
7180,1,1,2
29598,1,1,2
7183,1,1,2
7182,1,1,2
7185,1,1,2
7184,1,1,2
7187,1,1,2
7186,1,1,2
7189,1,1,2
7188,1,1,2
7191,1,1,2
7190,1,1,2
7193,1,1,2
7192,1,1,2
7195,1,1,2
7194,1,1,2
7197,1,1,2
9015,1,1,2
2534,2,0,2
31565,1,1,2
16821,1,1,2
31698,1,1,2
7199,1,1,2
7198,1,1,2
7201,1,1,2
7200,1,1,2
7203,1,1,2
7202,1,1,2
7205,1,1,2
7204,1,1,2
7207,1,1,2
7206,1,1,2
22264,1,1,2
7209,1,1,2
7208,1,1,2
7211,1,1,2
7210,1,1,2
7213,1,1,2
7212,1,1,2
7215,1,1,2
7214,1,1,2
41259,1,1,2
7216,1,1,2
7219,1,1,2
7218,1,1,2
7221,1,1,2
7220,1,1,2
7223,1,1,2
7222,1,1,2
7225,1,1,2
7224,1,1,2
7227,1,1,2
7226,1,1,2
7228,1,1,2
819,2,0,2
1826,2,0,2
2967,2,0,2
2531,2,0,2
3034,2,0,2
7231,1,1,2
7230,1,1,2
7233,1,1,2
7232,1,1,2
2052,2,0,2
7235,1,1,2
7234,1,1,2
2651,2,0,2
2802,2,0,2
221,2,0,2
7241,1,1,2
7240,1,1,2
2130,2,0,2
1086,2,0,2
11766,1,1,2
28239,1,1,2
20223,1,1,2
17472,1,1,2
28162,1,1,2
8846,1,1,2
23424,1,1,2
18896,1,1,2
7243,1,1,2
7242,1,1,2
11155,1,1,2
24339,1,1,2
31533,1,1,2
15796,1,1,2
7244,1,1,2
1591,2,0,2
7247,1,1,2
7246,1,1,2
352,2,0,2
2947,2,0,2
7249,1,1,2
7248,1,1,2
103,2,0,2
1102,2,0,2
2559,2,0,2
20009,1,1,2
24925,1,1,2
18126,1,1,2
14309,1,1,2
24200,1,1,2
11594,1,1,2
22339,1,1,2
2949,2,0,2
23482,1,1,2
13308,1,1,2
10886,1,1,2
2839,2,0,2
24699,1,1,2
289,2,0,2
9404,1,1,2
20697,1,1,2
28523,1,1,2
19529,1,1,2
14210,1,1,2
19944,1,1,2
32382,1,1,2
11751,1,1,2
7253,1,1,2
7252,1,1,2
32687,1,1,2
14215,1,1,2
2025,2,0,2
16187,1,1,2
13749,1,1,2
11280,1,1,2
18876,1,1,2
14218,1,1,2
31890,1,1,2
15706,1,1,2
12659,1,1,2
9548,1,1,2
7255,1,1,2
2043,2,0,2
14595,1,1,2
2157,2,0,2
249,2,0,2
2472,2,0,2
2351,2,0,2
7259,1,1,2
7258,1,1,2
7261,1,1,2
7260,1,1,2
7262,1,1,2
2299,2,0,2
21444,1,1,2
7265,1,1,2
7264,1,1,2
14807,1,1,2
14462,1,1,2
14635,1,1,2
15078,1,1,2
7266,1,1,2
7269,1,1,2
7268,1,1,2
7271,1,1,2
7270,1,1,2
7273,1,1,2
7272,1,1,2
7274,1,1,2
31605,1,1,2
7277,1,1,2
7276,1,1,2
15621,1,1,2
7279,1,1,2
7278,1,1,2
24817,1,1,2
7281,1,1,2
7280,1,1,2
7283,1,1,2
7282,1,1,2
7285,1,1,2
7284,1,1,2
7287,1,1,2
7286,1,1,2
7289,1,1,2
7288,1,1,2
7291,1,1,2
7290,1,1,2
7293,1,1,2
7292,1,1,2
7295,1,1,2
22013,1,1,2
7297,1,1,2
7296,1,1,2
18056,1,1,2
7299,1,1,2
7298,1,1,2
7300,1,1,2
7303,1,1,2
7302,1,1,2
7305,1,1,2
7304,1,1,2
7307,1,1,2
7309,1,1,2
7308,1,1,2
7311,1,1,2
7310,1,1,2
7313,1,1,2
7312,1,1,2
7315,1,1,2
7314,1,1,2
7317,1,1,2
7316,1,1,2
7319,1,1,2
7318,1,1,2
7321,1,1,2
7320,1,1,2
7323,1,1,2
7322,1,1,2
7325,1,1,2
7324,1,1,2
7327,1,1,2
7326,1,1,2
7329,1,1,2
7328,1,1,2
7331,1,1,2
7330,1,1,2
7333,1,1,2
7332,1,1,2
7335,1,1,2
7334,1,1,2
17222,1,1,2
6763,1,1,2
6762,1,1,2
15682,1,1,2
6765,1,1,2
6764,1,1,2
21963,1,1,2
6767,1,1,2
6766,1,1,2
6769,1,1,2
6768,1,1,2
6771,1,1,2
6770,1,1,2
6773,1,1,2
6772,1,1,2
6774,1,1,2
6777,1,1,2
6776,1,1,2
6779,1,1,2
6778,1,1,2
6781,1,1,2
6780,1,1,2
6783,1,1,2
6785,1,1,2
6784,1,1,2
6786,1,1,2
6789,1,1,2
6788,1,1,2
6791,1,1,2
6790,1,1,2
6793,1,1,2
6795,1,1,2
6794,1,1,2
6796,1,1,2
6799,1,1,2
6798,1,1,2
6801,1,1,2
6800,1,1,2
6803,1,1,2
6802,1,1,2
6805,1,1,2
6804,1,1,2
6807,1,1,2
6806,1,1,2
6809,1,1,2
6808,1,1,2
19721,1,1,2
15539,1,1,2
6811,1,1,2
6810,1,1,2
6813,1,1,2
6812,1,1,2
6815,1,1,2
6814,1,1,2
22525,1,1,2
23092,1,1,2
6817,1,1,2
6816,1,1,2
6819,1,1,2
6818,1,1,2
3017,2,0,2
1789,2,0,2
6821,1,1,2
6820,1,1,2
6823,1,1,2
6825,1,1,2
6824,1,1,2
19447,1,1,2
23670,1,1,2
6826,1,1,2
28301,1,1,2
6829,1,1,2
6828,1,1,2
28411,1,1,2
23748,1,1,2
9426,1,1,2
11257,1,1,2
6831,1,1,2
6830,1,1,2
6832,1,1,2
6835,1,1,2
6834,1,1,2
6837,1,1,2
6839,1,1,2
6838,1,1,2
6841,1,1,2
6840,1,1,2
6843,1,1,2
6842,1,1,2
6845,1,1,2
6844,1,1,2
1823,2,0,2
6846,1,1,2
11608,1,1,2
14034,1,1,2
10319,1,1,2
31588,1,1,2
6849,1,1,2
14626,1,1,2
29738,1,1,2
28555,1,1,2
12251,1,1,2
17697,1,1,2
25188,1,1,2
15163,1,1,2
6851,1,1,2
6850,1,1,2
8633,1,1,2
6853,1,1,2
6852,1,1,2
6855,1,1,2
6854,1,1,2
6857,1,1,2
6856,1,1,2
24157,1,1,2
32208,1,1,2
6859,1,1,2
6858,1,1,2
12556,1,1,2
14868,1,1,2
6861,1,1,2
6860,1,1,2
25343,1,1,2
13097,1,1,2
32377,1,1,2
16852,1,1,2
13690,1,1,2
31877,1,1,2
25505,1,1,2
16648,1,1,2
16440,1,1,2
6863,1,1,2
6865,1,1,2
6864,1,1,2
6867,1,1,2
6866,1,1,2
8420,1,1,2
25089,1,1,2
31600,1,1,2
25575,1,1,2
6869,1,1,2
6868,1,1,2
6871,1,1,2
6870,1,1,2
6872,1,1,2
6875,1,1,2
6874,1,1,2
6876,1,1,2
8231,1,1,2
21861,1,1,2
6879,1,1,2
6878,1,1,2
6880,1,1,2
32127,1,1,2
15535,1,1,2
6887,1,1,2
6891,1,1,2
6893,1,1,2
6892,1,1,2
37912,1,1,2
6895,1,1,2
6894,1,1,2
6896,1,1,2
6899,1,1,2
6901,1,1,2
6900,1,1,2
6904,1,1,2
6907,1,1,2
6906,1,1,2
6909,1,1,2
6908,1,1,2
15979,1,1,2
6911,1,1,2
6910,1,1,2
6913,1,1,2
6914,1,1,2
6917,1,1,2
6916,1,1,2
29201,1,1,2
6919,1,1,2
6918,1,1,2
6920,1,1,2
6922,1,1,2
6924,1,1,2
6927,1,1,2
6926,1,1,2
6929,1,1,2
6928,1,1,2
6931,1,1,2
6930,1,1,2
6932,1,1,2
6935,1,1,2
6937,1,1,2
6939,1,1,2
6938,1,1,2
6941,1,1,2
6940,1,1,2
21674,1,1,2
6943,1,1,2
6942,1,1,2
6945,1,1,2
6944,1,1,2
6947,1,1,2
6946,1,1,2
6949,1,1,2
6948,1,1,2
6951,1,1,2
6950,1,1,2
37714,1,1,2
24346,1,1,2
6953,1,1,2
6952,1,1,2
15445,1,1,2
6954,1,1,2
6957,1,1,2
6959,1,1,2
6958,1,1,2
9347,1,1,2
6961,1,1,2
6960,1,1,2
6963,1,1,2
6965,1,1,2
6964,1,1,2
6967,1,1,2
6966,1,1,2
6969,1,1,2
6971,1,1,2
6970,1,1,2
6972,1,1,2
6975,1,1,2
6974,1,1,2
6977,1,1,2
33580,1,1,2
6979,1,1,2
6978,1,1,2
6981,1,1,2
6980,1,1,2
6983,1,1,2
6982,1,1,2
6985,1,1,2
6984,1,1,2
6987,1,1,2
6986,1,1,2
6989,1,1,2
6988,1,1,2
6991,1,1,2
6990,1,1,2
6993,1,1,2
6992,1,1,2
6995,1,1,2
6994,1,1,2
6997,1,1,2
6996,1,1,2
6998,1,1,2
7001,1,1,2
7003,1,1,2
7002,1,1,2
7004,1,1,2
7007,1,1,2
7008,1,1,2
23893,1,1,2
7011,1,1,2
7010,1,1,2
7013,1,1,2
7012,1,1,2
7015,1,1,2
7014,1,1,2
7016,1,1,2
7019,1,1,2
7018,1,1,2
7021,1,1,2
7020,1,1,2
7023,1,1,2
7022,1,1,2
21072,1,1,2
17729,1,1,2
16783,1,1,2
20555,1,1,2
18298,1,1,2
16137,1,1,2
22695,1,1,2
7025,1,1,2
7024,1,1,2
7027,1,1,2
7026,1,1,2
7029,1,1,2
7028,1,1,2
8362,1,1,2
7031,1,1,2
7030,1,1,2
7033,1,1,2
7032,1,1,2
7035,1,1,2
7034,1,1,2
7037,1,1,2
7036,1,1,2
7038,1,1,2
7041,1,1,2
7040,1,1,2
7043,1,1,2
7042,1,1,2
7045,1,1,2
7044,1,1,2
47619,1,1,2
38109,1,1,2
6494,1,1,2
23524,1,1,2
23361,1,1,2
23607,1,1,2
21334,1,1,2
13886,1,1,2
15512,1,1,2
14094,1,1,2
10773,1,1,2
6516,1,1,2
10292,1,1,2
13175,1,1,2
13443,1,1,2
38214,1,1,2
16367,1,1,2
10982,1,1,2
31880,1,1,2
21769,1,1,2
14629,1,1,2
23369,1,1,2
45053,1,1,2
14998,1,1,2
6616,1,1,2
16827,1,1,2
31781,1,1,2
32336,1,1,2
25002,1,1,2
8409,1,1,2
13980,1,1,2
22332,1,1,2
12071,1,1,2
24443,1,1,2
29158,1,1,2
20489,1,1,2
17315,1,1,2
32261,1,1,2
17540,1,1,2
20494,1,1,2
9267,1,1,2
17037,1,1,2
11425,1,1,2
14004,1,1,2
40051,1,1,2
29822,1,1,2
18797,1,1,2
11806,1,1,2
45243,1,1,2
11419,1,1,2
25540,1,1,2
6742,1,1,2
6176,1,1,2
6178,1,1,2
6177,1,1,2
6180,1,1,2
6179,1,1,2
6182,1,1,2
6184,1,1,2
6183,1,1,2
6186,1,1,2
6185,1,1,2
6188,1,1,2
6187,1,1,2
6190,1,1,2
6189,1,1,2
6192,1,1,2
6191,1,1,2
6194,1,1,2
6193,1,1,2
6196,1,1,2
6195,1,1,2
46834,1,1,2
6198,1,1,2
6197,1,1,2
663,2,0,2
6200,1,1,2
6199,1,1,2
6202,1,1,2
6201,1,1,2
25333,1,1,2
20572,1,1,2
13220,1,1,2
6204,1,1,2
6203,1,1,2
6206,1,1,2
6205,1,1,2
6208,1,1,2
6207,1,1,2
12004,1,1,2
16892,1,1,2
21259,1,1,2
20626,1,1,2
6210,1,1,2
6209,1,1,2
6212,1,1,2
6211,1,1,2
6214,1,1,2
6213,1,1,2
23367,1,1,2
26463,1,1,2
14260,1,1,2
8736,1,1,2
14837,1,1,2
17464,1,1,2
14078,1,1,2
16503,1,1,2
28904,1,1,2
6215,1,1,2
19763,1,1,2
14744,1,1,2
22415,1,1,2
6218,1,1,2
6217,1,1,2
6220,1,1,2
6219,1,1,2
6222,1,1,2
6221,1,1,2
6224,1,1,2
6223,1,1,2
6226,1,1,2
6225,1,1,2
15311,1,1,2
28135,1,1,2
11708,1,1,2
23980,1,1,2
24835,1,1,2
20072,1,1,2
6228,1,1,2
6227,1,1,2
6230,1,1,2
6229,1,1,2
17277,1,1,2
12783,1,1,2
9330,1,1,2
29150,1,1,2
6232,1,1,2
6231,1,1,2
15757,1,1,2
29525,1,1,2
14140,1,1,2
28246,1,1,2
13260,1,1,2
19126,1,1,2
6234,1,1,2
6233,1,1,2
15196,1,1,2
6236,1,1,2
6235,1,1,2
6238,1,1,2
19166,1,1,2
18519,1,1,2
17850,1,1,2
28091,1,1,2
32171,1,1,2
9531,1,1,2
6241,1,1,2
6244,1,1,2
6243,1,1,2
6246,1,1,2
6245,1,1,2
6248,1,1,2
6247,1,1,2
6250,1,1,2
6249,1,1,2
6252,1,1,2
6251,1,1,2
6254,1,1,2
6253,1,1,2
6256,1,1,2
6255,1,1,2
6258,1,1,2
6257,1,1,2
6260,1,1,2
6259,1,1,2
28806,1,1,2
14614,1,1,2
6262,1,1,2
6261,1,1,2
6264,1,1,2
6263,1,1,2
6266,1,1,2
6265,1,1,2
6268,1,1,2
6267,1,1,2
6270,1,1,2
6269,1,1,2
32074,1,1,2
28595,1,1,2
6272,1,1,2
6271,1,1,2
6273,1,1,2
6276,1,1,2
6275,1,1,2
6277,1,1,2
6280,1,1,2
6279,1,1,2
6282,1,1,2
6281,1,1,2
6283,1,1,2
20469,1,1,2
6286,1,1,2
6285,1,1,2
6288,1,1,2
6287,1,1,2
6290,1,1,2
6292,1,1,2
6291,1,1,2
6294,1,1,2
6293,1,1,2
6296,1,1,2
6295,1,1,2
6298,1,1,2
6297,1,1,2
28991,1,1,2
19075,1,1,2
6300,1,1,2
6302,1,1,2
6301,1,1,2
6304,1,1,2
6303,1,1,2
6306,1,1,2
6305,1,1,2
6308,1,1,2
6307,1,1,2
6310,1,1,2
6309,1,1,2
28869,1,1,2
6312,1,1,2
6311,1,1,2
6314,1,1,2
6313,1,1,2
6316,1,1,2
6315,1,1,2
6317,1,1,2
6319,1,1,2
6322,1,1,2
6321,1,1,2
6323,1,1,2
6326,1,1,2
6325,1,1,2
6328,1,1,2
6327,1,1,2
6330,1,1,2
6329,1,1,2
6332,1,1,2
6331,1,1,2
6334,1,1,2
6333,1,1,2
6336,1,1,2
6335,1,1,2
1018,2,0,2
6338,1,1,2
6337,1,1,2
18627,1,1,2
6339,1,1,2
6342,1,1,2
6341,1,1,2
6344,1,1,2
6343,1,1,2
6346,1,1,2
6345,1,1,2
6348,1,1,2
6347,1,1,2
12520,1,1,2
6350,1,1,2
6349,1,1,2
6352,1,1,2
6351,1,1,2
6354,1,1,2
6356,1,1,2
6355,1,1,2
6358,1,1,2
6357,1,1,2
6360,1,1,2
6359,1,1,2
6362,1,1,2
6361,1,1,2
6363,1,1,2
6366,1,1,2
6368,1,1,2
6367,1,1,2
6370,1,1,2
6369,1,1,2
45314,1,1,2
6371,1,1,2
15176,1,1,2
6396,1,1,2
6428,1,1,2
15406,1,1,2
6452,1,1,2
5874,1,1,2
5876,1,1,2
5875,1,1,2
5878,1,1,2
5877,1,1,2
5880,1,1,2
5879,1,1,2
5882,1,1,2
5881,1,1,2
5884,1,1,2
5883,1,1,2
5886,1,1,2
5888,1,1,2
5887,1,1,2
5890,1,1,2
5889,1,1,2
5892,1,1,2
5894,1,1,2
5893,1,1,2
5896,1,1,2
5895,1,1,2
12816,1,1,2
5898,1,1,2
5897,1,1,2
5899,1,1,2
5902,1,1,2
5901,1,1,2
43936,1,1,2
5904,1,1,2
5903,1,1,2
5906,1,1,2
5908,1,1,2
5907,1,1,2
27983,1,1,2
5910,1,1,2
5909,1,1,2
5912,1,1,2
5911,1,1,2
5914,1,1,2
5913,1,1,2
5916,1,1,2
5915,1,1,2
5918,1,1,2
5917,1,1,2
5920,1,1,2
5919,1,1,2
5922,1,1,2
5921,1,1,2
5924,1,1,2
5923,1,1,2
5926,1,1,2
5925,1,1,2
5928,1,1,2
5927,1,1,2
5930,1,1,2
5929,1,1,2
5932,1,1,2
5931,1,1,2
5934,1,1,2
5933,1,1,2
5936,1,1,2
5938,1,1,2
5937,1,1,2
5940,1,1,2
5939,1,1,2
5942,1,1,2
5941,1,1,2
5944,1,1,2
5946,1,1,2
5945,1,1,2
5948,1,1,2
5947,1,1,2
5950,1,1,2
5949,1,1,2
5952,1,1,2
5951,1,1,2
5954,1,1,2
5953,1,1,2
5956,1,1,2
5955,1,1,2
5958,1,1,2
5959,1,1,2
5961,1,1,2
5964,1,1,2
5963,1,1,2
5965,1,1,2
5968,1,1,2
5967,1,1,2
5970,1,1,2
5969,1,1,2
5972,1,1,2
5971,1,1,2
5974,1,1,2
5973,1,1,2
5975,1,1,2
5978,1,1,2
5979,1,1,2
5982,1,1,2
5981,1,1,2
5984,1,1,2
5983,1,1,2
5986,1,1,2
5985,1,1,2
5988,1,1,2
5990,1,1,2
5989,1,1,2
5992,1,1,2
5991,1,1,2
5994,1,1,2
5996,1,1,2
5998,1,1,2
5997,1,1,2
5999,1,1,2
6002,1,1,2
6001,1,1,2
6004,1,1,2
6003,1,1,2
6006,1,1,2
6005,1,1,2
6008,1,1,2
6007,1,1,2
6009,1,1,2
6012,1,1,2
6011,1,1,2
6013,1,1,2
6016,1,1,2
6015,1,1,2
15597,1,1,2
6018,1,1,2
6017,1,1,2
6020,1,1,2
6019,1,1,2
6022,1,1,2
6021,1,1,2
6024,1,1,2
6023,1,1,2
25365,1,1,2
6026,1,1,2
6025,1,1,2
6028,1,1,2
6027,1,1,2
6030,1,1,2
6029,1,1,2
6032,1,1,2
6031,1,1,2
16208,1,1,2
6034,1,1,2
6033,1,1,2
6036,1,1,2
6035,1,1,2
6038,1,1,2
6037,1,1,2
6040,1,1,2
6039,1,1,2
6042,1,1,2
6044,1,1,2
6043,1,1,2
6046,1,1,2
6045,1,1,2
6048,1,1,2
6047,1,1,2
6050,1,1,2
6049,1,1,2
6052,1,1,2
6051,1,1,2
6054,1,1,2
6053,1,1,2
6056,1,1,2
6055,1,1,2
6058,1,1,2
6057,1,1,2
6060,1,1,2
6059,1,1,2
6062,1,1,2
6061,1,1,2
6064,1,1,2
6063,1,1,2
6066,1,1,2
6065,1,1,2
6068,1,1,2
6067,1,1,2
6070,1,1,2
6069,1,1,2
6072,1,1,2
6071,1,1,2
6074,1,1,2
6073,1,1,2
6076,1,1,2
6075,1,1,2
6078,1,1,2
6077,1,1,2
6080,1,1,2
6082,1,1,2
6084,1,1,2
6083,1,1,2
6086,1,1,2
6085,1,1,2
6088,1,1,2
6087,1,1,2
6090,1,1,2
6089,1,1,2
6092,1,1,2
6091,1,1,2
6093,1,1,2
6096,1,1,2
6095,1,1,2
6098,1,1,2
6097,1,1,2
6100,1,1,2
6099,1,1,2
6102,1,1,2
6101,1,1,2
6104,1,1,2
6103,1,1,2
6106,1,1,2
6105,1,1,2
18719,1,1,2
6108,1,1,2
6110,1,1,2
6109,1,1,2
6111,1,1,2
6114,1,1,2
6113,1,1,2
6116,1,1,2
6115,1,1,2
39664,1,1,2
6118,1,1,2
6117,1,1,2
16592,1,1,2
6120,1,1,2
6119,1,1,2
6122,1,1,2
6124,1,1,2
6123,1,1,2
6126,1,1,2
6125,1,1,2
6128,1,1,2
6127,1,1,2
6130,1,1,2
6132,1,1,2
6131,1,1,2
6136,1,1,2
6138,1,1,2
6137,1,1,2
6140,1,1,2
6139,1,1,2
6142,1,1,2
6144,1,1,2
6143,1,1,2
6146,1,1,2
6145,1,1,2
6148,1,1,2
6147,1,1,2
6150,1,1,2
6149,1,1,2
6152,1,1,2
6151,1,1,2
6154,1,1,2
6153,1,1,2
6156,1,1,2
6155,1,1,2
6158,1,1,2
6157,1,1,2
6160,1,1,2
6159,1,1,2
6162,1,1,2
6161,1,1,2
6164,1,1,2
6163,1,1,2
6166,1,1,2
6165,1,1,2
6168,1,1,2
6167,1,1,2
6170,1,1,2
6172,1,1,2
6171,1,1,2
12167,1,1,2
6174,1,1,2
6173,1,1,2
5581,1,1,2
5580,1,1,2
5582,1,1,2
5585,1,1,2
5587,1,1,2
5586,1,1,2
5589,1,1,2
5588,1,1,2
5592,1,1,2
5590,1,1,2
5591,1,1,2
37671,1,1,2
5594,1,1,2
5593,1,1,2
5596,1,1,2
5595,1,1,2
5598,1,1,2
5597,1,1,2
5600,1,1,2
5602,1,1,2
5601,1,1,2
46390,1,1,2
33357,1,1,2
5604,1,1,2
5606,1,1,2
5605,1,1,2
5607,1,1,2
24635,1,1,2
5610,1,1,2
5609,1,1,2
5611,1,1,2
11195,1,1,2
5614,1,1,2
5613,1,1,2
5616,1,1,2
5615,1,1,2
5618,1,1,2
5617,1,1,2
5620,1,1,2
5619,1,1,2
25318,1,1,2
5622,1,1,2
5621,1,1,2
17020,1,1,2
5624,1,1,2
5623,1,1,2
5626,1,1,2
5625,1,1,2
5628,1,1,2
5627,1,1,2
5630,1,1,2
5629,1,1,2
38188,1,1,2
5632,1,1,2
5631,1,1,2
5634,1,1,2
5633,1,1,2
5636,1,1,2
5635,1,1,2
5638,1,1,2
5637,1,1,2
5640,1,1,2
5639,1,1,2
5642,1,1,2
5641,1,1,2
5644,1,1,2
5643,1,1,2
845,2,0,2
5645,1,1,2
5648,1,1,2
5647,1,1,2
5650,1,1,2
5649,1,1,2
5651,1,1,2
5653,1,1,2
5656,1,1,2
5655,1,1,2
5658,1,1,2
5657,1,1,2
5660,1,1,2
5659,1,1,2
5662,1,1,2
5661,1,1,2
5664,1,1,2
5663,1,1,2
5665,1,1,2
5668,1,1,2
5667,1,1,2
5670,1,1,2
5669,1,1,2
5671,1,1,2
5674,1,1,2
5673,1,1,2
5676,1,1,2
5675,1,1,2
5678,1,1,2
5677,1,1,2
5680,1,1,2
5679,1,1,2
5682,1,1,2
5681,1,1,2
5684,1,1,2
5683,1,1,2
5686,1,1,2
5685,1,1,2
5688,1,1,2
5687,1,1,2
5690,1,1,2
5689,1,1,2
5692,1,1,2
5691,1,1,2
5694,1,1,2
5695,1,1,2
5698,1,1,2
5700,1,1,2
5699,1,1,2
5702,1,1,2
5704,1,1,2
5703,1,1,2
5706,1,1,2
5705,1,1,2
5708,1,1,2
5707,1,1,2
22677,1,1,2
5710,1,1,2
5709,1,1,2
5712,1,1,2
5711,1,1,2
5714,1,1,2
5713,1,1,2
5716,1,1,2
5715,1,1,2
5718,1,1,2
5717,1,1,2
5720,1,1,2
5719,1,1,2
5722,1,1,2
5721,1,1,2
5724,1,1,2
5723,1,1,2
5726,1,1,2
5725,1,1,2
28101,1,1,2
28848,1,1,2
11363,1,1,2
14378,1,1,2
13278,1,1,2
5728,1,1,2
5727,1,1,2
9868,1,1,2
5730,1,1,2
5729,1,1,2
33347,1,1,2
5732,1,1,2
5731,1,1,2
5734,1,1,2
5733,1,1,2
39421,1,1,2
5736,1,1,2
5735,1,1,2
5738,1,1,2
5737,1,1,2
5740,1,1,2
5739,1,1,2
5741,1,1,2
5744,1,1,2
5743,1,1,2
5745,1,1,2
9537,1,1,2
5748,1,1,2
5747,1,1,2
5750,1,1,2
5749,1,1,2
21486,1,1,2
22205,1,1,2
206,2,0,2
947,2,0,2
905,2,0,2
574,2,0,2
2160,2,0,2
1512,2,0,2
1750,2,0,2
2118,2,0,2
5752,1,1,2
5751,1,1,2
24455,1,1,2
202,2,0,2
5754,1,1,2
5753,1,1,2
8213,1,1,2
5756,1,1,2
5755,1,1,2
11241,1,1,2
2343,2,0,2
5758,1,1,2
5757,1,1,2
11857,1,1,2
19560,1,1,2
10616,1,1,2
20815,1,1,2
16751,1,1,2
5760,1,1,2
5759,1,1,2
22842,1,1,2
241,2,0,2
2655,2,0,2
650,2,0,2
2475,2,0,2
11658,1,1,2
5762,1,1,2
5761,1,1,2
292,2,0,2
1105,2,0,2
11669,1,1,2
816,2,0,2
5764,1,1,2
5763,1,1,2
9906,1,1,2
8790,1,1,2
15167,1,1,2
645,2,0,2
11378,1,1,2
29318,1,1,2
15410,1,1,2
15956,1,1,2
5766,1,1,2
5765,1,1,2
16352,1,1,2
28376,1,1,2
5768,1,1,2
5767,1,1,2
25232,1,1,2
18956,1,1,2
5769,1,1,2
8629,1,1,2
3064,2,0,2
9199,1,1,2
12844,1,1,2
28820,1,1,2
5772,1,1,2
5771,1,1,2
5774,1,1,2
5773,1,1,2
5776,1,1,2
5775,1,1,2
5778,1,1,2
5777,1,1,2
5780,1,1,2
5782,1,1,2
5781,1,1,2
5784,1,1,2
5786,1,1,2
5785,1,1,2
5788,1,1,2
5787,1,1,2
5790,1,1,2
5789,1,1,2
5792,1,1,2
5791,1,1,2
5794,1,1,2
5793,1,1,2
5795,1,1,2
5797,1,1,2
5800,1,1,2
5799,1,1,2
5802,1,1,2
5801,1,1,2
5804,1,1,2
5803,1,1,2
5806,1,1,2
5805,1,1,2
5808,1,1,2
5807,1,1,2
5810,1,1,2
5812,1,1,2
5811,1,1,2
5814,1,1,2
5813,1,1,2
5816,1,1,2
5815,1,1,2
5818,1,1,2
5817,1,1,2
5820,1,1,2
5819,1,1,2
5822,1,1,2
5821,1,1,2
19544,1,1,2
5824,1,1,2
5823,1,1,2
5825,1,1,2
5828,1,1,2
5827,1,1,2
5830,1,1,2
5829,1,1,2
5832,1,1,2
5831,1,1,2
5834,1,1,2
5833,1,1,2
5836,1,1,2
5835,1,1,2
5838,1,1,2
5837,1,1,2
5840,1,1,2
5839,1,1,2
5842,1,1,2
5841,1,1,2
5844,1,1,2
5843,1,1,2
5846,1,1,2
5845,1,1,2
5848,1,1,2
5847,1,1,2
5850,1,1,2
5849,1,1,2
5852,1,1,2
5854,1,1,2
5853,1,1,2
5856,1,1,2
5855,1,1,2
5858,1,1,2
5857,1,1,2
5860,1,1,2
5859,1,1,2
5862,1,1,2
5861,1,1,2
5864,1,1,2
5863,1,1,2
5866,1,1,2
5865,1,1,2
5868,1,1,2
5867,1,1,2
5870,1,1,2
5869,1,1,2
5872,1,1,2
5871,1,1,2
38622,1,1,2
5291,1,1,2
5301,1,1,2
24411,1,1,2
1431,2,0,2
661,2,0,2
818,2,0,2
722,2,0,2
2645,2,0,2
3001,2,0,2
2604,2,0,2
1430,2,0,2
8375,1,1,2
2153,2,0,2
2386,2,0,2
2647,2,0,2
280,2,0,2
1676,2,0,2
2403,2,0,2
223,2,0,2
2686,2,0,2
119,2,0,2
902,2,0,2
1595,2,0,2
2696,2,0,2
216,2,0,2
1428,2,0,2
2418,2,0,2
2075,2,0,2
1639,2,0,2
1133,2,0,2
1020,2,0,2
91,2,0,2
542,2,0,2
820,2,0,2
2985,2,0,2
2804,2,0,2
19698,1,1,2
2535,2,0,2
2092,2,0,2
2218,2,0,2
2,2,0,2
9,2,0,2
11,2,0,2
13,2,0,2
18,2,0,2
29,2,0,2
32,2,0,2
43,2,0,2
45,2,0,2
49,2,0,2
72,2,0,2
76,2,0,2
77,2,0,2
79,2,0,2
81,2,0,2
88,2,0,2
100,2,0,2
102,2,0,2
130,2,0,2
179,2,0,2
188,2,0,2
197,2,0,2
205,2,0,2
207,2,0,2
208,2,0,2
215,2,0,2
219,2,0,2
222,2,0,2
225,2,0,2
228,2,0,2
234,2,0,2
236,2,0,2
239,2,0,2
242,2,0,2
243,2,0,2
254,2,0,2
255,2,0,2
259,2,0,2
260,2,0,2
262,2,0,2
269,2,0,2
274,2,0,2
278,2,0,2
290,2,0,2
291,2,0,2
296,2,0,2
302,2,0,2
304,2,0,2
305,2,0,2
321,2,0,2
322,2,0,2
323,2,0,2
324,2,0,2
325,2,0,2
331,2,0,2
339,2,0,2
342,2,0,2
343,2,0,2
344,2,0,2
347,2,0,2
354,2,0,2
358,2,0,2
361,2,0,2
362,2,0,2
363,2,0,2
429,2,0,2
468,2,0,2
471,2,0,2
532,2,0,2
536,2,0,2
538,2,0,2
546,2,0,2
548,2,0,2
571,2,0,2
573,2,0,2
575,2,0,2
576,2,0,2
634,2,0,2
638,2,0,2
639,2,0,2
655,2,0,2
662,2,0,2
666,2,0,2
674,2,0,2
711,2,0,2
713,2,0,2
714,2,0,2
717,2,0,2
718,2,0,2
719,2,0,2
726,2,0,2
817,2,0,2
823,2,0,2
829,2,0,2
841,2,0,2
842,2,0,2
872,2,0,2
883,2,0,2
892,2,0,2
893,2,0,2
894,2,0,2
900,2,0,2
904,2,0,2
907,2,0,2
912,2,0,2
914,2,0,2
915,2,0,2
916,2,0,2
918,2,0,2
926,2,0,2
940,2,0,2
941,2,0,2
942,2,0,2
951,2,0,2
966,2,0,2
969,2,0,2
971,2,0,2
973,2,0,2
976,2,0,2
981,2,0,2
982,2,0,2
991,2,0,2
996,2,0,2
1005,2,0,2
1017,2,0,2
1025,2,0,2
1048,2,0,2
1053,2,0,2
1057,2,0,2
1059,2,0,2
1080,2,0,2
1085,2,0,2
1087,2,0,2
1088,2,0,2
1091,2,0,2
1092,2,0,2
1099,2,0,2
1100,2,0,2
1104,2,0,2
1106,2,0,2
1114,2,0,2
1116,2,0,2
1118,2,0,2
1120,2,0,2
1121,2,0,2
1122,2,0,2
1123,2,0,2
1125,2,0,2
1126,2,0,2
1131,2,0,2
1182,2,0,2
1223,2,0,2
1227,2,0,2
1228,2,0,2
1229,2,0,2
1238,2,0,2
1258,2,0,2
1267,2,0,2
1275,2,0,2
1283,2,0,2
1285,2,0,2
1303,2,0,2
1354,2,0,2
1359,2,0,2
1370,2,0,2
1372,2,0,2
1373,2,0,2
1426,2,0,2
1429,2,0,2
1445,2,0,2
1448,2,0,2
1471,2,0,2
1473,2,0,2
1489,2,0,2
1490,2,0,2
1492,2,0,2
1495,2,0,2
1500,2,0,2
1516,2,0,2
1522,2,0,2
1524,2,0,2
1525,2,0,2
1528,2,0,2
1529,2,0,2
1531,2,0,2
1532,2,0,2
1533,2,0,2
1544,2,0,2
1551,2,0,2
1606,2,0,2
1607,2,0,2
1617,2,0,2
1628,2,0,2
1630,2,0,2
1633,2,0,2
1635,2,0,2
1640,2,0,2
1642,2,0,2
1644,2,0,2
1646,2,0,2
1675,2,0,2
1687,2,0,2
1738,2,0,2
1777,2,0,2
1784,2,0,2
1785,2,0,2
1786,2,0,2
1787,2,0,2
1788,2,0,2
1793,2,0,2
1794,2,0,2
1795,2,0,2
1797,2,0,2
1798,2,0,2
1800,2,0,2
1802,2,0,2
1803,2,0,2
1805,2,0,2
1816,2,0,2
1817,2,0,2
1824,2,0,2
1829,2,0,2
1831,2,0,2
1833,2,0,2
1837,2,0,2
1885,2,0,2
1886,2,0,2
1936,2,0,2
1967,2,0,2
1977,2,0,2
1983,2,0,2
2023,2,0,2
2026,2,0,2
2031,2,0,2
2033,2,0,2
2053,2,0,2
2054,2,0,2
2058,2,0,2
2064,2,0,2
2067,2,0,2
2068,2,0,2
2072,2,0,2
2074,2,0,2
2076,2,0,2
2082,2,0,2
2088,2,0,2
2096,2,0,2
2098,2,0,2
2099,2,0,2
2101,2,0,2
2103,2,0,2
2104,2,0,2
2115,2,0,2
2117,2,0,2
2121,2,0,2
2128,2,0,2
2131,2,0,2
2136,2,0,2
2137,2,0,2
2138,2,0,2
2149,2,0,2
2150,2,0,2
2152,2,0,2
2154,2,0,2
2155,2,0,2
2156,2,0,2
2158,2,0,2
2162,2,0,2
2163,2,0,2
2164,2,0,2
2169,2,0,2
2171,2,0,2
2174,2,0,2
2176,2,0,2
2184,2,0,2
2185,2,0,2
2187,2,0,2
2189,2,0,2
2205,2,0,2
2222,2,0,2
2226,2,0,2
2228,2,0,2
2233,2,0,2
2234,2,0,2
2236,2,0,2
2237,2,0,2
2254,2,0,2
2257,2,0,2
2258,2,0,2
2260,2,0,2
2262,2,0,2
2263,2,0,2
2271,2,0,2
2285,2,0,2
2288,2,0,2
2289,2,0,2
2300,2,0,2
2301,2,0,2
2304,2,0,2
2306,2,0,2
2308,2,0,2
2309,2,0,2
2310,2,0,2
2312,2,0,2
2316,2,0,2
2317,2,0,2
2318,2,0,2
2319,2,0,2
2323,2,0,2
2324,2,0,2
2330,2,0,2
2334,2,0,2
2335,2,0,2
2339,2,0,2
2340,2,0,2
2342,2,0,2
2346,2,0,2
2349,2,0,2
2350,2,0,2
2352,2,0,2
2353,2,0,2
2354,2,0,2
2360,2,0,2
2366,2,0,2
2369,2,0,2
2370,2,0,2
2392,2,0,2
2397,2,0,2
2399,2,0,2
2406,2,0,2
2407,2,0,2
2413,2,0,2
2417,2,0,2
2479,2,0,2
2483,2,0,2
2484,2,0,2
2485,2,0,2
2486,2,0,2
2487,2,0,2
2488,2,0,2
2489,2,0,2
2491,2,0,2
2495,2,0,2
2520,2,0,2
2521,2,0,2
2523,2,0,2
2524,2,0,2
2528,2,0,2
2530,2,0,2
2532,2,0,2
2533,2,0,2
2536,2,0,2
2548,2,0,2
2549,2,0,2
2551,2,0,2
2552,2,0,2
2565,2,0,2
2566,2,0,2
2568,2,0,2
2585,2,0,2
2589,2,0,2
2590,2,0,2
2592,2,0,2
2593,2,0,2
2594,2,0,2
2598,2,0,2
2599,2,0,2
2601,2,0,2
2602,2,0,2
2603,2,0,2
2605,2,0,2
2606,2,0,2
2630,2,0,2
2632,2,0,2
2634,2,0,2
2636,2,0,2
2637,2,0,2
2646,2,0,2
2648,2,0,2
2649,2,0,2
2650,2,0,2
2656,2,0,2
2657,2,0,2
2658,2,0,2
2659,2,0,2
2660,2,0,2
2661,2,0,2
2662,2,0,2
2674,2,0,2
2675,2,0,2
2676,2,0,2
2683,2,0,2
2687,2,0,2
2688,2,0,2
2714,2,0,2
2718,2,0,2
2719,2,0,2
2722,2,0,2
2723,2,0,2
2736,2,0,2
2740,2,0,2
2741,2,0,2
2743,2,0,2
2744,2,0,2
2745,2,0,2
2746,2,0,2
2748,2,0,2
2749,2,0,2
2753,2,0,2
2767,2,0,2
2768,2,0,2
2812,2,0,2
2813,2,0,2
2814,2,0,2
2815,2,0,2
2816,2,0,2
2818,2,0,2
2820,2,0,2
2822,2,0,2
2829,2,0,2
2835,2,0,2
2836,2,0,2
2838,2,0,2
2844,2,0,2
2883,2,0,2
2889,2,0,2
2895,2,0,2
2896,2,0,2
2897,2,0,2
2911,2,0,2
2913,2,0,2
2917,2,0,2
2918,2,0,2
2945,2,0,2
2948,2,0,2
2950,2,0,2
2971,2,0,2
2980,2,0,2
2982,2,0,2
2983,2,0,2
2986,2,0,2
2987,2,0,2
2990,2,0,2
2995,2,0,2
2997,2,0,2
2998,2,0,2
3010,2,0,2
3019,2,0,2
3028,2,0,2
3030,2,0,2
3032,2,0,2
3035,2,0,2
3036,2,0,2
3037,2,0,2
3040,2,0,2
3041,2,0,2
3042,2,0,2
3049,2,0,2
3050,2,0,2
3053,2,0,2
3054,2,0,2
3055,2,0,2
3067,2,0,2
5090,1,1,2
5253,1,1,2
5419,1,1,2
5445,1,1,2
5477,1,1,2
5478,1,1,2
5479,1,1,2
5480,1,1,2
5481,1,1,2
5482,1,1,2
5483,1,1,2
5484,1,1,2
5485,1,1,2
5487,1,1,2
5488,1,1,2
5489,1,1,2
5490,1,1,2
5492,1,1,2
5493,1,1,2
5494,1,1,2
5495,1,1,2
5496,1,1,2
5498,1,1,2
5500,1,1,2
5501,1,1,2
5502,1,1,2
5503,1,1,2
5504,1,1,2
5505,1,1,2
5506,1,1,2
5508,1,1,2
5510,1,1,2
5512,1,1,2
5513,1,1,2
5514,1,1,2
5516,1,1,2
5517,1,1,2
5518,1,1,2
5519,1,1,2
5520,1,1,2
5522,1,1,2
5523,1,1,2
5524,1,1,2
5526,1,1,2
5527,1,1,2
5528,1,1,2
5529,1,1,2
5530,1,1,2
5531,1,1,2
5532,1,1,2
5533,1,1,2
5534,1,1,2
5536,1,1,2
5537,1,1,2
5538,1,1,2
5539,1,1,2
5540,1,1,2
5541,1,1,2
5542,1,1,2
5545,1,1,2
5546,1,1,2
5547,1,1,2
5548,1,1,2
5549,1,1,2
5550,1,1,2
5551,1,1,2
5552,1,1,2
5554,1,1,2
5555,1,1,2
5556,1,1,2
5557,1,1,2
5559,1,1,2
5560,1,1,2
5561,1,1,2
5562,1,1,2
5563,1,1,2
5564,1,1,2
5565,1,1,2
5566,1,1,2
5567,1,1,2
5568,1,1,2
5569,1,1,2
5570,1,1,2
5572,1,1,2
5573,1,1,2
5574,1,1,2
5575,1,1,2
5576,1,1,2
5577,1,1,2
5578,1,1,2
5579,1,1,2
5935,1,1,2
6427,1,1,2
6465,1,1,2
6662,1,1,2
6692,1,1,2
8504,1,1,2
8789,1,1,2
8803,1,1,2
8923,1,1,2
8964,1,1,2
9201,1,1,2
9210,1,1,2
9781,1,1,2
9815,1,1,2
9825,1,1,2
9880,1,1,2
10104,1,1,2
10434,1,1,2
10502,1,1,2
10546,1,1,2
10550,1,1,2
10786,1,1,2
10874,1,1,2
10881,1,1,2
10967,1,1,2
11151,1,1,2
11379,1,1,2
11613,1,1,2
11681,1,1,2
12094,1,1,2
12214,1,1,2
12215,1,1,2
12284,1,1,2
12554,1,1,2
12941,1,1,2
12953,1,1,2
12977,1,1,2
13039,1,1,2
13119,1,1,2
13193,1,1,2
13392,1,1,2
13395,1,1,2
13561,1,1,2
13608,1,1,2
13621,1,1,2
13622,1,1,2
13661,1,1,2
13763,1,1,2
13955,1,1,2
14016,1,1,2
14029,1,1,2
14114,1,1,2
14185,1,1,2
14224,1,1,2
14491,1,1,2
14496,1,1,2
14604,1,1,2
14632,1,1,2
14891,1,1,2
15091,1,1,2
15141,1,1,2
15250,1,1,2
15450,1,1,2
15627,1,1,2
15640,1,1,2
15696,1,1,2
15744,1,1,2
15822,1,1,2
15823,1,1,2
15878,1,1,2
16129,1,1,2
16191,1,1,2
16257,1,1,2
16432,1,1,2
16443,1,1,2
16703,1,1,2
16709,1,1,2
16793,1,1,2
16809,1,1,2
16980,1,1,2
17032,1,1,2
17048,1,1,2
17054,1,1,2
17112,1,1,2
17132,1,1,2
17187,1,1,2
17258,1,1,2
17434,1,1,2
17554,1,1,2
17687,1,1,2
17811,1,1,2
17950,1,1,2
17951,1,1,2
17992,1,1,2
18229,1,1,2
18327,1,1,2
18383,1,1,2
18533,2,0,2
18580,1,1,2
18780,1,1,2
18892,1,1,2
18990,1,1,2
19023,1,1,2
19168,1,1,2
19195,1,1,2
19221,1,1,2
19298,1,1,2
19332,1,1,2
19527,1,1,2
19599,1,1,2
19973,1,1,2
20274,1,1,2
20337,1,1,2
20345,1,1,2
20514,1,1,2
20536,1,1,2
20557,1,1,2
20565,1,1,2
20991,1,1,2
20999,1,1,2
21010,1,1,2
21025,1,1,2
21104,1,1,2
21137,1,1,2
21200,1,1,2
21264,1,1,2
21378,1,1,2
21462,1,1,2
21505,1,1,2
21611,1,1,2
21684,1,1,2
21726,1,1,2
21807,1,1,2
21808,1,1,2
22005,1,1,2
22135,1,1,2
22168,1,1,2
22262,1,1,2
22382,1,1,2
22436,1,1,2
22449,1,1,2
22478,1,1,2
22480,1,1,2
22523,1,1,2
22605,1,1,2
22742,1,1,2
22854,1,1,2
22871,1,1,2
22941,1,1,2
23155,1,1,2
23187,1,1,2
23571,1,1,2
23679,1,1,2
23888,1,1,2
24058,1,1,2
24070,1,1,2
24424,1,1,2
24733,1,1,2
24790,1,1,2
25140,1,1,2
25157,1,1,2
25361,1,1,2
25665,1,1,2
48480,1,0,1
48164,1,0,1
47521,1,0,1
46232,1,0,1
46184,1,0,1
46089,1,0,1
45838,1,0,1
44601,1,0,1
41042,1,0,1
39584,1,0,1
39460,1,0,1
39223,1,0,1
38238,1,0,1
37981,1,0,1
33739,1,0,1
33622,1,0,1
33161,1,0,1
33132,1,0,1
32767,1,0,1
32766,1,0,1
32765,1,0,1
32763,1,0,1
32762,1,0,1
32761,1,0,1
32760,1,0,1
32759,1,0,1
32758,1,0,1
32757,1,0,1
32756,1,0,1
32755,1,0,1
32754,1,0,1
32753,1,0,1
32752,1,0,1
32751,1,0,1
32750,1,0,1
32749,1,0,1
32748,1,0,1
32747,1,0,1
32746,1,0,1
32745,1,0,1
32744,1,0,1
32743,1,0,1
32742,1,0,1
32741,1,0,1
32740,1,0,1
32739,1,0,1
32738,1,0,1
32737,1,0,1
32736,1,0,1
32735,1,0,1
32734,1,0,1
32733,1,0,1
32732,1,0,1
32731,1,0,1
32730,1,0,1
32729,1,0,1
32728,1,0,1
32727,1,0,1
32726,1,0,1
32725,1,0,1
32724,1,0,1
32723,1,0,1
32722,1,0,1
32721,1,0,1
32718,1,0,1
32717,1,0,1
32716,1,0,1
32715,1,0,1
32714,1,0,1
32713,1,0,1
32712,1,0,1
32711,1,0,1
32710,1,0,1
32708,1,0,1
32706,1,0,1
32705,1,0,1
32704,1,0,1
32703,1,0,1
32702,1,0,1
32701,1,0,1
32700,1,0,1
32699,1,0,1
32698,1,0,1
32697,1,0,1
32696,1,0,1
32695,1,0,1
32694,1,0,1
32693,1,0,1
32691,1,0,1
32690,1,0,1
32689,1,0,1
32688,1,0,1
32686,1,0,1
32685,1,0,1
32684,1,0,1
32683,1,0,1
32682,1,0,1
32681,1,0,1
32680,1,0,1
32679,1,0,1
32678,1,0,1
32675,1,0,1
32674,1,0,1
32673,1,0,1
32671,1,0,1
32670,1,0,1
32669,1,0,1
32668,1,0,1
32667,1,0,1
32666,1,0,1
32665,1,0,1
32664,1,0,1
32663,1,0,1
32662,1,0,1
32661,1,0,1
32659,1,0,1
32658,1,0,1
32656,1,0,1
32655,1,0,1
32654,1,0,1
32653,1,0,1
32652,1,0,1
32651,1,0,1
32650,1,0,1
32649,1,0,1
32648,1,0,1
32647,1,0,1
32646,1,0,1
32645,1,0,1
32644,1,0,1
32643,1,0,1
32642,1,0,1
32641,1,0,1
32640,1,0,1
32638,1,0,1
32637,1,0,1
32636,1,0,1
32635,1,0,1
32634,1,0,1
32633,1,0,1
32632,1,0,1
32631,1,0,1
32630,1,0,1
32629,1,0,1
32628,1,0,1
32627,1,0,1
32626,1,0,1
32625,1,0,1
32624,1,0,1
32623,1,0,1
32622,1,0,1
32621,1,0,1
32620,1,0,1
32619,1,0,1
32618,1,0,1
32617,1,0,1
32615,1,0,1
32614,1,0,1
32613,1,0,1
32612,1,0,1
32611,1,0,1
32610,1,0,1
32609,1,0,1
32608,1,0,1
32607,1,0,1
32606,1,0,1
32605,1,0,1
32604,1,0,1
32603,1,0,1
32602,1,0,1
32601,1,0,1
32600,1,0,1
32599,1,0,1
32598,1,0,1
32597,1,0,1
32596,1,0,1
32595,1,0,1
32594,1,0,1
32592,1,0,1
32591,1,0,1
32590,1,0,1
32589,1,0,1
32588,1,0,1
32586,1,0,1
32585,1,0,1
32584,1,0,1
32583,1,0,1
32581,1,0,1
32579,1,0,1
32578,1,0,1
32577,1,0,1
32576,1,0,1
32575,1,0,1
32574,1,0,1
32573,1,0,1
32572,1,0,1
32571,1,0,1
32570,1,0,1
32569,1,0,1
32568,1,0,1
32567,1,0,1
32566,1,0,1
32565,1,0,1
32564,1,0,1
32563,1,0,1
32562,1,0,1
32561,1,0,1
32560,1,0,1
32559,1,0,1
32558,1,0,1
32557,1,0,1
32556,1,0,1
32555,1,0,1
32554,1,0,1
32553,1,0,1
32552,1,0,1
32551,1,0,1
32550,1,0,1
32548,1,0,1
32547,1,0,1
32546,1,0,1
32545,1,0,1
32543,1,0,1
32542,1,0,1
32541,1,0,1
32540,1,0,1
32539,1,0,1
32538,1,0,1
32537,1,0,1
32536,1,0,1
32535,1,0,1
32534,1,0,1
32532,1,0,1
32531,1,0,1
32530,1,0,1
32529,1,0,1
32528,1,0,1
32527,1,0,1
32525,1,0,1
32524,1,0,1
32523,1,0,1
32521,1,0,1
32520,1,0,1
32519,1,0,1
32518,1,0,1
32517,1,0,1
32516,1,0,1
32515,1,0,1
32514,1,0,1
32513,1,0,1
32512,1,0,1
32511,1,0,1
32510,1,0,1
32509,1,0,1
32508,1,0,1
32506,1,0,1
32505,1,0,1
32504,1,0,1
32503,1,0,1
32502,1,0,1
32500,1,0,1
32498,1,0,1
32497,1,0,1
32496,1,0,1
32495,1,0,1
32494,1,0,1
32493,1,0,1
32492,1,0,1
32491,1,0,1
32490,1,0,1
32489,1,0,1
32488,1,0,1
32487,1,0,1
32485,1,0,1
32484,1,0,1
32483,1,0,1
32482,1,0,1
32481,1,0,1
32480,1,0,1
32479,1,0,1
32478,1,0,1
32477,1,0,1
32476,1,0,1
32475,1,0,1
32473,1,0,1
32472,1,0,1
32471,1,0,1
32470,1,0,1
32469,1,0,1
32468,1,0,1
32467,1,0,1
32465,1,0,1
32464,1,0,1
32463,1,0,1
32462,1,0,1
32461,1,0,1
32460,1,0,1
32459,1,0,1
32458,1,0,1
32457,1,0,1
32456,1,0,1
32455,1,0,1
32454,1,0,1
32453,1,0,1
32452,1,0,1
32451,1,0,1
32449,1,0,1
32448,1,0,1
32447,1,0,1
32446,1,0,1
32445,1,0,1
32444,1,0,1
32443,1,0,1
32442,1,0,1
32441,1,0,1
32440,1,0,1
32439,1,0,1
32438,1,0,1
32433,1,0,1
32432,1,0,1
32431,1,0,1
32430,1,0,1
32429,1,0,1
32428,1,0,1
32427,1,0,1
32426,1,0,1
32425,1,0,1
32424,1,0,1
32423,1,0,1
32422,1,0,1
32421,1,0,1
32420,1,0,1
32419,1,0,1
32418,1,0,1
32417,1,0,1
32416,1,0,1
32415,1,0,1
32414,1,0,1
32413,1,0,1
32412,1,0,1
32411,1,0,1
32410,1,0,1
32409,1,0,1
32408,1,0,1
32407,1,0,1
32406,1,0,1
32405,1,0,1
32404,1,0,1
32403,1,0,1
32402,1,0,1
32401,1,0,1
32400,1,0,1
32398,1,0,1
32397,1,0,1
32396,1,0,1
32395,1,0,1
32394,1,0,1
32393,1,0,1
32392,1,0,1
32391,1,0,1
32390,1,0,1
32389,1,0,1
32388,1,0,1
32386,1,0,1
32385,1,0,1
32384,1,0,1
32383,1,0,1
32381,1,0,1
32380,1,0,1
32379,1,0,1
32378,1,0,1
32376,1,0,1
32375,1,0,1
32374,1,0,1
32373,1,0,1
32372,1,0,1
32371,1,0,1
32370,1,0,1
32369,1,0,1
32368,1,0,1
32367,1,0,1
32366,1,0,1
32365,1,0,1
32364,1,0,1
32363,1,0,1
32362,1,0,1
32361,1,0,1
32360,1,0,1
32359,1,0,1
32358,1,0,1
32357,1,0,1
32356,1,0,1
32353,1,0,1
32352,1,0,1
32351,1,0,1
32350,1,0,1
32349,1,0,1
32348,1,0,1
32347,1,0,1
32346,1,0,1
32345,1,0,1
32344,1,0,1
32343,1,0,1
32341,1,0,1
32340,1,0,1
32339,1,0,1
32338,1,0,1
32337,1,0,1
32335,1,0,1
32334,1,0,1
32333,1,0,1
32332,1,0,1
32331,1,0,1
32330,1,0,1
32328,1,0,1
32326,1,0,1
32325,1,0,1
32324,1,0,1
32323,1,0,1
32322,1,0,1
32321,1,0,1
32320,1,0,1
32319,1,0,1
32318,1,0,1
32317,1,0,1
32316,1,0,1
32315,1,0,1
32314,1,0,1
32313,1,0,1
32312,1,0,1
32310,1,0,1
32309,1,0,1
32308,1,0,1
32307,1,0,1
32306,1,0,1
32305,1,0,1
32304,1,0,1
32303,1,0,1
32302,1,0,1
32301,1,0,1
32300,1,0,1
32299,1,0,1
32298,1,0,1
32296,1,0,1
32295,1,0,1
32294,1,0,1
32293,1,0,1
32292,1,0,1
32291,1,0,1
32290,1,0,1
32289,1,0,1
32288,1,0,1
32287,1,0,1
32286,1,0,1
32285,1,0,1
32284,1,0,1
32283,1,0,1
32282,1,0,1
32281,1,0,1
32280,1,0,1
32279,1,0,1
32278,1,0,1
32277,1,0,1
32276,1,0,1
32275,1,0,1
32274,1,0,1
32273,1,0,1
32272,1,0,1
32271,1,0,1
32270,1,0,1
32269,1,0,1
32268,1,0,1
32267,1,0,1
32266,1,0,1
32265,1,0,1
32264,1,0,1
32263,1,0,1
32262,1,0,1
32260,1,0,1
32259,1,0,1
32258,1,0,1
32257,1,0,1
32255,1,0,1
32254,1,0,1
32253,1,0,1
32252,1,0,1
32251,1,0,1
32250,1,0,1
32248,1,0,1
32247,1,0,1
32246,1,0,1
32245,1,0,1
32244,1,0,1
32243,1,0,1
32242,1,0,1
32241,1,0,1
32240,1,0,1
32238,1,0,1
32237,1,0,1
32236,1,0,1
32234,1,0,1
32233,1,0,1
32232,1,0,1
32231,1,0,1
32230,1,0,1
32229,1,0,1
32228,1,0,1
32227,1,0,1
32226,1,0,1
32224,1,0,1
32223,1,0,1
32222,1,0,1
32221,1,0,1
32220,1,0,1
32219,1,0,1
32218,1,0,1
32217,1,0,1
32216,1,0,1
32215,1,0,1
32214,1,0,1
32213,1,0,1
32211,1,0,1
32210,1,0,1
32209,1,0,1
32207,1,0,1
32206,1,0,1
32205,1,0,1
32204,1,0,1
32203,1,0,1
32202,1,0,1
32201,1,0,1
32200,1,0,1
32199,1,0,1
32198,1,0,1
32197,1,0,1
32196,1,0,1
32195,1,0,1
32194,1,0,1
32192,1,0,1
32191,1,0,1
32190,1,0,1
32189,1,0,1
32188,1,0,1
32186,1,0,1
32185,1,0,1
32184,1,0,1
32182,1,0,1
32181,1,0,1
32180,1,0,1
32179,1,0,1
32178,1,0,1
32177,1,0,1
32176,1,0,1
32174,1,0,1
32173,1,0,1
32172,1,0,1
32170,1,0,1
32168,1,0,1
32167,1,0,1
32166,1,0,1
32165,1,0,1
32164,1,0,1
32163,1,0,1
32162,1,0,1
32161,1,0,1
32160,1,0,1
32159,1,0,1
32157,1,0,1
32156,1,0,1
32155,1,0,1
32154,1,0,1
32153,1,0,1
32152,1,0,1
32151,1,0,1
32150,1,0,1
32149,1,0,1
32148,1,0,1
32147,1,0,1
32146,1,0,1
32145,1,0,1
32144,1,0,1
32143,1,0,1
32142,1,0,1
32141,1,0,1
32140,1,0,1
32139,1,0,1
32138,1,0,1
32137,1,0,1
32136,1,0,1
32135,1,0,1
32134,1,0,1
32133,1,0,1
32132,1,0,1
32131,1,0,1
32130,1,0,1
32129,1,0,1
32128,1,0,1
32126,1,0,1
32124,1,0,1
32123,1,0,1
32122,1,0,1
32121,1,0,1
32120,1,0,1
32119,1,0,1
32118,1,0,1
32117,1,0,1
32116,1,0,1
32115,1,0,1
32114,1,0,1
32113,1,0,1
32112,1,0,1
32111,1,0,1
32110,1,0,1
32109,1,0,1
32108,1,0,1
32107,1,0,1
32106,1,0,1
32105,1,0,1
32104,1,0,1
32103,1,0,1
32102,1,0,1
32100,1,0,1
32099,1,0,1
32098,1,0,1
32096,1,0,1
32095,1,0,1
32094,1,0,1
32093,1,0,1
32092,1,0,1
32091,1,0,1
32090,1,0,1
32089,1,0,1
32088,1,0,1
32087,1,0,1
32086,1,0,1
32085,1,0,1
32083,1,0,1
32082,1,0,1
32081,1,0,1
32080,1,0,1
32079,1,0,1
32078,1,0,1
32077,1,0,1
32076,1,0,1
32075,1,0,1
32073,1,0,1
32072,1,0,1
32071,1,0,1
32070,1,0,1
32069,1,0,1
32067,1,0,1
32066,1,0,1
32064,1,0,1
32062,1,0,1
32061,1,0,1
32059,1,0,1
32058,1,0,1
32057,1,0,1
32056,1,0,1
32055,1,0,1
32054,1,0,1
32053,1,0,1
32051,1,0,1
32050,1,0,1
32048,1,0,1
32047,1,0,1
32046,1,0,1
32044,1,0,1
32043,1,0,1
32042,1,0,1
32041,1,0,1
32040,1,0,1
32039,1,0,1
32038,1,0,1
32037,1,0,1
32036,1,0,1
32035,1,0,1
32034,1,0,1
32033,1,0,1
32032,1,0,1
32031,1,0,1
32030,1,0,1
32029,1,0,1
32028,1,0,1
32027,1,0,1
32026,1,0,1
32025,1,0,1
32024,1,0,1
32023,1,0,1
32022,1,0,1
32021,1,0,1
32020,1,0,1
32019,1,0,1
32017,1,0,1
32016,1,0,1
32015,1,0,1
32014,1,0,1
32013,1,0,1
32011,1,0,1
32010,1,0,1
32009,1,0,1
32008,1,0,1
32007,1,0,1
32006,1,0,1
32005,1,0,1
32004,1,0,1
32002,1,0,1
32001,1,0,1
32000,1,0,1
31998,1,0,1
31997,1,0,1
31996,1,0,1
31995,1,0,1
31994,1,0,1
31993,1,0,1
31992,1,0,1
31991,1,0,1
31990,1,0,1
31989,1,0,1
31988,1,0,1
31987,1,0,1
31986,1,0,1
31985,1,0,1
31984,1,0,1
31983,1,0,1
31982,1,0,1
31981,1,0,1
31980,1,0,1
31979,1,0,1
31978,1,0,1
31977,1,0,1
31976,1,0,1
31975,1,0,1
31974,1,0,1
31973,1,0,1
31972,1,0,1
31971,1,0,1
31970,1,0,1
31969,1,0,1
31968,1,0,1
31967,1,0,1
31965,1,0,1
31964,1,0,1
31962,1,0,1
31961,1,0,1
31960,1,0,1
31959,1,0,1
31958,1,0,1
31957,1,0,1
31956,1,0,1
31955,1,0,1
31954,1,0,1
31953,1,0,1
31952,1,0,1
31950,1,0,1
31949,1,0,1
31948,1,0,1
31947,1,0,1
31946,1,0,1
31945,1,0,1
31944,1,0,1
31943,1,0,1
31942,1,0,1
31939,1,0,1
31938,1,0,1
31937,1,0,1
31936,1,0,1
31935,1,0,1
31934,1,0,1
31933,1,0,1
31932,1,0,1
31931,1,0,1
31930,1,0,1
31929,1,0,1
31927,1,0,1
31926,1,0,1
31925,1,0,1
31924,1,0,1
31923,1,0,1
31922,1,0,1
31921,1,0,1
31920,1,0,1
31919,1,0,1
31918,1,0,1
31916,1,0,1
31915,1,0,1
31914,1,0,1
31913,1,0,1
31912,1,0,1
31911,1,0,1
31910,1,0,1
31909,1,0,1
31908,1,0,1
31907,1,0,1
31906,1,0,1
31905,1,0,1
31904,1,0,1
31903,1,0,1
31902,1,0,1
31901,1,0,1
31900,1,0,1
31899,1,0,1
31898,1,0,1
31897,1,0,1
31896,1,0,1
31895,1,0,1
31894,1,0,1
31893,1,0,1
31892,1,0,1
31891,1,0,1
31889,1,0,1
31888,1,0,1
31887,1,0,1
31886,1,0,1
31885,1,0,1
31884,1,0,1
31883,1,0,1
31881,1,0,1
31879,1,0,1
31878,1,0,1
31876,1,0,1
31875,1,0,1
31874,1,0,1
31873,1,0,1
31872,1,0,1
31871,1,0,1
31870,1,0,1
31869,1,0,1
31867,1,0,1
31865,1,0,1
31864,1,0,1
31863,1,0,1
31862,1,0,1
31861,1,0,1
31860,1,0,1
31859,1,0,1
31858,1,0,1
31857,1,0,1
31856,1,0,1
31855,1,0,1
31854,1,0,1
31853,1,0,1
31852,1,0,1
31851,1,0,1
31850,1,0,1
31849,1,0,1
31848,1,0,1
31847,1,0,1
31846,1,0,1
31845,1,0,1
31844,1,0,1
31843,1,0,1
31842,1,0,1
31841,1,0,1
31840,1,0,1
31839,1,0,1
31838,1,0,1
31837,1,0,1
31836,1,0,1
31835,1,0,1
31834,1,0,1
31833,1,0,1
31831,1,0,1
31830,1,0,1
31829,1,0,1
31828,1,0,1
31826,1,0,1
31825,1,0,1
31824,1,0,1
31823,1,0,1
31822,1,0,1
31821,1,0,1
31819,1,0,1
31816,1,0,1
31815,1,0,1
31814,1,0,1
31813,1,0,1
31812,1,0,1
31811,1,0,1
31810,1,0,1
31809,1,0,1
31808,1,0,1
31807,1,0,1
31806,1,0,1
31805,1,0,1
31804,1,0,1
31803,1,0,1
31802,1,0,1
31801,1,0,1
31800,1,0,1
31799,1,0,1
31798,1,0,1
31797,1,0,1
31796,1,0,1
31795,1,0,1
31794,1,0,1
31793,1,0,1
31792,1,0,1
31791,1,0,1
31790,1,0,1
31789,1,0,1
31788,1,0,1
31787,1,0,1
31786,1,0,1
31785,1,0,1
31784,1,0,1
31783,1,0,1
31782,1,0,1
31780,1,0,1
31779,1,0,1
31778,1,0,1
31777,1,0,1
31776,1,0,1
31774,1,0,1
31773,1,0,1
31771,1,0,1
31770,1,0,1
31769,1,0,1
31767,1,0,1
31766,1,0,1
31765,1,0,1
31764,1,0,1
31763,1,0,1
31762,1,0,1
31760,1,0,1
31759,1,0,1
31758,1,0,1
31757,1,0,1
31756,1,0,1
31755,1,0,1
31754,1,0,1
31753,1,0,1
31752,1,0,1
31751,1,0,1
31748,1,0,1
31747,1,0,1
31746,1,0,1
31745,1,0,1
31744,1,0,1
31743,1,0,1
31742,1,0,1
31741,1,0,1
31740,1,0,1
31739,1,0,1
31738,1,0,1
31737,1,0,1
31736,1,0,1
31735,1,0,1
31734,1,0,1
31733,1,0,1
31732,1,0,1
31730,1,0,1
31729,1,0,1
31728,1,0,1
31727,1,0,1
31726,1,0,1
31725,1,0,1
31724,1,0,1
31723,1,0,1
31722,1,0,1
31721,1,0,1
31720,1,0,1
31719,1,0,1
31718,1,0,1
31717,1,0,1
31715,1,0,1
31714,1,0,1
31713,1,0,1
31712,1,0,1
31711,1,0,1
31710,1,0,1
31709,1,0,1
31708,1,0,1
31707,1,0,1
31706,1,0,1
31705,1,0,1
31704,1,0,1
31703,1,0,1
31702,1,0,1
31701,1,0,1
31700,1,0,1
31699,1,0,1
31697,1,0,1
31696,1,0,1
31695,1,0,1
31694,1,0,1
31692,1,0,1
31691,1,0,1
31690,1,0,1
31689,1,0,1
31688,1,0,1
31687,1,0,1
31686,1,0,1
31684,1,0,1
31682,1,0,1
31681,1,0,1
31679,1,0,1
31677,1,0,1
31676,1,0,1
31675,1,0,1
31674,1,0,1
31672,1,0,1
31671,1,0,1
31669,1,0,1
31668,1,0,1
31667,1,0,1
31666,1,0,1
31665,1,0,1
31664,1,0,1
31663,1,0,1
31662,1,0,1
31661,1,0,1
31660,1,0,1
31659,1,0,1
31658,1,0,1
31657,1,0,1
31656,1,0,1
31655,1,0,1
31654,1,0,1
31652,1,0,1
31651,1,0,1
31650,1,0,1
31649,1,0,1
31648,1,0,1
31647,1,0,1
31646,1,0,1
31645,1,0,1
31644,1,0,1
31643,1,0,1
31642,1,0,1
31641,1,0,1
31640,1,0,1
31639,1,0,1
31638,1,0,1
31637,1,0,1
31636,1,0,1
31635,1,0,1
31634,1,0,1
31633,1,0,1
31632,1,0,1
31631,1,0,1
31629,1,0,1
31628,1,0,1
31627,1,0,1
31626,1,0,1
31625,1,0,1
31624,1,0,1
31623,1,0,1
31622,1,0,1
31621,1,0,1
31620,1,0,1
31619,1,0,1
31618,1,0,1
31617,1,0,1
31615,1,0,1
31614,1,0,1
31612,1,0,1
31610,1,0,1
31609,1,0,1
31606,1,0,1
31604,1,0,1
31603,1,0,1
31602,1,0,1
31601,1,0,1
31599,1,0,1
31598,1,0,1
31597,1,0,1
31596,1,0,1
31594,1,0,1
31593,1,0,1
31592,1,0,1
31591,1,0,1
31590,1,0,1
31587,1,0,1
31586,1,0,1
31585,1,0,1
31584,1,0,1
31582,1,0,1
31581,1,0,1
31579,1,0,1
31577,1,0,1
31576,1,0,1
31575,1,0,1
31574,1,0,1
31573,1,0,1
31572,1,0,1
31571,1,0,1
31570,1,0,1
31569,1,0,1
31568,1,0,1
31567,1,0,1
31566,1,0,1
31564,1,0,1
31563,1,0,1
31561,1,0,1
31560,1,0,1
31559,1,0,1
31558,1,0,1
31557,1,0,1
31556,1,0,1
31555,1,0,1
31554,1,0,1
31552,1,0,1
31551,1,0,1
31550,1,0,1
31548,1,0,1
31547,1,0,1
31546,1,0,1
31545,1,0,1
31544,1,0,1
31543,1,0,1
31542,1,0,1
31541,1,0,1
31540,1,0,1
31539,1,0,1
31538,1,0,1
31537,1,0,1
31536,1,0,1
31535,1,0,1
31534,1,0,1
31532,1,0,1
31531,1,0,1
31530,1,0,1
31529,1,0,1
31528,1,0,1
31527,1,0,1
31526,1,0,1
31525,1,0,1
31524,1,0,1
31523,1,0,1
31521,1,0,1
31520,1,0,1
31519,1,0,1
31518,1,0,1
31515,1,0,1
29998,1,0,1
29997,1,0,1
29995,1,0,1
29994,1,0,1
29993,1,0,1
29992,1,0,1
29991,1,0,1
29989,1,0,1
29988,1,0,1
29987,1,0,1
29986,1,0,1
29984,1,0,1
29983,1,0,1
29982,1,0,1
29981,1,0,1
29980,1,0,1
29979,1,0,1
29978,1,0,1
29976,1,0,1
29975,1,0,1
29974,1,0,1
29973,1,0,1
29972,1,0,1
29971,1,0,1
29970,1,0,1
29969,1,0,1
29968,1,0,1
29967,1,0,1
29966,1,0,1
29965,1,0,1
29964,1,0,1
29962,1,0,1
29961,1,0,1
29960,1,0,1
29959,1,0,1
29958,1,0,1
29957,1,0,1
29956,1,0,1
29955,1,0,1
29954,1,0,1
29953,1,0,1
29952,1,0,1
29951,1,0,1
29950,1,0,1
29949,1,0,1
29948,1,0,1
29947,1,0,1
29946,1,0,1
29945,1,0,1
29944,1,0,1
29943,1,0,1
29942,1,0,1
29941,1,0,1
29940,1,0,1
29939,1,0,1
29938,1,0,1
29937,1,0,1
29936,1,0,1
29935,1,0,1
29934,1,0,1
29933,1,0,1
29932,1,0,1
29931,1,0,1
29930,1,0,1
29929,1,0,1
29928,1,0,1
29927,1,0,1
29926,1,0,1
29925,1,0,1
29924,1,0,1
29923,1,0,1
29922,1,0,1
29921,1,0,1
29920,1,0,1
29919,1,0,1
29918,1,0,1
29917,1,0,1
29916,1,0,1
29915,1,0,1
29914,1,0,1
29912,1,0,1
29907,1,0,1
29906,1,0,1
29903,1,0,1
29901,1,0,1
29900,1,0,1
29899,1,0,1
29898,1,0,1
29897,1,0,1
29896,1,0,1
29895,1,0,1
29894,1,0,1
29893,1,0,1
29892,1,0,1
29891,1,0,1
29890,1,0,1
29889,1,0,1
29888,1,0,1
29887,1,0,1
29886,1,0,1
29885,1,0,1
29883,1,0,1
29881,1,0,1
29880,1,0,1
29879,1,0,1
29878,1,0,1
29876,1,0,1
29874,1,0,1
29873,1,0,1
29872,1,0,1
29871,1,0,1
29870,1,0,1
29869,1,0,1
29868,1,0,1
29867,1,0,1
29866,1,0,1
29865,1,0,1
29864,1,0,1
29863,1,0,1
29862,1,0,1
29861,1,0,1
29860,1,0,1
29859,1,0,1
29858,1,0,1
29857,1,0,1
29856,1,0,1
29855,1,0,1
29854,1,0,1
29853,1,0,1
29852,1,0,1
29850,1,0,1
29849,1,0,1
29848,1,0,1
29847,1,0,1
29846,1,0,1
29845,1,0,1
29844,1,0,1
29842,1,0,1
29841,1,0,1
29840,1,0,1
29839,1,0,1
29838,1,0,1
29837,1,0,1
29836,1,0,1
29835,1,0,1
29834,1,0,1
29833,1,0,1
29832,1,0,1
29831,1,0,1
29830,1,0,1
29829,1,0,1
29828,1,0,1
29827,1,0,1
29826,1,0,1
29825,1,0,1
29824,1,0,1
29823,1,0,1
29821,1,0,1
29820,1,0,1
29819,1,0,1
29817,1,0,1
29816,1,0,1
29815,1,0,1
29814,1,0,1
29813,1,0,1
29811,1,0,1
29810,1,0,1
29807,1,0,1
29806,1,0,1
29805,1,0,1
29804,1,0,1
29803,1,0,1
29801,1,0,1
29800,1,0,1
29799,1,0,1
29797,1,0,1
29796,1,0,1
29795,1,0,1
29794,1,0,1
29793,1,0,1
29792,1,0,1
29791,1,0,1
29790,1,0,1
29789,1,0,1
29788,1,0,1
29787,1,0,1
29786,1,0,1
29785,1,0,1
29784,1,0,1
29783,1,0,1
29782,1,0,1
29781,1,0,1
29780,1,0,1
29779,1,0,1
29778,1,0,1
29777,1,0,1
29776,1,0,1
29775,1,0,1
29774,1,0,1
29773,1,0,1
29772,1,0,1
29771,1,0,1
29770,1,0,1
29769,1,0,1
29766,1,0,1
29765,1,0,1
29764,1,0,1
29763,1,0,1
29762,1,0,1
29761,1,0,1
29760,1,0,1
29759,1,0,1
29758,1,0,1
29757,1,0,1
29755,1,0,1
29753,1,0,1
29752,1,0,1
29751,1,0,1
29750,1,0,1
29749,1,0,1
29748,1,0,1
29747,1,0,1
29746,1,0,1
29745,1,0,1
29743,1,0,1
29742,1,0,1
29741,1,0,1
29739,1,0,1
29737,1,0,1
29736,1,0,1
29735,1,0,1
29734,1,0,1
29733,1,0,1
29732,1,0,1
29731,1,0,1
29730,1,0,1
29729,1,0,1
29726,1,0,1
29724,1,0,1
29723,1,0,1
29721,1,0,1
29720,1,0,1
29719,1,0,1
29718,1,0,1
29717,1,0,1
29716,1,0,1
29715,1,0,1
29714,1,0,1
29713,1,0,1
29712,1,0,1
29711,1,0,1
29710,1,0,1
29709,1,0,1
29708,1,0,1
29707,1,0,1
29706,1,0,1
29705,1,0,1
29703,1,0,1
29702,1,0,1
29701,1,0,1
29700,1,0,1
29699,1,0,1
29698,1,0,1
29697,1,0,1
29696,1,0,1
29695,1,0,1
29694,1,0,1
29693,1,0,1
29692,1,0,1
29691,1,0,1
29690,1,0,1
29689,1,0,1
29688,1,0,1
29687,1,0,1
29685,1,0,1
29684,1,0,1
29683,1,0,1
29682,1,0,1
29680,1,0,1
29679,1,0,1
29678,1,0,1
29677,1,0,1
29675,1,0,1
29674,1,0,1
29673,1,0,1
29672,1,0,1
29671,1,0,1
29670,1,0,1
29668,1,0,1
29667,1,0,1
29666,1,0,1
29665,1,0,1
29664,1,0,1
29663,1,0,1
29662,1,0,1
29661,1,0,1
29660,1,0,1
29659,1,0,1
29658,1,0,1
29657,1,0,1
29655,1,0,1
29654,1,0,1
29653,1,0,1
29652,1,0,1
29651,1,0,1
29650,1,0,1
29649,1,0,1
29647,1,0,1
29645,1,0,1
29644,1,0,1
29643,1,0,1
29642,1,0,1
29641,1,0,1
29640,1,0,1
29639,1,0,1
29638,1,0,1
29637,1,0,1
29636,1,0,1
29635,1,0,1
29633,1,0,1
29632,1,0,1
29631,1,0,1
29630,1,0,1
29629,1,0,1
29627,1,0,1
29626,1,0,1
29625,1,0,1
29624,1,0,1
29623,1,0,1
29622,1,0,1
29621,1,0,1
29620,1,0,1
29619,1,0,1
29617,1,0,1
29616,1,0,1
29613,1,0,1
29612,1,0,1
29611,1,0,1
29610,1,0,1
29609,1,0,1
29607,1,0,1
29605,1,0,1
29604,1,0,1
29603,1,0,1
29602,1,0,1
29601,1,0,1
29597,1,0,1
29596,1,0,1
29595,1,0,1
29594,1,0,1
29593,1,0,1
29592,1,0,1
29591,1,0,1
29590,1,0,1
29589,1,0,1
29588,1,0,1
29587,1,0,1
29586,1,0,1
29585,1,0,1
29584,1,0,1
29583,1,0,1
29582,1,0,1
29581,1,0,1
29580,1,0,1
29579,1,0,1
29578,1,0,1
29577,1,0,1
29576,1,0,1
29575,1,0,1
29574,1,0,1
29572,1,0,1
29571,1,0,1
29570,1,0,1
29569,1,0,1
29568,1,0,1
29565,1,0,1
29564,1,0,1
29563,1,0,1
29562,1,0,1
29561,1,0,1
29560,1,0,1
29559,1,0,1
29558,1,0,1
29557,1,0,1
29556,1,0,1
29555,1,0,1
29554,1,0,1
29553,1,0,1
29552,1,0,1
29551,1,0,1
29550,1,0,1
29548,1,0,1
29547,1,0,1
29545,1,0,1
29544,1,0,1
29543,1,0,1
29542,1,0,1
29540,1,0,1
29539,1,0,1
29538,1,0,1
29537,1,0,1
29536,1,0,1
29535,1,0,1
29534,1,0,1
29533,1,0,1
29532,1,0,1
29531,1,0,1
29530,1,0,1
29529,1,0,1
29528,1,0,1
29527,1,0,1
29526,1,0,1
29524,1,0,1
29523,1,0,1
29522,1,0,1
29521,1,0,1
29520,1,0,1
29518,1,0,1
29517,1,0,1
29516,1,0,1
29515,1,0,1
29514,1,0,1
29513,1,0,1
29512,1,0,1
29511,1,0,1
29510,1,0,1
29509,1,0,1
29508,1,0,1
29507,1,0,1
29506,1,0,1
29505,1,0,1
29504,1,0,1
29503,1,0,1
29502,1,0,1
29501,1,0,1
29500,1,0,1
29499,1,0,1
29498,1,0,1
29497,1,0,1
29496,1,0,1
29495,1,0,1
29494,1,0,1
29493,1,0,1
29492,1,0,1
29491,1,0,1
29490,1,0,1
29489,1,0,1
29488,1,0,1
29487,1,0,1
29486,1,0,1
29485,1,0,1
29484,1,0,1
29483,1,0,1
29481,1,0,1
29480,1,0,1
29479,1,0,1
29476,1,0,1
29475,1,0,1
29474,1,0,1
29473,1,0,1
29472,1,0,1
29471,1,0,1
29470,1,0,1
29469,1,0,1
29468,1,0,1
29467,1,0,1
29466,1,0,1
29464,1,0,1
29463,1,0,1
29462,1,0,1
29461,1,0,1
29460,1,0,1
29459,1,0,1
29458,1,0,1
29457,1,0,1
29456,1,0,1
29455,1,0,1
29453,1,0,1
29451,1,0,1
29450,1,0,1
29449,1,0,1
29448,1,0,1
29447,1,0,1
29446,1,0,1
29445,1,0,1
29444,1,0,1
29443,1,0,1
29442,1,0,1
29441,1,0,1
29439,1,0,1
29438,1,0,1
29437,1,0,1
29436,1,0,1
29435,1,0,1
29434,1,0,1
29432,1,0,1
29431,1,0,1
29430,1,0,1
29428,1,0,1
29427,1,0,1
29426,1,0,1
29425,1,0,1
29424,1,0,1
29423,1,0,1
29422,1,0,1
29421,1,0,1
29420,1,0,1
29419,1,0,1
29418,1,0,1
29417,1,0,1
29416,1,0,1
29415,1,0,1
29414,1,0,1
29413,1,0,1
29412,1,0,1
29411,1,0,1
29410,1,0,1
29409,1,0,1
29408,1,0,1
29407,1,0,1
29406,1,0,1
29405,1,0,1
29404,1,0,1
29403,1,0,1
29402,1,0,1
29401,1,0,1
29399,1,0,1
29398,1,0,1
29397,1,0,1
29396,1,0,1
29394,1,0,1
29393,1,0,1
29392,1,0,1
29391,1,0,1
29388,1,0,1
29387,1,0,1
29386,1,0,1
29385,1,0,1
29383,1,0,1
29382,1,0,1
29381,1,0,1
29380,1,0,1
29379,1,0,1
29378,1,0,1
29377,1,0,1
29376,1,0,1
29375,1,0,1
29374,1,0,1
29373,1,0,1
29372,1,0,1
29371,1,0,1
29370,1,0,1
29369,1,0,1
29368,1,0,1
29366,1,0,1
29365,1,0,1
29364,1,0,1
29363,1,0,1
29362,1,0,1
29361,1,0,1
29359,1,0,1
29357,1,0,1
29356,1,0,1
29355,1,0,1
29354,1,0,1
29353,1,0,1
29352,1,0,1
29351,1,0,1
29349,1,0,1
29348,1,0,1
29347,1,0,1
29346,1,0,1
29345,1,0,1
29344,1,0,1
29343,1,0,1
29342,1,0,1
29341,1,0,1
29340,1,0,1
29339,1,0,1
29338,1,0,1
29337,1,0,1
29336,1,0,1
29335,1,0,1
29333,1,0,1
29332,1,0,1
29331,1,0,1
29330,1,0,1
29329,1,0,1
29328,1,0,1
29327,1,0,1
29326,1,0,1
29325,1,0,1
29324,1,0,1
29323,1,0,1
29322,1,0,1
29321,1,0,1
29320,1,0,1
29317,1,0,1
29316,1,0,1
29315,1,0,1
29314,1,0,1
29313,1,0,1
29312,1,0,1
29311,1,0,1
29310,1,0,1
29309,1,0,1
29308,1,0,1
29307,1,0,1
29306,1,0,1
29305,1,0,1
29303,1,0,1
29302,1,0,1
29301,1,0,1
29299,1,0,1
29298,1,0,1
29296,1,0,1
29295,1,0,1
29294,1,0,1
29293,1,0,1
29292,1,0,1
29291,1,0,1
29290,1,0,1
29289,1,0,1
29288,1,0,1
29287,1,0,1
29286,1,0,1
29285,1,0,1
29284,1,0,1
29283,1,0,1
29281,1,0,1
29280,1,0,1
29279,1,0,1
29278,1,0,1
29277,1,0,1
29276,1,0,1
29275,1,0,1
29274,1,0,1
29273,1,0,1
29272,1,0,1
29271,1,0,1
29270,1,0,1
29269,1,0,1
29268,1,0,1
29267,1,0,1
29266,1,0,1
29263,1,0,1
29262,1,0,1
29261,1,0,1
29260,1,0,1
29259,1,0,1
29258,1,0,1
29257,1,0,1
29255,1,0,1
29254,1,0,1
29252,1,0,1
29251,1,0,1
29250,1,0,1
29249,1,0,1
29247,1,0,1
29246,1,0,1
29244,1,0,1
29243,1,0,1
29242,1,0,1
29241,1,0,1
29240,1,0,1
29239,1,0,1
29238,1,0,1
29237,1,0,1
29236,1,0,1
29235,1,0,1
29234,1,0,1
29233,1,0,1
29231,1,0,1
29230,1,0,1
29229,1,0,1
29227,1,0,1
29226,1,0,1
29225,1,0,1
29224,1,0,1
29223,1,0,1
29222,1,0,1
29221,1,0,1
29220,1,0,1
29219,1,0,1
29218,1,0,1
29217,1,0,1
29216,1,0,1
29215,1,0,1
29214,1,0,1
29213,1,0,1
29212,1,0,1
29211,1,0,1
29210,1,0,1
29209,1,0,1
29208,1,0,1
29207,1,0,1
29206,1,0,1
29205,1,0,1
29202,1,0,1
29200,1,0,1
29199,1,0,1
29198,1,0,1
29197,1,0,1
29196,1,0,1
29195,1,0,1
29194,1,0,1
29193,1,0,1
29192,1,0,1
29191,1,0,1
29189,1,0,1
29188,1,0,1
29187,1,0,1
29186,1,0,1
29185,1,0,1
29184,1,0,1
29182,1,0,1
29181,1,0,1
29179,1,0,1
29178,1,0,1
29177,1,0,1
29176,1,0,1
29175,1,0,1
29174,1,0,1
29172,1,0,1
29171,1,0,1
29170,1,0,1
29169,1,0,1
29168,1,0,1
29166,1,0,1
29165,1,0,1
29164,1,0,1
29162,1,0,1
29161,1,0,1
29160,1,0,1
29159,1,0,1
29157,1,0,1
29156,1,0,1
29155,1,0,1
29154,1,0,1
29153,1,0,1
29152,1,0,1
29151,1,0,1
29149,1,0,1
29148,1,0,1
29146,1,0,1
29145,1,0,1
29144,1,0,1
29143,1,0,1
29142,1,0,1
29141,1,0,1
29140,1,0,1
29137,1,0,1
29136,1,0,1
29134,1,0,1
29133,1,0,1
29132,1,0,1
29131,1,0,1
29130,1,0,1
29129,1,0,1
29128,1,0,1
29127,1,0,1
29126,1,0,1
29125,1,0,1
29124,1,0,1
29123,1,0,1
29122,1,0,1
29121,1,0,1
29120,1,0,1
29119,1,0,1
29118,1,0,1
29117,1,0,1
29114,1,0,1
29113,1,0,1
29111,1,0,1
29110,1,0,1
29109,1,0,1
29108,1,0,1
29107,1,0,1
29105,1,0,1
29104,1,0,1
29102,1,0,1
29101,1,0,1
29100,1,0,1
29099,1,0,1
29098,1,0,1
29097,1,0,1
29096,1,0,1
29095,1,0,1
29094,1,0,1
29093,1,0,1
29092,1,0,1
29091,1,0,1
29090,1,0,1
29089,1,0,1
29088,1,0,1
29086,1,0,1
29085,1,0,1
29084,1,0,1
29083,1,0,1
29082,1,0,1
29081,1,0,1
29080,1,0,1
29079,1,0,1
29078,1,0,1
29077,1,0,1
29076,1,0,1
29075,1,0,1
29074,1,0,1
29072,1,0,1
29071,1,0,1
29070,1,0,1
29069,1,0,1
29068,1,0,1
29067,1,0,1
29066,1,0,1
29065,1,0,1
29064,1,0,1
29063,1,0,1
29062,1,0,1
29061,1,0,1
29060,1,0,1
29059,1,0,1
29058,1,0,1
29057,1,0,1
29056,1,0,1
29055,1,0,1
29054,1,0,1
29053,1,0,1
29052,1,0,1
29051,1,0,1
29050,1,0,1
29049,1,0,1
29047,1,0,1
29046,1,0,1
29045,1,0,1
29044,1,0,1
29043,1,0,1
29042,1,0,1
29041,1,0,1
29040,1,0,1
29039,1,0,1
29037,1,0,1
29036,1,0,1
29034,1,0,1
29033,1,0,1
29032,1,0,1
29031,1,0,1
29030,1,0,1
29029,1,0,1
29028,1,0,1
29027,1,0,1
29026,1,0,1
29025,1,0,1
29024,1,0,1
29023,1,0,1
29022,1,0,1
29021,1,0,1
29020,1,0,1
29019,1,0,1
29017,1,0,1
29016,1,0,1
29015,1,0,1
29014,1,0,1
29013,1,0,1
29012,1,0,1
29011,1,0,1
29010,1,0,1
29009,1,0,1
29007,1,0,1
29006,1,0,1
29005,1,0,1
29004,1,0,1
29003,1,0,1
29002,1,0,1
29001,1,0,1
28999,1,0,1
28998,1,0,1
28996,1,0,1
28995,1,0,1
28994,1,0,1
28992,1,0,1
28990,1,0,1
28989,1,0,1
28988,1,0,1
28986,1,0,1
28985,1,0,1
28984,1,0,1
28983,1,0,1
28982,1,0,1
28980,1,0,1
28977,1,0,1
28976,1,0,1
28974,1,0,1
28972,1,0,1
28971,1,0,1
28970,1,0,1
28969,1,0,1
28967,1,0,1
28966,1,0,1
28965,1,0,1
28964,1,0,1
28963,1,0,1
28962,1,0,1
28961,1,0,1
28960,1,0,1
28959,1,0,1
28958,1,0,1
28957,1,0,1
28956,1,0,1
28955,1,0,1
28954,1,0,1
28953,1,0,1
28952,1,0,1
28951,1,0,1
28950,1,0,1
28949,1,0,1
28948,1,0,1
28947,1,0,1
28946,1,0,1
28945,1,0,1
28944,1,0,1
28943,1,0,1
28942,1,0,1
28941,1,0,1
28940,1,0,1
28939,1,0,1
28938,1,0,1
28937,1,0,1
28935,1,0,1
28934,1,0,1
28933,1,0,1
28932,1,0,1
28930,1,0,1
28929,1,0,1
28928,1,0,1
28927,1,0,1
28926,1,0,1
28925,1,0,1
28924,1,0,1
28923,1,0,1
28920,1,0,1
28919,1,0,1
28918,1,0,1
28917,1,0,1
28916,1,0,1
28915,1,0,1
28914,1,0,1
28913,1,0,1
28912,1,0,1
28911,1,0,1
28910,1,0,1
28908,1,0,1
28907,1,0,1
28906,1,0,1
28905,1,0,1
28903,1,0,1
28902,1,0,1
28901,1,0,1
28900,1,0,1
28899,1,0,1
28898,1,0,1
28897,1,0,1
28896,1,0,1
28895,1,0,1
28893,1,0,1
28891,1,0,1
28890,1,0,1
28889,1,0,1
28887,1,0,1
28886,1,0,1
28884,1,0,1
28883,1,0,1
28882,1,0,1
28881,1,0,1
28880,1,0,1
28879,1,0,1
28878,1,0,1
28877,1,0,1
28876,1,0,1
28875,1,0,1
28874,1,0,1
28873,1,0,1
28872,1,0,1
28871,1,0,1
28870,1,0,1
28868,1,0,1
28867,1,0,1
28866,1,0,1
28865,1,0,1
28864,1,0,1
28863,1,0,1
28862,1,0,1
28861,1,0,1
28860,1,0,1
28859,1,0,1
28858,1,0,1
28856,1,0,1
28855,1,0,1
28854,1,0,1
28853,1,0,1
28852,1,0,1
28851,1,0,1
28850,1,0,1
28849,1,0,1
28847,1,0,1
28846,1,0,1
28845,1,0,1
28843,1,0,1
28842,1,0,1
28841,1,0,1
28840,1,0,1
28839,1,0,1
28838,1,0,1
28837,1,0,1
28836,1,0,1
28835,1,0,1
28833,1,0,1
28830,1,0,1
28829,1,0,1
28828,1,0,1
28827,1,0,1
28826,1,0,1
28825,1,0,1
28824,1,0,1
28823,1,0,1
28822,1,0,1
28821,1,0,1
28818,1,0,1
28816,1,0,1
28815,1,0,1
28814,1,0,1
28813,1,0,1
28812,1,0,1
28810,1,0,1
28809,1,0,1
28808,1,0,1
28805,1,0,1
28804,1,0,1
28803,1,0,1
28802,1,0,1
28801,1,0,1
28800,1,0,1
28798,1,0,1
28797,1,0,1
28796,1,0,1
28795,1,0,1
28794,1,0,1
28793,1,0,1
28792,1,0,1
28791,1,0,1
28789,1,0,1
28788,1,0,1
28787,1,0,1
28786,1,0,1
28785,1,0,1
28784,1,0,1
28783,1,0,1
28782,1,0,1
28781,1,0,1
28780,1,0,1
28779,1,0,1
28777,1,0,1
28776,1,0,1
28775,1,0,1
28774,1,0,1
28773,1,0,1
28772,1,0,1
28771,1,0,1
28770,1,0,1
28769,1,0,1
28768,1,0,1
28767,1,0,1
28764,1,0,1
28762,1,0,1
28761,1,0,1
28760,1,0,1
28759,1,0,1
28757,1,0,1
28756,1,0,1
28755,1,0,1
28754,1,0,1
28753,1,0,1
28752,1,0,1
28750,1,0,1
28749,1,0,1
28748,1,0,1
28747,1,0,1
28746,1,0,1
28745,1,0,1
28744,1,0,1
28743,1,0,1
28742,1,0,1
28741,1,0,1
28740,1,0,1
28738,1,0,1
28737,1,0,1
28736,1,0,1
28735,1,0,1
28734,1,0,1
28732,1,0,1
28731,1,0,1
28728,1,0,1
28727,1,0,1
28726,1,0,1
28725,1,0,1
28724,1,0,1
28723,1,0,1
28722,1,0,1
28717,1,0,1
28716,1,0,1
28715,1,0,1
28714,1,0,1
28713,1,0,1
28712,1,0,1
28711,1,0,1
28710,1,0,1
28709,1,0,1
28708,1,0,1
28707,1,0,1
28706,1,0,1
28705,1,0,1
28704,1,0,1
28703,1,0,1
28702,1,0,1
28701,1,0,1
28700,1,0,1
28699,1,0,1
28698,1,0,1
28697,1,0,1
28696,1,0,1
28695,1,0,1
28694,1,0,1
28693,1,0,1
28692,1,0,1
28691,1,0,1
28690,1,0,1
28689,1,0,1
28688,1,0,1
28687,1,0,1
28686,1,0,1
28685,1,0,1
28683,1,0,1
28682,1,0,1
28681,1,0,1
28680,1,0,1
28679,1,0,1
28678,1,0,1
28676,1,0,1
28675,1,0,1
28673,1,0,1
28672,1,0,1
28671,1,0,1
28670,1,0,1
28669,1,0,1
28668,1,0,1
28666,1,0,1
28664,1,0,1
28662,1,0,1
28661,1,0,1
28660,1,0,1
28659,1,0,1
28658,1,0,1
28657,1,0,1
28656,1,0,1
28655,1,0,1
28654,1,0,1
28653,1,0,1
28652,1,0,1
28651,1,0,1
28650,1,0,1
28648,1,0,1
28647,1,0,1
28646,1,0,1
28645,1,0,1
28644,1,0,1
28643,1,0,1
28642,1,0,1
28641,1,0,1
28639,1,0,1
28638,1,0,1
28637,1,0,1
28636,1,0,1
28635,1,0,1
28634,1,0,1
28633,1,0,1
28632,1,0,1
28631,1,0,1
28630,1,0,1
28629,1,0,1
28628,1,0,1
28627,1,0,1
28626,1,0,1
28625,1,0,1
28624,1,0,1
28623,1,0,1
28622,1,0,1
28621,1,0,1
28619,1,0,1
28618,1,0,1
28617,1,0,1
28616,1,0,1
28615,1,0,1
28614,1,0,1
28613,1,0,1
28611,1,0,1
28610,1,0,1
28609,1,0,1
28608,1,0,1
28607,1,0,1
28606,1,0,1
28604,1,0,1
28603,1,0,1
28602,1,0,1
28601,1,0,1
28599,1,0,1
28598,1,0,1
28597,1,0,1
28594,1,0,1
28593,1,0,1
28592,1,0,1
28591,1,0,1
28590,1,0,1
28589,1,0,1
28588,1,0,1
28587,1,0,1
28586,1,0,1
28585,1,0,1
28584,1,0,1
28583,1,0,1
28582,1,0,1
28581,1,0,1
28580,1,0,1
28579,1,0,1
28578,1,0,1
28577,1,0,1
28576,1,0,1
28575,1,0,1
28574,1,0,1
28573,1,0,1
28572,1,0,1
28571,1,0,1
28570,1,0,1
28569,1,0,1
28568,1,0,1
28567,1,0,1
28566,1,0,1
28565,1,0,1
28564,1,0,1
28563,1,0,1
28562,1,0,1
28561,1,0,1
28560,1,0,1
28559,1,0,1
28558,1,0,1
28557,1,0,1
28556,1,0,1
28554,1,0,1
28553,1,0,1
28552,1,0,1
28551,1,0,1
28550,1,0,1
28549,1,0,1
28548,1,0,1
28547,1,0,1
28546,1,0,1
28545,1,0,1
28543,1,0,1
28542,1,0,1
28541,1,0,1
28540,1,0,1
28539,1,0,1
28538,1,0,1
28537,1,0,1
28536,1,0,1
28535,1,0,1
28534,1,0,1
28533,1,0,1
28532,1,0,1
28531,1,0,1
28530,1,0,1
28529,1,0,1
28528,1,0,1
28527,1,0,1
28525,1,0,1
28524,1,0,1
28522,1,0,1
28521,1,0,1
28520,1,0,1
28519,1,0,1
28518,1,0,1
28517,1,0,1
28516,1,0,1
28515,1,0,1
28514,1,0,1
28512,1,0,1
28511,1,0,1
28510,1,0,1
28507,1,0,1
28506,1,0,1
28505,1,0,1
28504,1,0,1
28503,1,0,1
28502,1,0,1
28501,1,0,1
28500,1,0,1
28499,1,0,1
28498,1,0,1
28497,1,0,1
28496,1,0,1
28494,1,0,1
28493,1,0,1
28492,1,0,1
28491,1,0,1
28490,1,0,1
28489,1,0,1
28488,1,0,1
28487,1,0,1
28486,1,0,1
28485,1,0,1
28484,1,0,1
28482,1,0,1
28481,1,0,1
28480,1,0,1
28479,1,0,1
28478,1,0,1
28476,1,0,1
28475,1,0,1
28474,1,0,1
28473,1,0,1
28472,1,0,1
28471,1,0,1
28469,1,0,1
28467,1,0,1
28463,1,0,1
28462,1,0,1
28461,1,0,1
28460,1,0,1
28459,1,0,1
28458,1,0,1
28457,1,0,1
28456,1,0,1
28455,1,0,1
28454,1,0,1
28453,1,0,1
28452,1,0,1
28451,1,0,1
28450,1,0,1
28449,1,0,1
28448,1,0,1
28447,1,0,1
28446,1,0,1
28445,1,0,1
28444,1,0,1
28443,1,0,1
28442,1,0,1
28441,1,0,1
28439,1,0,1
28438,1,0,1
28437,1,0,1
28435,1,0,1
28434,1,0,1
28433,1,0,1
28432,1,0,1
28431,1,0,1
28430,1,0,1
28428,1,0,1
28427,1,0,1
28426,1,0,1
28425,1,0,1
28424,1,0,1
28423,1,0,1
28422,1,0,1
28421,1,0,1
28420,1,0,1
28419,1,0,1
28418,1,0,1
28417,1,0,1
28416,1,0,1
28415,1,0,1
28414,1,0,1
28412,1,0,1
28410,1,0,1
28409,1,0,1
28408,1,0,1
28407,1,0,1
28406,1,0,1
28405,1,0,1
28404,1,0,1
28403,1,0,1
28402,1,0,1
28401,1,0,1
28400,1,0,1
28399,1,0,1
28398,1,0,1
28397,1,0,1
28396,1,0,1
28394,1,0,1
28393,1,0,1
28392,1,0,1
28390,1,0,1
28389,1,0,1
28388,1,0,1
28387,1,0,1
28386,1,0,1
28385,1,0,1
28383,1,0,1
28382,1,0,1
28381,1,0,1
28380,1,0,1
28379,1,0,1
28377,1,0,1
28375,1,0,1
28374,1,0,1
28372,1,0,1
28371,1,0,1
28370,1,0,1
28369,1,0,1
28368,1,0,1
28367,1,0,1
28366,1,0,1
28365,1,0,1
28364,1,0,1
28363,1,0,1
28362,1,0,1
28361,1,0,1
28360,1,0,1
28359,1,0,1
28358,1,0,1
28357,1,0,1
28356,1,0,1
28354,1,0,1
28353,1,0,1
28352,1,0,1
28351,1,0,1
28350,1,0,1
28348,1,0,1
28347,1,0,1
28346,1,0,1
28345,1,0,1
28344,1,0,1
28342,1,0,1
28340,1,0,1
28339,1,0,1
28338,1,0,1
28337,1,0,1
28336,1,0,1
28335,1,0,1
28334,1,0,1
28332,1,0,1
28331,1,0,1
28330,1,0,1
28329,1,0,1
28328,1,0,1
28327,1,0,1
28326,1,0,1
28325,1,0,1
28324,1,0,1
28323,1,0,1
28322,1,0,1
28321,1,0,1
28319,1,0,1
28318,1,0,1
28317,1,0,1
28316,1,0,1
28315,1,0,1
28314,1,0,1
28313,1,0,1
28311,1,0,1
28310,1,0,1
28309,1,0,1
28308,1,0,1
28307,1,0,1
28306,1,0,1
28305,1,0,1
28304,1,0,1
28303,1,0,1
28302,1,0,1
28300,1,0,1
28299,1,0,1
28297,1,0,1
28296,1,0,1
28295,1,0,1
28294,1,0,1
28293,1,0,1
28292,1,0,1
28291,1,0,1
28290,1,0,1
28288,1,0,1
28287,1,0,1
28286,1,0,1
28285,1,0,1
28284,1,0,1
28283,1,0,1
28282,1,0,1
28281,1,0,1
28279,1,0,1
28278,1,0,1
28277,1,0,1
28276,1,0,1
28275,1,0,1
28274,1,0,1
28273,1,0,1
28272,1,0,1
28270,1,0,1
28269,1,0,1
28268,1,0,1
28267,1,0,1
28266,1,0,1
28265,1,0,1
28264,1,0,1
28263,1,0,1
28261,1,0,1
28259,1,0,1
28258,1,0,1
28257,1,0,1
28256,1,0,1
28255,1,0,1
28254,1,0,1
28253,1,0,1
28252,1,0,1
28250,1,0,1
28249,1,0,1
28248,1,0,1
28245,1,0,1
28244,1,0,1
28243,1,0,1
28242,1,0,1
28241,1,0,1
28238,1,0,1
28237,1,0,1
28236,1,0,1
28235,1,0,1
28234,1,0,1
28233,1,0,1
28232,1,0,1
28231,1,0,1
28230,1,0,1
28229,1,0,1
28228,1,0,1
28227,1,0,1
28226,1,0,1
28225,1,0,1
28224,1,0,1
28223,1,0,1
28221,1,0,1
28220,1,0,1
28219,1,0,1
28218,1,0,1
28217,1,0,1
28216,1,0,1
28215,1,0,1
28214,1,0,1
28213,1,0,1
28212,1,0,1
28211,1,0,1
28209,1,0,1
28207,1,0,1
28205,1,0,1
28203,1,0,1
28202,1,0,1
28200,1,0,1
28199,1,0,1
28197,1,0,1
28196,1,0,1
28195,1,0,1
28194,1,0,1
28193,1,0,1
28192,1,0,1
28191,1,0,1
28190,1,0,1
28189,1,0,1
28188,1,0,1
28187,1,0,1
28186,1,0,1
28185,1,0,1
28184,1,0,1
28183,1,0,1
28182,1,0,1
28181,1,0,1
28180,1,0,1
28179,1,0,1
28178,1,0,1
28176,1,0,1
28175,1,0,1
28174,1,0,1
28173,1,0,1
28172,1,0,1
28171,1,0,1
28170,1,0,1
28169,1,0,1
28167,1,0,1
28165,1,0,1
28164,1,0,1
28161,1,0,1
28160,1,0,1
28159,1,0,1
28158,1,0,1
28157,1,0,1
28156,1,0,1
28155,1,0,1
28154,1,0,1
28152,1,0,1
28151,1,0,1
28150,1,0,1
28149,1,0,1
28148,1,0,1
28147,1,0,1
28146,1,0,1
28145,1,0,1
28144,1,0,1
28143,1,0,1
28142,1,0,1
28141,1,0,1
28140,1,0,1
28139,1,0,1
28138,1,0,1
28137,1,0,1
28136,1,0,1
28134,1,0,1
28133,1,0,1
28131,1,0,1
28130,1,0,1
28129,1,0,1
28128,1,0,1
28127,1,0,1
28126,1,0,1
28125,1,0,1
28124,1,0,1
28123,1,0,1
28122,1,0,1
28120,1,0,1
28119,1,0,1
28118,1,0,1
28116,1,0,1
28115,1,0,1
28114,1,0,1
28113,1,0,1
28112,1,0,1
28111,1,0,1
28110,1,0,1
28109,1,0,1
28107,1,0,1
28106,1,0,1
28105,1,0,1
28104,1,0,1
28103,1,0,1
28102,1,0,1
28100,1,0,1
28099,1,0,1
28098,1,0,1
28097,1,0,1
28096,1,0,1
28095,1,0,1
28094,1,0,1
28093,1,0,1
28092,1,0,1
28090,1,0,1
28089,1,0,1
28087,1,0,1
28086,1,0,1
28084,1,0,1
28083,1,0,1
28082,1,0,1
28081,1,0,1
28080,1,0,1
28079,1,0,1
28077,1,0,1
28076,1,0,1
28075,1,0,1
28074,1,0,1
28073,1,0,1
28072,1,0,1
28071,1,0,1
28070,1,0,1
28069,1,0,1
28068,1,0,1
28067,1,0,1
28066,1,0,1
28065,1,0,1
28064,1,0,1
28063,1,0,1
28062,1,0,1
28061,1,0,1
28060,1,0,1
28059,1,0,1
28058,1,0,1
28027,1,0,1
28026,1,0,1
28025,1,0,1
28024,1,0,1
28023,1,0,1
27982,1,0,1
27981,1,0,1
27980,1,0,1
27979,1,0,1
27952,1,0,1
27951,1,0,1
27950,1,0,1
27948,1,0,1
27604,1,0,1
27603,1,0,1
27602,1,0,1
27601,1,0,1
27546,1,0,1
27545,1,0,1
27544,1,0,1
27543,1,0,1
27542,1,0,1
27362,1,0,1
27086,1,0,1
26819,1,0,1
26816,1,0,1
26776,1,0,1
26775,1,0,1
26774,1,0,1
26773,1,0,1
26464,1,0,1
26462,1,0,1
26461,1,0,1
26460,1,0,1
5491,1,0,1
5603,1,0,1
5809,1,0,1
5977,1,0,1
5987,1,0,1
6041,1,0,1
6129,1,0,1
6169,1,0,1
6299,1,0,1
6822,1,0,1
6836,1,0,1
6862,1,0,1
7078,1,0,1
7142,1,0,1
7236,1,0,1
7237,1,0,1
7245,1,0,1
7256,1,0,1
7257,1,0,1
7449,1,0,1
7533,1,0,1
7683,1,0,1
7819,1,0,1
7885,1,0,1
7919,1,0,1
7927,1,0,1
8103,1,0,1
8193,1,0,1
8194,1,0,1
8196,1,0,1
8197,1,0,1
8198,1,0,1
8199,1,0,1
8200,1,0,1
8201,1,0,1
8202,1,0,1
8203,1,0,1
8204,1,0,1
8205,1,0,1
8206,1,0,1
8208,1,0,1
8209,1,0,1
8210,1,0,1
8211,1,0,1
8212,1,0,1
8214,1,0,1
8215,1,0,1
8216,1,0,1
8218,1,0,1
8220,1,0,1
8221,1,0,1
8222,1,0,1
8223,1,0,1
8224,1,0,1
8225,1,0,1
8226,1,0,1
8227,1,0,1
8228,1,0,1
8229,1,0,1
8230,1,0,1
8232,1,0,1
8233,1,0,1
8234,1,0,1
8236,1,0,1
8237,1,0,1
8238,1,0,1
8239,1,0,1
8240,1,0,1
8241,1,0,1
8243,1,0,1
8244,1,0,1
8245,1,0,1
8246,1,0,1
8247,1,0,1
8248,1,0,1
8249,1,0,1
8250,1,0,1
8251,1,0,1
8252,1,0,1
8253,1,0,1
8254,1,0,1
8255,1,0,1
8256,1,0,1
8257,1,0,1
8258,1,0,1
8259,1,0,1
8261,1,0,1
8262,1,0,1
8263,1,0,1
8264,1,0,1
8265,1,0,1
8266,1,0,1
8267,1,0,1
8268,1,0,1
8269,1,0,1
8274,1,0,1
8275,1,0,1
8276,1,0,1
8277,1,0,1
8278,1,0,1
8279,1,0,1
8281,1,0,1
8282,1,0,1
8283,1,0,1
8284,1,0,1
8285,1,0,1
8286,1,0,1
8287,1,0,1
8288,1,0,1
8289,1,0,1
8290,1,0,1
8291,1,0,1
8292,1,0,1
8293,1,0,1
8294,1,0,1
8295,1,0,1
8296,1,0,1
8297,1,0,1
8298,1,0,1
8299,1,0,1
8300,1,0,1
8301,1,0,1
8303,1,0,1
8304,1,0,1
8305,1,0,1
8306,1,0,1
8307,1,0,1
8308,1,0,1
8309,1,0,1
8310,1,0,1
8311,1,0,1
8312,1,0,1
8313,1,0,1
8314,1,0,1
8315,1,0,1
8316,1,0,1
8317,1,0,1
8318,1,0,1
8319,1,0,1
8320,1,0,1
8321,1,0,1
8322,1,0,1
8323,1,0,1
8324,1,0,1
8325,1,0,1
8326,1,0,1
8327,1,0,1
8328,1,0,1
8330,1,0,1
8331,1,0,1
8332,1,0,1
8333,1,0,1
8334,1,0,1
8336,1,0,1
8337,1,0,1
8338,1,0,1
8339,1,0,1
8340,1,0,1
8341,1,0,1
8342,1,0,1
8343,1,0,1
8344,1,0,1
8345,1,0,1
8346,1,0,1
8347,1,0,1
8348,1,0,1
8349,1,0,1
8350,1,0,1
8351,1,0,1
8352,1,0,1
8353,1,0,1
8354,1,0,1
8355,1,0,1
8356,1,0,1
8358,1,0,1
8359,1,0,1
8360,1,0,1
8363,1,0,1
8364,1,0,1
8365,1,0,1
8366,1,0,1
8367,1,0,1
8368,1,0,1
8369,1,0,1
8370,1,0,1
8371,1,0,1
8372,1,0,1
8373,1,0,1
8374,1,0,1
8376,1,0,1
8377,1,0,1
8378,1,0,1
8379,1,0,1
8380,1,0,1
8381,1,0,1
8382,1,0,1
8383,1,0,1
8384,1,0,1
8385,1,0,1
8387,1,0,1
8388,1,0,1
8389,1,0,1
8390,1,0,1
8391,1,0,1
8392,1,0,1
8393,1,0,1
8394,1,0,1
8395,1,0,1
8398,1,0,1
8400,1,0,1
8401,1,0,1
8402,1,0,1
8404,1,0,1
8405,1,0,1
8406,1,0,1
8407,1,0,1
8408,1,0,1
8410,1,0,1
8411,1,0,1
8412,1,0,1
8413,1,0,1
8415,1,0,1
8418,1,0,1
8419,1,0,1
8421,1,0,1
8422,1,0,1
8423,1,0,1
8424,1,0,1
8425,1,0,1
8426,1,0,1
8427,1,0,1
8428,1,0,1
8429,1,0,1
8430,1,0,1
8431,1,0,1
8432,1,0,1
8433,1,0,1
8434,1,0,1
8435,1,0,1
8436,1,0,1
8437,1,0,1
8438,1,0,1
8439,1,0,1
8440,1,0,1
8441,1,0,1
8442,1,0,1
8444,1,0,1
8445,1,0,1
8446,1,0,1
8447,1,0,1
8448,1,0,1
8449,1,0,1
8450,1,0,1
8451,1,0,1
8452,1,0,1
8453,1,0,1
8454,1,0,1
8455,1,0,1
8456,1,0,1
8457,1,0,1
8458,1,0,1
8459,1,0,1
8461,1,0,1
8462,1,0,1
8463,1,0,1
8464,1,0,1
8465,1,0,1
8466,1,0,1
8467,1,0,1
8468,1,0,1
8469,1,0,1
8470,1,0,1
8471,1,0,1
8472,1,0,1
8473,1,0,1
8474,1,0,1
8475,1,0,1
8476,1,0,1
8477,1,0,1
8479,1,0,1
8480,1,0,1
8481,1,0,1
8482,1,0,1
8483,1,0,1
8484,1,0,1
8485,1,0,1
8486,1,0,1
8487,1,0,1
8488,1,0,1
8489,1,0,1
8490,1,0,1
8491,1,0,1
8493,1,0,1
8494,1,0,1
8495,1,0,1
8496,1,0,1
8498,1,0,1
8499,1,0,1
8500,1,0,1
8501,1,0,1
8502,1,0,1
8503,1,0,1
8505,1,0,1
8506,1,0,1
8507,1,0,1
8508,1,0,1
8510,1,0,1
8511,1,0,1
8512,1,0,1
8513,1,0,1
8514,1,0,1
8515,1,0,1
8516,1,0,1
8517,1,0,1
8518,1,0,1
8519,1,0,1
8520,1,0,1
8521,1,0,1
8522,1,0,1
8523,1,0,1
8524,1,0,1
8526,1,0,1
8527,1,0,1
8529,1,0,1
8530,1,0,1
8531,1,0,1
8532,1,0,1
8533,1,0,1
8534,1,0,1
8535,1,0,1
8536,1,0,1
8538,1,0,1
8539,1,0,1
8540,1,0,1
8541,1,0,1
8542,1,0,1
8543,1,0,1
8544,1,0,1
8545,1,0,1
8546,1,0,1
8547,1,0,1
8548,1,0,1
8549,1,0,1
8550,1,0,1
8551,1,0,1
8552,1,0,1
8553,1,0,1
8554,1,0,1
8556,1,0,1
8557,1,0,1
8558,1,0,1
8559,1,0,1
8560,1,0,1
8561,1,0,1
8562,1,0,1
8563,1,0,1
8564,1,0,1
8565,1,0,1
8566,1,0,1
8569,1,0,1
8572,1,0,1
8573,1,0,1
8574,1,0,1
8575,1,0,1
8576,1,0,1
8577,1,0,1
8578,1,0,1
8580,1,0,1
8581,1,0,1
8582,1,0,1
8583,1,0,1
8584,1,0,1
8585,1,0,1
8586,1,0,1
8587,1,0,1
8589,1,0,1
8590,1,0,1
8592,1,0,1
8593,1,0,1
8594,1,0,1
8595,1,0,1
8596,1,0,1
8597,1,0,1
8598,1,0,1
8599,1,0,1
8600,1,0,1
8601,1,0,1
8602,1,0,1
8603,1,0,1
8604,1,0,1
8606,1,0,1
8607,1,0,1
8608,1,0,1
8609,1,0,1
8610,1,0,1
8611,1,0,1
8612,1,0,1
8613,1,0,1
8614,1,0,1
8615,1,0,1
8616,1,0,1
8617,1,0,1
8618,1,0,1
8619,1,0,1
8620,1,0,1
8622,1,0,1
8623,1,0,1
8624,1,0,1
8627,1,0,1
8628,1,0,1
8630,1,0,1
8631,1,0,1
8632,1,0,1
8634,1,0,1
8635,1,0,1
8636,1,0,1
8637,1,0,1
8638,1,0,1
8639,1,0,1
8640,1,0,1
8642,1,0,1
8643,1,0,1
8644,1,0,1
8645,1,0,1
8646,1,0,1
8647,1,0,1
8648,1,0,1
8649,1,0,1
8650,1,0,1
8651,1,0,1
8652,1,0,1
8653,1,0,1
8655,1,0,1
8656,1,0,1
8657,1,0,1
8658,1,0,1
8659,1,0,1
8660,1,0,1
8661,1,0,1
8662,1,0,1
8663,1,0,1
8664,1,0,1
8665,1,0,1
8666,1,0,1
8667,1,0,1
8668,1,0,1
8669,1,0,1
8670,1,0,1
8671,1,0,1
8672,1,0,1
8673,1,0,1
8674,1,0,1
8675,1,0,1
8676,1,0,1
8677,1,0,1
8678,1,0,1
8679,1,0,1
8680,1,0,1
8681,1,0,1
8682,1,0,1
8683,1,0,1
8684,1,0,1
8685,1,0,1
8686,1,0,1
8687,1,0,1
8688,1,0,1
8689,1,0,1
8690,1,0,1
8691,1,0,1
8692,1,0,1
8693,1,0,1
8694,1,0,1
8696,1,0,1
8697,1,0,1
8698,1,0,1
8699,1,0,1
8700,1,0,1
8701,1,0,1
8702,1,0,1
8703,1,0,1
8704,1,0,1
8705,1,0,1
8706,1,0,1
8707,1,0,1
8708,1,0,1
8709,1,0,1
8710,1,0,1
8711,1,0,1
8712,1,0,1
8713,1,0,1
8714,1,0,1
8715,1,0,1
8716,1,0,1
8717,1,0,1
8718,1,0,1
8720,1,0,1
8721,1,0,1
8722,1,0,1
8723,1,0,1
8724,1,0,1
8725,1,0,1
8726,1,0,1
8727,1,0,1
8728,1,0,1
8729,1,0,1
8730,1,0,1
8731,1,0,1
8733,1,0,1
8734,1,0,1
8735,1,0,1
8737,1,0,1
8738,1,0,1
8739,1,0,1
8740,1,0,1
8741,1,0,1
8742,1,0,1
8743,1,0,1
8744,1,0,1
8745,1,0,1
8746,1,0,1
8747,1,0,1
8748,1,0,1
8749,1,0,1
8750,1,0,1
8751,1,0,1
8752,1,0,1
8753,1,0,1
8754,1,0,1
8755,1,0,1
8756,1,0,1
8757,1,0,1
8758,1,0,1
8759,1,0,1
8760,1,0,1
8761,1,0,1
8762,1,0,1
8763,1,0,1
8764,1,0,1
8765,1,0,1
8766,1,0,1
8767,1,0,1
8768,1,0,1
8769,1,0,1
8770,1,0,1
8772,1,0,1
8773,1,0,1
8774,1,0,1
8775,1,0,1
8776,1,0,1
8778,1,0,1
8779,1,0,1
8780,1,0,1
8782,1,0,1
8783,1,0,1
8784,1,0,1
8785,1,0,1
8786,1,0,1
8787,1,0,1
8788,1,0,1
8791,1,0,1
8792,1,0,1
8793,1,0,1
8794,1,0,1
8795,1,0,1
8796,1,0,1
8797,1,0,1
8799,1,0,1
8800,1,0,1
8801,1,0,1
8802,1,0,1
8804,1,0,1
8805,1,0,1
8806,1,0,1
8807,1,0,1
8808,1,0,1
8809,1,0,1
8810,1,0,1
8811,1,0,1
8813,1,0,1
8814,1,0,1
8815,1,0,1
8816,1,0,1
8817,1,0,1
8818,1,0,1
8820,1,0,1
8821,1,0,1
8822,1,0,1
8823,1,0,1
8824,1,0,1
8825,1,0,1
8826,1,0,1
8827,1,0,1
8828,1,0,1
8829,1,0,1
8831,1,0,1
8832,1,0,1
8833,1,0,1
8834,1,0,1
8835,1,0,1
8836,1,0,1
8837,1,0,1
8838,1,0,1
8839,1,0,1
8840,1,0,1
8841,1,0,1
8842,1,0,1
8843,1,0,1
8844,1,0,1
8845,1,0,1
8847,1,0,1
8848,1,0,1
8849,1,0,1
8850,1,0,1
8851,1,0,1
8852,1,0,1
8853,1,0,1
8854,1,0,1
8855,1,0,1
8856,1,0,1
8857,1,0,1
8858,1,0,1
8859,1,0,1
8860,1,0,1
8861,1,0,1
8862,1,0,1
8863,1,0,1
8864,1,0,1
8865,1,0,1
8866,1,0,1
8867,1,0,1
8868,1,0,1
8869,1,0,1
8870,1,0,1
8871,1,0,1
8872,1,0,1
8873,1,0,1
8874,1,0,1
8875,1,0,1
8876,1,0,1
8877,1,0,1
8881,1,0,1
8882,1,0,1
8883,1,0,1
8884,1,0,1
8885,1,0,1
8886,1,0,1
8887,1,0,1
8889,1,0,1
8890,1,0,1
8891,1,0,1
8892,1,0,1
8893,1,0,1
8894,1,0,1
8895,1,0,1
8896,1,0,1
8897,1,0,1
8898,1,0,1
8900,1,0,1
8901,1,0,1
8902,1,0,1
8903,1,0,1
8904,1,0,1
8905,1,0,1
8906,1,0,1
8907,1,0,1
8908,1,0,1
8909,1,0,1
8910,1,0,1
8911,1,0,1
8912,1,0,1
8913,1,0,1
8914,1,0,1
8915,1,0,1
8916,1,0,1
8917,1,0,1
8920,1,0,1
8921,1,0,1
8922,1,0,1
8924,1,0,1
8925,1,0,1
8926,1,0,1
8927,1,0,1
8928,1,0,1
8929,1,0,1
8930,1,0,1
8931,1,0,1
8932,1,0,1
8933,1,0,1
8934,1,0,1
8935,1,0,1
8936,1,0,1
8938,1,0,1
8939,1,0,1
8940,1,0,1
8941,1,0,1
8942,1,0,1
8943,1,0,1
8944,1,0,1
8945,1,0,1
8946,1,0,1
8947,1,0,1
8948,1,0,1
8949,1,0,1
8950,1,0,1
8952,1,0,1
8953,1,0,1
8954,1,0,1
8955,1,0,1
8957,1,0,1
8958,1,0,1
8959,1,0,1
8960,1,0,1
8961,1,0,1
8962,1,0,1
8963,1,0,1
8965,1,0,1
8966,1,0,1
8967,1,0,1
8968,1,0,1
8969,1,0,1
8970,1,0,1
8972,1,0,1
8973,1,0,1
8974,1,0,1
8976,1,0,1
8977,1,0,1
8978,1,0,1
8979,1,0,1
8980,1,0,1
8981,1,0,1
8982,1,0,1
8983,1,0,1
8984,1,0,1
8985,1,0,1
8986,1,0,1
8988,1,0,1
8989,1,0,1
8990,1,0,1
8991,1,0,1
8992,1,0,1
8993,1,0,1
8994,1,0,1
8996,1,0,1
8997,1,0,1
8998,1,0,1
9001,1,0,1
9002,1,0,1
9003,1,0,1
9004,1,0,1
9005,1,0,1
9006,1,0,1
9007,1,0,1
9008,1,0,1
9009,1,0,1
9010,1,0,1
9011,1,0,1
9012,1,0,1
9013,1,0,1
9014,1,0,1
9016,1,0,1
9017,1,0,1
9018,1,0,1
9019,1,0,1
9020,1,0,1
9021,1,0,1
9022,1,0,1
9023,1,0,1
9024,1,0,1
9025,1,0,1
9027,1,0,1
9029,1,0,1
9030,1,0,1
9031,1,0,1
9033,1,0,1
9034,1,0,1
9035,1,0,1
9036,1,0,1
9038,1,0,1
9039,1,0,1
9040,1,0,1
9041,1,0,1
9042,1,0,1
9043,1,0,1
9044,1,0,1
9045,1,0,1
9046,1,0,1
9048,1,0,1
9049,1,0,1
9050,1,0,1
9051,1,0,1
9052,1,0,1
9053,1,0,1
9054,1,0,1
9056,1,0,1
9059,1,0,1
9063,1,0,1
9064,1,0,1
9065,1,0,1
9066,1,0,1
9067,1,0,1
9068,1,0,1
9069,1,0,1
9071,1,0,1
9072,1,0,1
9073,1,0,1
9074,1,0,1
9075,1,0,1
9076,1,0,1
9077,1,0,1
9078,1,0,1
9079,1,0,1
9080,1,0,1
9081,1,0,1
9082,1,0,1
9083,1,0,1
9084,1,0,1
9085,1,0,1
9086,1,0,1
9087,1,0,1
9088,1,0,1
9089,1,0,1
9091,1,0,1
9092,1,0,1
9093,1,0,1
9094,1,0,1
9095,1,0,1
9096,1,0,1
9097,1,0,1
9098,1,0,1
9099,1,0,1
9103,1,0,1
9105,1,0,1
9106,1,0,1
9107,1,0,1
9108,1,0,1
9109,1,0,1
9110,1,0,1
9111,1,0,1
9112,1,0,1
9113,1,0,1
9114,1,0,1
9115,1,0,1
9116,1,0,1
9117,1,0,1
9118,1,0,1
9119,1,0,1
9120,1,0,1
9121,1,0,1
9123,1,0,1
9125,1,0,1
9126,1,0,1
9128,1,0,1
9129,1,0,1
9130,1,0,1
9131,1,0,1
9133,1,0,1
9134,1,0,1
9135,1,0,1
9136,1,0,1
9137,1,0,1
9139,1,0,1
9140,1,0,1
9141,1,0,1
9142,1,0,1
9143,1,0,1
9144,1,0,1
9145,1,0,1
9146,1,0,1
9147,1,0,1
9148,1,0,1
9149,1,0,1
9150,1,0,1
9151,1,0,1
9154,1,0,1
9156,1,0,1
9157,1,0,1
9158,1,0,1
9159,1,0,1
9160,1,0,1
9161,1,0,1
9162,1,0,1
9163,1,0,1
9164,1,0,1
9166,1,0,1
9167,1,0,1
9168,1,0,1
9169,1,0,1
9170,1,0,1
9171,1,0,1
9172,1,0,1
9174,1,0,1
9175,1,0,1
9177,1,0,1
9178,1,0,1
9179,1,0,1
9180,1,0,1
9181,1,0,1
9182,1,0,1
9183,1,0,1
9184,1,0,1
9185,1,0,1
9186,1,0,1
9187,1,0,1
9188,1,0,1
9189,1,0,1
9190,1,0,1
9191,1,0,1
9192,1,0,1
9193,1,0,1
9194,1,0,1
9195,1,0,1
9196,1,0,1
9198,1,0,1
9200,1,0,1
9205,1,0,1
9206,1,0,1
9207,1,0,1
9208,1,0,1
9209,1,0,1
9211,1,0,1
9212,1,0,1
9213,1,0,1
9214,1,0,1
9215,1,0,1
9217,1,0,1
9218,1,0,1
9219,1,0,1
9220,1,0,1
9221,1,0,1
9223,1,0,1
9225,1,0,1
9226,1,0,1
9228,1,0,1
9229,1,0,1
9232,1,0,1
9233,1,0,1
9234,1,0,1
9235,1,0,1
9236,1,0,1
9237,1,0,1
9238,1,0,1
9240,1,0,1
9241,1,0,1
9242,1,0,1
9243,1,0,1
9244,1,0,1
9245,1,0,1
9246,1,0,1
9247,1,0,1
9248,1,0,1
9249,1,0,1
9250,1,0,1
9251,1,0,1
9252,1,0,1
9253,1,0,1
9254,1,0,1
9255,1,0,1
9256,1,0,1
9258,1,0,1
9259,1,0,1
9261,1,0,1
9262,1,0,1
9263,1,0,1
9264,1,0,1
9265,1,0,1
9268,1,0,1
9269,1,0,1
9271,1,0,1
9272,1,0,1
9273,1,0,1
9274,1,0,1
9275,1,0,1
9276,1,0,1
9277,1,0,1
9278,1,0,1
9279,1,0,1
9280,1,0,1
9281,1,0,1
9282,1,0,1
9283,1,0,1
9285,1,0,1
9286,1,0,1
9287,1,0,1
9288,1,0,1
9289,1,0,1
9290,1,0,1
9291,1,0,1
9292,1,0,1
9293,1,0,1
9294,1,0,1
9295,1,0,1
9299,1,0,1
9301,1,0,1
9302,1,0,1
9303,1,0,1
9304,1,0,1
9305,1,0,1
9306,1,0,1
9307,1,0,1
9309,1,0,1
9310,1,0,1
9311,1,0,1
9312,1,0,1
9313,1,0,1
9314,1,0,1
9316,1,0,1
9317,1,0,1
9318,1,0,1
9319,1,0,1
9320,1,0,1
9321,1,0,1
9322,1,0,1
9323,1,0,1
9324,1,0,1
9325,1,0,1
9326,1,0,1
9327,1,0,1
9328,1,0,1
9329,1,0,1
9331,1,0,1
9332,1,0,1
9333,1,0,1
9334,1,0,1
9336,1,0,1
9337,1,0,1
9338,1,0,1
9339,1,0,1
9340,1,0,1
9341,1,0,1
9342,1,0,1
9343,1,0,1
9344,1,0,1
9345,1,0,1
9346,1,0,1
9348,1,0,1
9349,1,0,1
9350,1,0,1
9351,1,0,1
9352,1,0,1
9353,1,0,1
9354,1,0,1
9355,1,0,1
9356,1,0,1
9357,1,0,1
9358,1,0,1
9359,1,0,1
9360,1,0,1
9361,1,0,1
9362,1,0,1
9363,1,0,1
9364,1,0,1
9365,1,0,1
9366,1,0,1
9367,1,0,1
9368,1,0,1
9369,1,0,1
9371,1,0,1
9372,1,0,1
9373,1,0,1
9375,1,0,1
9376,1,0,1
9377,1,0,1
9378,1,0,1
9379,1,0,1
9381,1,0,1
9382,1,0,1
9383,1,0,1
9384,1,0,1
9385,1,0,1
9386,1,0,1
9387,1,0,1
9388,1,0,1
9389,1,0,1
9390,1,0,1
9391,1,0,1
9392,1,0,1
9393,1,0,1
9394,1,0,1
9395,1,0,1
9396,1,0,1
9397,1,0,1
9398,1,0,1
9400,1,0,1
9401,1,0,1
9402,1,0,1
9403,1,0,1
9405,1,0,1
9406,1,0,1
9407,1,0,1
9408,1,0,1
9409,1,0,1
9410,1,0,1
9411,1,0,1
9412,1,0,1
9413,1,0,1
9414,1,0,1
9415,1,0,1
9418,1,0,1
9419,1,0,1
9420,1,0,1
9421,1,0,1
9422,1,0,1
9423,1,0,1
9424,1,0,1
9427,1,0,1
9428,1,0,1
9429,1,0,1
9430,1,0,1
9431,1,0,1
9432,1,0,1
9433,1,0,1
9434,1,0,1
9435,1,0,1
9436,1,0,1
9437,1,0,1
9438,1,0,1
9439,1,0,1
9440,1,0,1
9441,1,0,1
9442,1,0,1
9443,1,0,1
9444,1,0,1
9446,1,0,1
9449,1,0,1
9450,1,0,1
9451,1,0,1
9452,1,0,1
9453,1,0,1
9454,1,0,1
9455,1,0,1
9456,1,0,1
9458,1,0,1
9459,1,0,1
9460,1,0,1
9461,1,0,1
9462,1,0,1
9463,1,0,1
9464,1,0,1
9465,1,0,1
9466,1,0,1
9468,1,0,1
9469,1,0,1
9470,1,0,1
9471,1,0,1
9472,1,0,1
9473,1,0,1
9474,1,0,1
9475,1,0,1
9476,1,0,1
9477,1,0,1
9478,1,0,1
9479,1,0,1
9481,1,0,1
9483,1,0,1
9484,1,0,1
9485,1,0,1
9486,1,0,1
9487,1,0,1
9488,1,0,1
9489,1,0,1
9490,1,0,1
9491,1,0,1
9492,1,0,1
9493,1,0,1
9494,1,0,1
9495,1,0,1
9496,1,0,1
9497,1,0,1
9498,1,0,1
9499,1,0,1
9500,1,0,1
9501,1,0,1
9502,1,0,1
9503,1,0,1
9504,1,0,1
9505,1,0,1
9506,1,0,1
9507,1,0,1
9508,1,0,1
9509,1,0,1
9510,1,0,1
9511,1,0,1
9512,1,0,1
9513,1,0,1
9514,1,0,1
9515,1,0,1
9516,1,0,1
9517,1,0,1
9518,1,0,1
9519,1,0,1
9520,1,0,1
9521,1,0,1
9522,1,0,1
9523,1,0,1
9524,1,0,1
9525,1,0,1
9526,1,0,1
9527,1,0,1
9528,1,0,1
9529,1,0,1
9530,1,0,1
9532,1,0,1
9534,1,0,1
9535,1,0,1
9536,1,0,1
9538,1,0,1
9539,1,0,1
9540,1,0,1
9541,1,0,1
9542,1,0,1
9544,1,0,1
9545,1,0,1
9546,1,0,1
9547,1,0,1
9549,1,0,1
9550,1,0,1
9551,1,0,1
9552,1,0,1
9553,1,0,1
9554,1,0,1
9555,1,0,1
9557,1,0,1
9558,1,0,1
9559,1,0,1
9560,1,0,1
9561,1,0,1
9562,1,0,1
9563,1,0,1
9564,1,0,1
9565,1,0,1
9566,1,0,1
9568,1,0,1
9570,1,0,1
9571,1,0,1
9572,1,0,1
9573,1,0,1
9574,1,0,1
9575,1,0,1
9576,1,0,1
9577,1,0,1
9578,1,0,1
9580,1,0,1
9581,1,0,1
9582,1,0,1
9583,1,0,1
9584,1,0,1
9586,1,0,1
9587,1,0,1
9588,1,0,1
9589,1,0,1
9590,1,0,1
9591,1,0,1
9592,1,0,1
9593,1,0,1
9594,1,0,1
9595,1,0,1
9596,1,0,1
9597,1,0,1
9598,1,0,1
9601,1,0,1
9602,1,0,1
9603,1,0,1
9604,1,0,1
9605,1,0,1
9606,1,0,1
9609,1,0,1
9610,1,0,1
9611,1,0,1
9612,1,0,1
9614,1,0,1
9615,1,0,1
9616,1,0,1
9617,1,0,1
9618,1,0,1
9619,1,0,1
9620,1,0,1
9621,1,0,1
9622,1,0,1
9623,1,0,1
9624,1,0,1
9625,1,0,1
9626,1,0,1
9627,1,0,1
9628,1,0,1
9629,1,0,1
9630,1,0,1
9631,1,0,1
9633,1,0,1
9634,1,0,1
9635,1,0,1
9636,1,0,1
9637,1,0,1
9638,1,0,1
9639,1,0,1
9640,1,0,1
9642,1,0,1
9643,1,0,1
9644,1,0,1
9645,1,0,1
9646,1,0,1
9647,1,0,1
9648,1,0,1
9649,1,0,1
9650,1,0,1
9651,1,0,1
9652,1,0,1
9653,1,0,1
9654,1,0,1
9657,1,0,1
9658,1,0,1
9659,1,0,1
9663,1,0,1
9664,1,0,1
9665,1,0,1
9668,1,0,1
9669,1,0,1
9670,1,0,1
9671,1,0,1
9672,1,0,1
9673,1,0,1
9674,1,0,1
9675,1,0,1
9676,1,0,1
9677,1,0,1
9678,1,0,1
9680,1,0,1
9683,1,0,1
9684,1,0,1
9685,1,0,1
9686,1,0,1
9688,1,0,1
9689,1,0,1
9690,1,0,1
9691,1,0,1
9692,1,0,1
9693,1,0,1
9694,1,0,1
9695,1,0,1
9696,1,0,1
9697,1,0,1
9698,1,0,1
9699,1,0,1
9700,1,0,1
9701,1,0,1
9702,1,0,1
9703,1,0,1
9704,1,0,1
9705,1,0,1
9706,1,0,1
9707,1,0,1
9708,1,0,1
9709,1,0,1
9710,1,0,1
9711,1,0,1
9712,1,0,1
9714,1,0,1
9715,1,0,1
9716,1,0,1
9717,1,0,1
9718,1,0,1
9719,1,0,1
9720,1,0,1
9721,1,0,1
9722,1,0,1
9723,1,0,1
9724,1,0,1
9725,1,0,1
9726,1,0,1
9727,1,0,1
9728,1,0,1
9729,1,0,1
9731,1,0,1
9732,1,0,1
9733,1,0,1
9734,1,0,1
9735,1,0,1
9736,1,0,1
9737,1,0,1
9738,1,0,1
9739,1,0,1
9740,1,0,1
9741,1,0,1
9742,1,0,1
9743,1,0,1
9744,1,0,1
9745,1,0,1
9746,1,0,1
9747,1,0,1
9748,1,0,1
9750,1,0,1
9751,1,0,1
9752,1,0,1
9753,1,0,1
9755,1,0,1
9756,1,0,1
9757,1,0,1
9758,1,0,1
9759,1,0,1
9760,1,0,1
9761,1,0,1
9762,1,0,1
9764,1,0,1
9765,1,0,1
9766,1,0,1
9767,1,0,1
9768,1,0,1
9769,1,0,1
9770,1,0,1
9771,1,0,1
9772,1,0,1
9773,1,0,1
9774,1,0,1
9775,1,0,1
9776,1,0,1
9778,1,0,1
9779,1,0,1
9780,1,0,1
9782,1,0,1
9783,1,0,1
9784,1,0,1
9785,1,0,1
9786,1,0,1
9788,1,0,1
9789,1,0,1
9790,1,0,1
9792,1,0,1
9793,1,0,1
9794,1,0,1
9795,1,0,1
9796,1,0,1
9797,1,0,1
9798,1,0,1
9799,1,0,1
9800,1,0,1
9801,1,0,1
9802,1,0,1
9803,1,0,1
9804,1,0,1
9805,1,0,1
9806,1,0,1
9807,1,0,1
9808,1,0,1
9809,1,0,1
9810,1,0,1
9811,1,0,1
9812,1,0,1
9813,1,0,1
9814,1,0,1
9816,1,0,1
9817,1,0,1
9818,1,0,1
9819,1,0,1
9820,1,0,1
9822,1,0,1
9823,1,0,1
9824,1,0,1
9826,1,0,1
9827,1,0,1
9828,1,0,1
9829,1,0,1
9830,1,0,1
9831,1,0,1
9832,1,0,1
9833,1,0,1
9835,1,0,1
9836,1,0,1
9837,1,0,1
9838,1,0,1
9839,1,0,1
9840,1,0,1
9841,1,0,1
9842,1,0,1
9843,1,0,1
9844,1,0,1
9845,1,0,1
9847,1,0,1
9848,1,0,1
9849,1,0,1
9850,1,0,1
9851,1,0,1
9852,1,0,1
9853,1,0,1
9854,1,0,1
9855,1,0,1
9856,1,0,1
9857,1,0,1
9858,1,0,1
9859,1,0,1
9860,1,0,1
9861,1,0,1
9863,1,0,1
9864,1,0,1
9865,1,0,1
9866,1,0,1
9867,1,0,1
9869,1,0,1
9870,1,0,1
9871,1,0,1
9872,1,0,1
9873,1,0,1
9874,1,0,1
9875,1,0,1
9876,1,0,1
9877,1,0,1
9878,1,0,1
9879,1,0,1
9881,1,0,1
9882,1,0,1
9883,1,0,1
9884,1,0,1
9885,1,0,1
9886,1,0,1
9887,1,0,1
9888,1,0,1
9889,1,0,1
9890,1,0,1
9891,1,0,1
9893,1,0,1
9894,1,0,1
9895,1,0,1
9896,1,0,1
9897,1,0,1
9898,1,0,1
9899,1,0,1
9900,1,0,1
9901,1,0,1
9902,1,0,1
9903,1,0,1
9904,1,0,1
9905,1,0,1
9908,1,0,1
9909,1,0,1
9910,1,0,1
9911,1,0,1
9913,1,0,1
9914,1,0,1
9915,1,0,1
9916,1,0,1
9917,1,0,1
9918,1,0,1
9920,1,0,1
9922,1,0,1
9923,1,0,1
9924,1,0,1
9925,1,0,1
9928,1,0,1
9929,1,0,1
9930,1,0,1
9931,1,0,1
9932,1,0,1
9933,1,0,1
9934,1,0,1
9935,1,0,1
9936,1,0,1
9937,1,0,1
9938,1,0,1
9939,1,0,1
9940,1,0,1
9941,1,0,1
9942,1,0,1
9943,1,0,1
9945,1,0,1
9946,1,0,1
9947,1,0,1
9948,1,0,1
9949,1,0,1
9950,1,0,1
9951,1,0,1
9952,1,0,1
9953,1,0,1
9954,1,0,1
9955,1,0,1
9956,1,0,1
9957,1,0,1
9958,1,0,1
9960,1,0,1
9961,1,0,1
9962,1,0,1
9963,1,0,1
9964,1,0,1
9965,1,0,1
9966,1,0,1
9967,1,0,1
9969,1,0,1
9971,1,0,1
9972,1,0,1
9973,1,0,1
9974,1,0,1
9975,1,0,1
9976,1,0,1
9977,1,0,1
9978,1,0,1
9979,1,0,1
9980,1,0,1
9981,1,0,1
9982,1,0,1
9983,1,0,1
9984,1,0,1
9985,1,0,1
9986,1,0,1
9987,1,0,1
9988,1,0,1
9989,1,0,1
9990,1,0,1
9991,1,0,1
9992,1,0,1
9993,1,0,1
9994,1,0,1
9996,1,0,1
9997,1,0,1
9998,1,0,1
10004,1,0,1
10005,1,0,1
10006,1,0,1
10007,1,0,1
10008,1,0,1
10009,1,0,1
10010,1,0,1
10011,1,0,1
10013,1,0,1
10014,1,0,1
10016,1,0,1
10017,1,0,1
10018,1,0,1
10019,1,0,1
10021,1,0,1
10023,1,0,1
10024,1,0,1
10025,1,0,1
10026,1,0,1
10027,1,0,1
10029,1,0,1
10030,1,0,1
10031,1,0,1
10033,1,0,1
10034,1,0,1
10035,1,0,1
10036,1,0,1
10037,1,0,1
10038,1,0,1
10039,1,0,1
10040,1,0,1
10042,1,0,1
10043,1,0,1
10045,1,0,1
10046,1,0,1
10047,1,0,1
10050,1,0,1
10051,1,0,1
10052,1,0,1
10053,1,0,1
10054,1,0,1
10055,1,0,1
10056,1,0,1
10057,1,0,1
10058,1,0,1
10059,1,0,1
10061,1,0,1
10062,1,0,1
10063,1,0,1
10064,1,0,1
10065,1,0,1
10066,1,0,1
10067,1,0,1
10068,1,0,1
10069,1,0,1
10070,1,0,1
10071,1,0,1
10072,1,0,1
10073,1,0,1
10074,1,0,1
10075,1,0,1
10076,1,0,1
10078,1,0,1
10079,1,0,1
10080,1,0,1
10081,1,0,1
10082,1,0,1
10083,1,0,1
10084,1,0,1
10085,1,0,1
10086,1,0,1
10087,1,0,1
10088,1,0,1
10089,1,0,1
10090,1,0,1
10091,1,0,1
10092,1,0,1
10094,1,0,1
10095,1,0,1
10096,1,0,1
10097,1,0,1
10098,1,0,1
10099,1,0,1
10100,1,0,1
10102,1,0,1
10103,1,0,1
10106,1,0,1
10107,1,0,1
10108,1,0,1
10109,1,0,1
10110,1,0,1
10111,1,0,1
10113,1,0,1
10114,1,0,1
10115,1,0,1
10116,1,0,1
10117,1,0,1
10118,1,0,1
10119,1,0,1
10120,1,0,1
10122,1,0,1
10124,1,0,1
10125,1,0,1
10126,1,0,1
10127,1,0,1
10128,1,0,1
10129,1,0,1
10130,1,0,1
10131,1,0,1
10132,1,0,1
10133,1,0,1
10134,1,0,1
10135,1,0,1
10136,1,0,1
10137,1,0,1
10139,1,0,1
10140,1,0,1
10142,1,0,1
10143,1,0,1
10145,1,0,1
10146,1,0,1
10147,1,0,1
10148,1,0,1
10149,1,0,1
10151,1,0,1
10152,1,0,1
10153,1,0,1
10154,1,0,1
10155,1,0,1
10157,1,0,1
10158,1,0,1
10160,1,0,1
10161,1,0,1
10163,1,0,1
10164,1,0,1
10165,1,0,1
10166,1,0,1
10167,1,0,1
10168,1,0,1
10170,1,0,1
10171,1,0,1
10172,1,0,1
10173,1,0,1
10174,1,0,1
10176,1,0,1
10177,1,0,1
10178,1,0,1
10179,1,0,1
10181,1,0,1
10182,1,0,1
10183,1,0,1
10184,1,0,1
10185,1,0,1
10186,1,0,1
10187,1,0,1
10188,1,0,1
10189,1,0,1
10190,1,0,1
10192,1,0,1
10193,1,0,1
10194,1,0,1
10195,1,0,1
10196,1,0,1
10197,1,0,1
10198,1,0,1
10199,1,0,1
10200,1,0,1
10201,1,0,1
10202,1,0,1
10203,1,0,1
10204,1,0,1
10205,1,0,1
10206,1,0,1
10207,1,0,1
10208,1,0,1
10209,1,0,1
10210,1,0,1
10211,1,0,1
10212,1,0,1
10214,1,0,1
10215,1,0,1
10216,1,0,1
10217,1,0,1
10218,1,0,1
10219,1,0,1
10220,1,0,1
10221,1,0,1
10222,1,0,1
10223,1,0,1
10224,1,0,1
10226,1,0,1
10227,1,0,1
10228,1,0,1
10229,1,0,1
10230,1,0,1
10231,1,0,1
10232,1,0,1
10233,1,0,1
10234,1,0,1
10235,1,0,1
10236,1,0,1
10237,1,0,1
10238,1,0,1
10239,1,0,1
10241,1,0,1
10242,1,0,1
10243,1,0,1
10245,1,0,1
10246,1,0,1
10247,1,0,1
10248,1,0,1
10249,1,0,1
10250,1,0,1
10251,1,0,1
10252,1,0,1
10253,1,0,1
10254,1,0,1
10255,1,0,1
10256,1,0,1
10257,1,0,1
10258,1,0,1
10259,1,0,1
10260,1,0,1
10261,1,0,1
10262,1,0,1
10263,1,0,1
10264,1,0,1
10265,1,0,1
10266,1,0,1
10267,1,0,1
10269,1,0,1
10271,1,0,1
10273,1,0,1
10274,1,0,1
10276,1,0,1
10277,1,0,1
10278,1,0,1
10280,1,0,1
10281,1,0,1
10282,1,0,1
10284,1,0,1
10285,1,0,1
10286,1,0,1
10287,1,0,1
10288,1,0,1
10289,1,0,1
10290,1,0,1
10291,1,0,1
10293,1,0,1
10294,1,0,1
10295,1,0,1
10296,1,0,1
10297,1,0,1
10298,1,0,1
10300,1,0,1
10301,1,0,1
10302,1,0,1
10303,1,0,1
10304,1,0,1
10305,1,0,1
10306,1,0,1
10307,1,0,1
10308,1,0,1
10309,1,0,1
10310,1,0,1
10311,1,0,1
10312,1,0,1
10313,1,0,1
10315,1,0,1
10316,1,0,1
10317,1,0,1
10318,1,0,1
10320,1,0,1
10321,1,0,1
10323,1,0,1
10324,1,0,1
10325,1,0,1
10326,1,0,1
10327,1,0,1
10328,1,0,1
10329,1,0,1
10330,1,0,1
10332,1,0,1
10333,1,0,1
10334,1,0,1
10335,1,0,1
10336,1,0,1
10337,1,0,1
10338,1,0,1
10339,1,0,1
10341,1,0,1
10342,1,0,1
10343,1,0,1
10344,1,0,1
10345,1,0,1
10346,1,0,1
10347,1,0,1
10348,1,0,1
10349,1,0,1
10350,1,0,1
10351,1,0,1
10352,1,0,1
10353,1,0,1
10354,1,0,1
10355,1,0,1
10356,1,0,1
10357,1,0,1
10359,1,0,1
10360,1,0,1
10361,1,0,1
10363,1,0,1
10364,1,0,1
10365,1,0,1
10366,1,0,1
10367,1,0,1
10368,1,0,1
10369,1,0,1
10370,1,0,1
10371,1,0,1
10373,1,0,1
10374,1,0,1
10375,1,0,1
10376,1,0,1
10377,1,0,1
10378,1,0,1
10379,1,0,1
10380,1,0,1
10381,1,0,1
10382,1,0,1
10383,1,0,1
10384,1,0,1
10385,1,0,1
10386,1,0,1
10387,1,0,1
10388,1,0,1
10389,1,0,1
10390,1,0,1
10391,1,0,1
10392,1,0,1
10393,1,0,1
10394,1,0,1
10395,1,0,1
10396,1,0,1
10397,1,0,1
10398,1,0,1
10399,1,0,1
10400,1,0,1
10402,1,0,1
10403,1,0,1
10404,1,0,1
10405,1,0,1
10406,1,0,1
10407,1,0,1
10408,1,0,1
10409,1,0,1
10410,1,0,1
10411,1,0,1
10412,1,0,1
10413,1,0,1
10414,1,0,1
10415,1,0,1
10416,1,0,1
10417,1,0,1
10418,1,0,1
10419,1,0,1
10420,1,0,1
10421,1,0,1
10422,1,0,1
10423,1,0,1
10424,1,0,1
10425,1,0,1
10426,1,0,1
10427,1,0,1
10428,1,0,1
10429,1,0,1
10430,1,0,1
10431,1,0,1
10432,1,0,1
10433,1,0,1
10435,1,0,1
10436,1,0,1
10437,1,0,1
10438,1,0,1
10439,1,0,1
10440,1,0,1
10441,1,0,1
10442,1,0,1
10443,1,0,1
10444,1,0,1
10445,1,0,1
10446,1,0,1
10447,1,0,1
10448,1,0,1
10449,1,0,1
10451,1,0,1
10452,1,0,1
10453,1,0,1
10454,1,0,1
10455,1,0,1
10456,1,0,1
10457,1,0,1
10458,1,0,1
10459,1,0,1
10460,1,0,1
10461,1,0,1
10462,1,0,1
10463,1,0,1
10464,1,0,1
10465,1,0,1
10466,1,0,1
10467,1,0,1
10468,1,0,1
10469,1,0,1
10470,1,0,1
10471,1,0,1
10472,1,0,1
10473,1,0,1
10474,1,0,1
10475,1,0,1
10476,1,0,1
10477,1,0,1
10478,1,0,1
10479,1,0,1
10480,1,0,1
10481,1,0,1
10482,1,0,1
10483,1,0,1
10484,1,0,1
10485,1,0,1
10486,1,0,1
10487,1,0,1
10489,1,0,1
10490,1,0,1
10492,1,0,1
10493,1,0,1
10494,1,0,1
10495,1,0,1
10496,1,0,1
10497,1,0,1
10498,1,0,1
10499,1,0,1
10500,1,0,1
10501,1,0,1
10503,1,0,1
10504,1,0,1
10505,1,0,1
10506,1,0,1
10507,1,0,1
10508,1,0,1
10509,1,0,1
10511,1,0,1
10512,1,0,1
10513,1,0,1
10514,1,0,1
10515,1,0,1
10516,1,0,1
10517,1,0,1
10518,1,0,1
10520,1,0,1
10521,1,0,1
10522,1,0,1
10523,1,0,1
10524,1,0,1
10525,1,0,1
10527,1,0,1
10528,1,0,1
10529,1,0,1
10530,1,0,1
10533,1,0,1
10534,1,0,1
10535,1,0,1
10536,1,0,1
10537,1,0,1
10538,1,0,1
10539,1,0,1
10540,1,0,1
10541,1,0,1
10542,1,0,1
10543,1,0,1
10544,1,0,1
10545,1,0,1
10547,1,0,1
10549,1,0,1
10552,1,0,1
10553,1,0,1
10554,1,0,1
10555,1,0,1
10556,1,0,1
10557,1,0,1
10558,1,0,1
10559,1,0,1
10560,1,0,1
10561,1,0,1
10562,1,0,1
10563,1,0,1
10564,1,0,1
10565,1,0,1
10566,1,0,1
10567,1,0,1
10568,1,0,1
10569,1,0,1
10570,1,0,1
10571,1,0,1
10572,1,0,1
10573,1,0,1
10574,1,0,1
10575,1,0,1
10577,1,0,1
10578,1,0,1
10579,1,0,1
10580,1,0,1
10581,1,0,1
10582,1,0,1
10583,1,0,1
10584,1,0,1
10585,1,0,1
10587,1,0,1
10588,1,0,1
10589,1,0,1
10590,1,0,1
10591,1,0,1
10592,1,0,1
10594,1,0,1
10595,1,0,1
10596,1,0,1
10597,1,0,1
10599,1,0,1
10600,1,0,1
10601,1,0,1
10602,1,0,1
10603,1,0,1
10604,1,0,1
10605,1,0,1
10606,1,0,1
10607,1,0,1
10608,1,0,1
10610,1,0,1
10611,1,0,1
10612,1,0,1
10613,1,0,1
10614,1,0,1
10615,1,0,1
10617,1,0,1
10618,1,0,1
10619,1,0,1
10620,1,0,1
10621,1,0,1
10622,1,0,1
10623,1,0,1
10624,1,0,1
10625,1,0,1
10626,1,0,1
10628,1,0,1
10630,1,0,1
10631,1,0,1
10632,1,0,1
10633,1,0,1
10634,1,0,1
10635,1,0,1
10636,1,0,1
10637,1,0,1
10639,1,0,1
10640,1,0,1
10641,1,0,1
10642,1,0,1
10643,1,0,1
10644,1,0,1
10645,1,0,1
10646,1,0,1
10648,1,0,1
10650,1,0,1
10651,1,0,1
10652,1,0,1
10653,1,0,1
10654,1,0,1
10655,1,0,1
10656,1,0,1
10657,1,0,1
10658,1,0,1
10659,1,0,1
10660,1,0,1
10661,1,0,1
10662,1,0,1
10663,1,0,1
10664,1,0,1
10665,1,0,1
10666,1,0,1
10667,1,0,1
10668,1,0,1
10669,1,0,1
10670,1,0,1
10671,1,0,1
10672,1,0,1
10673,1,0,1
10674,1,0,1
10676,1,0,1
10677,1,0,1
10678,1,0,1
10679,1,0,1
10681,1,0,1
10682,1,0,1
10683,1,0,1
10684,1,0,1
10685,1,0,1
10686,1,0,1
10687,1,0,1
10688,1,0,1
10689,1,0,1
10690,1,0,1
10691,1,0,1
10692,1,0,1
10693,1,0,1
10695,1,0,1
10696,1,0,1
10697,1,0,1
10698,1,0,1
10699,1,0,1
10700,1,0,1
10701,1,0,1
10702,1,0,1
10703,1,0,1
10704,1,0,1
10705,1,0,1
10706,1,0,1
10707,1,0,1
10708,1,0,1
10709,1,0,1
10710,1,0,1
10711,1,0,1
10712,1,0,1
10713,1,0,1
10714,1,0,1
10715,1,0,1
10716,1,0,1
10717,1,0,1
10718,1,0,1
10719,1,0,1
10720,1,0,1
10721,1,0,1
10722,1,0,1
10723,1,0,1
10724,1,0,1
10725,1,0,1
10726,1,0,1
10727,1,0,1
10728,1,0,1
10729,1,0,1
10730,1,0,1
10731,1,0,1
10732,1,0,1
10733,1,0,1
10734,1,0,1
10735,1,0,1
10736,1,0,1
10737,1,0,1
10738,1,0,1
10739,1,0,1
10740,1,0,1
10742,1,0,1
10743,1,0,1
10744,1,0,1
10745,1,0,1
10746,1,0,1
10747,1,0,1
10748,1,0,1
10749,1,0,1
10750,1,0,1
10751,1,0,1
10752,1,0,1
10753,1,0,1
10754,1,0,1
10755,1,0,1
10757,1,0,1
10758,1,0,1
10759,1,0,1
10760,1,0,1
10761,1,0,1
10762,1,0,1
10763,1,0,1
10764,1,0,1
10765,1,0,1
10766,1,0,1
10767,1,0,1
10768,1,0,1
10769,1,0,1
10770,1,0,1
10771,1,0,1
10774,1,0,1
10775,1,0,1
10776,1,0,1
10778,1,0,1
10779,1,0,1
10780,1,0,1
10781,1,0,1
10782,1,0,1
10783,1,0,1
10784,1,0,1
10785,1,0,1
10787,1,0,1
10788,1,0,1
10789,1,0,1
10790,1,0,1
10791,1,0,1
10792,1,0,1
10793,1,0,1
10794,1,0,1
10795,1,0,1
10796,1,0,1
10797,1,0,1
10798,1,0,1
10799,1,0,1
10800,1,0,1
10802,1,0,1
10806,1,0,1
10807,1,0,1
10808,1,0,1
10809,1,0,1
10810,1,0,1
10811,1,0,1
10812,1,0,1
10813,1,0,1
10815,1,0,1
10816,1,0,1
10817,1,0,1
10818,1,0,1
10819,1,0,1
10820,1,0,1
10821,1,0,1
10823,1,0,1
10824,1,0,1
10825,1,0,1
10826,1,0,1
10827,1,0,1
10828,1,0,1
10829,1,0,1
10830,1,0,1
10831,1,0,1
10832,1,0,1
10833,1,0,1
10834,1,0,1
10835,1,0,1
10836,1,0,1
10837,1,0,1
10838,1,0,1
10839,1,0,1
10840,1,0,1
10841,1,0,1
10842,1,0,1
10843,1,0,1
10844,1,0,1
10845,1,0,1
10846,1,0,1
10847,1,0,1
10848,1,0,1
10849,1,0,1
10850,1,0,1
10851,1,0,1
10852,1,0,1
10853,1,0,1
10854,1,0,1
10855,1,0,1
10856,1,0,1
10857,1,0,1
10858,1,0,1
10860,1,0,1
10861,1,0,1
10863,1,0,1
10864,1,0,1
10865,1,0,1
10866,1,0,1
10867,1,0,1
10868,1,0,1
10870,1,0,1
10871,1,0,1
10872,1,0,1
10873,1,0,1
10875,1,0,1
10876,1,0,1
10880,1,0,1
10883,1,0,1
10885,1,0,1
10887,1,0,1
10889,1,0,1
10890,1,0,1
10891,1,0,1
10892,1,0,1
10893,1,0,1
10894,1,0,1
10895,1,0,1
10897,1,0,1
10899,1,0,1
10900,1,0,1
10901,1,0,1
10902,1,0,1
10904,1,0,1
10905,1,0,1
10906,1,0,1
10908,1,0,1
10910,1,0,1
10911,1,0,1
10912,1,0,1
10913,1,0,1
10914,1,0,1
10915,1,0,1
10917,1,0,1
10918,1,0,1
10919,1,0,1
10920,1,0,1
10921,1,0,1
10922,1,0,1
10923,1,0,1
10924,1,0,1
10925,1,0,1
10926,1,0,1
10927,1,0,1
10928,1,0,1
10929,1,0,1
10930,1,0,1
10931,1,0,1
10932,1,0,1
10934,1,0,1
10935,1,0,1
10936,1,0,1
10937,1,0,1
10938,1,0,1
10940,1,0,1
10941,1,0,1
10942,1,0,1
10943,1,0,1
10944,1,0,1
10945,1,0,1
10946,1,0,1
10947,1,0,1
10948,1,0,1
10949,1,0,1
10950,1,0,1
10951,1,0,1
10952,1,0,1
10953,1,0,1
10954,1,0,1
10955,1,0,1
10956,1,0,1
10957,1,0,1
10960,1,0,1
10961,1,0,1
10962,1,0,1
10963,1,0,1
10964,1,0,1
10966,1,0,1
10968,1,0,1
10969,1,0,1
10970,1,0,1
10971,1,0,1
10972,1,0,1
10973,1,0,1
10974,1,0,1
10975,1,0,1
10976,1,0,1
10977,1,0,1
10978,1,0,1
10979,1,0,1
10980,1,0,1
10981,1,0,1
10983,1,0,1
10985,1,0,1
10986,1,0,1
10987,1,0,1
10988,1,0,1
10989,1,0,1
10990,1,0,1
10992,1,0,1
10994,1,0,1
10995,1,0,1
10996,1,0,1
10997,1,0,1
10998,1,0,1
10999,1,0,1
11000,1,0,1
11001,1,0,1
11003,1,0,1
11004,1,0,1
11005,1,0,1
11007,1,0,1
11008,1,0,1
11010,1,0,1
11011,1,0,1
11012,1,0,1
11013,1,0,1
11016,1,0,1
11017,1,0,1
11018,1,0,1
11020,1,0,1
11022,1,0,1
11023,1,0,1
11024,1,0,1
11025,1,0,1
11026,1,0,1
11028,1,0,1
11029,1,0,1
11030,1,0,1
11031,1,0,1
11033,1,0,1
11034,1,0,1
11035,1,0,1
11036,1,0,1
11037,1,0,1
11038,1,0,1
11039,1,0,1
11040,1,0,1
11043,1,0,1
11044,1,0,1
11045,1,0,1
11046,1,0,1
11047,1,0,1
11048,1,0,1
11049,1,0,1
11050,1,0,1
11051,1,0,1
11052,1,0,1
11053,1,0,1
11054,1,0,1
11055,1,0,1
11056,1,0,1
11057,1,0,1
11058,1,0,1
11059,1,0,1
11060,1,0,1
11062,1,0,1
11063,1,0,1
11064,1,0,1
11065,1,0,1
11066,1,0,1
11070,1,0,1
11071,1,0,1
11072,1,0,1
11073,1,0,1
11074,1,0,1
11075,1,0,1
11076,1,0,1
11077,1,0,1
11078,1,0,1
11079,1,0,1
11081,1,0,1
11082,1,0,1
11083,1,0,1
11084,1,0,1
11085,1,0,1
11086,1,0,1
11087,1,0,1
11088,1,0,1
11090,1,0,1
11092,1,0,1
11094,1,0,1
11096,1,0,1
11097,1,0,1
11098,1,0,1
11099,1,0,1
11100,1,0,1
11102,1,0,1
11103,1,0,1
11104,1,0,1
11105,1,0,1
11106,1,0,1
11107,1,0,1
11108,1,0,1
11110,1,0,1
11111,1,0,1
11112,1,0,1
11114,1,0,1
11115,1,0,1
11116,1,0,1
11117,1,0,1
11118,1,0,1
11119,1,0,1
11120,1,0,1
11121,1,0,1
11122,1,0,1
11123,1,0,1
11124,1,0,1
11125,1,0,1
11126,1,0,1
11127,1,0,1
11128,1,0,1
11130,1,0,1
11131,1,0,1
11132,1,0,1
11133,1,0,1
11134,1,0,1
11135,1,0,1
11137,1,0,1
11139,1,0,1
11140,1,0,1
11141,1,0,1
11142,1,0,1
11143,1,0,1
11144,1,0,1
11146,1,0,1
11147,1,0,1
11148,1,0,1
11149,1,0,1
11150,1,0,1
11152,1,0,1
11154,1,0,1
11156,1,0,1
11157,1,0,1
11158,1,0,1
11159,1,0,1
11160,1,0,1
11161,1,0,1
11162,1,0,1
11163,1,0,1
11165,1,0,1
11166,1,0,1
11167,1,0,1
11168,1,0,1
11169,1,0,1
11170,1,0,1
11171,1,0,1
11173,1,0,1
11174,1,0,1
11175,1,0,1
11176,1,0,1
11177,1,0,1
11178,1,0,1
11179,1,0,1
11180,1,0,1
11181,1,0,1
11182,1,0,1
11183,1,0,1
11184,1,0,1
11185,1,0,1
11186,1,0,1
11188,1,0,1
11189,1,0,1
11190,1,0,1
11192,1,0,1
11193,1,0,1
11194,1,0,1
11196,1,0,1
11198,1,0,1
11199,1,0,1
11200,1,0,1
11201,1,0,1
11202,1,0,1
11203,1,0,1
11204,1,0,1
11205,1,0,1
11206,1,0,1
11207,1,0,1
11208,1,0,1
11209,1,0,1
11210,1,0,1
11211,1,0,1
11212,1,0,1
11213,1,0,1
11214,1,0,1
11215,1,0,1
11216,1,0,1
11217,1,0,1
11218,1,0,1
11219,1,0,1
11220,1,0,1
11221,1,0,1
11223,1,0,1
11225,1,0,1
11226,1,0,1
11227,1,0,1
11228,1,0,1
11229,1,0,1
11231,1,0,1
11232,1,0,1
11233,1,0,1
11234,1,0,1
11236,1,0,1
11237,1,0,1
11238,1,0,1
11239,1,0,1
11240,1,0,1
11242,1,0,1
11243,1,0,1
11244,1,0,1
11245,1,0,1
11246,1,0,1
11247,1,0,1
11248,1,0,1
11249,1,0,1
11250,1,0,1
11251,1,0,1
11252,1,0,1
11253,1,0,1
11254,1,0,1
11255,1,0,1
11256,1,0,1
11258,1,0,1
11259,1,0,1
11260,1,0,1
11262,1,0,1
11263,1,0,1
11264,1,0,1
11266,1,0,1
11267,1,0,1
11268,1,0,1
11269,1,0,1
11271,1,0,1
11272,1,0,1
11273,1,0,1
11274,1,0,1
11276,1,0,1
11277,1,0,1
11278,1,0,1
11279,1,0,1
11282,1,0,1
11283,1,0,1
11284,1,0,1
11285,1,0,1
11287,1,0,1
11288,1,0,1
11289,1,0,1
11290,1,0,1
11291,1,0,1
11292,1,0,1
11293,1,0,1
11294,1,0,1
11295,1,0,1
11296,1,0,1
11297,1,0,1
11298,1,0,1
11299,1,0,1
11300,1,0,1
11301,1,0,1
11302,1,0,1
11303,1,0,1
11305,1,0,1
11306,1,0,1
11307,1,0,1
11308,1,0,1
11309,1,0,1
11310,1,0,1
11311,1,0,1
11312,1,0,1
11313,1,0,1
11314,1,0,1
11315,1,0,1
11317,1,0,1
11318,1,0,1
11319,1,0,1
11320,1,0,1
11322,1,0,1
11323,1,0,1
11324,1,0,1
11326,1,0,1
11327,1,0,1
11328,1,0,1
11329,1,0,1
11330,1,0,1
11331,1,0,1
11332,1,0,1
11333,1,0,1
11334,1,0,1
11335,1,0,1
11336,1,0,1
11338,1,0,1
11339,1,0,1
11340,1,0,1
11341,1,0,1
11342,1,0,1
11343,1,0,1
11344,1,0,1
11345,1,0,1
11347,1,0,1
11348,1,0,1
11349,1,0,1
11350,1,0,1
11351,1,0,1
11352,1,0,1
11353,1,0,1
11355,1,0,1
11356,1,0,1
11357,1,0,1
11358,1,0,1
11360,1,0,1
11361,1,0,1
11362,1,0,1
11364,1,0,1
11365,1,0,1
11366,1,0,1
11368,1,0,1
11370,1,0,1
11371,1,0,1
11372,1,0,1
11374,1,0,1
11376,1,0,1
11377,1,0,1
11381,1,0,1
11382,1,0,1
11383,1,0,1
11384,1,0,1
11385,1,0,1
11386,1,0,1
11387,1,0,1
11388,1,0,1
11389,1,0,1
11390,1,0,1
11393,1,0,1
11394,1,0,1
11395,1,0,1
11396,1,0,1
11398,1,0,1
11399,1,0,1
11400,1,0,1
11401,1,0,1
11402,1,0,1
11403,1,0,1
11404,1,0,1
11405,1,0,1
11406,1,0,1
11407,1,0,1
11409,1,0,1
11410,1,0,1
11411,1,0,1
11412,1,0,1
11413,1,0,1
11414,1,0,1
11415,1,0,1
11416,1,0,1
11417,1,0,1
11418,1,0,1
11420,1,0,1
11421,1,0,1
11422,1,0,1
11423,1,0,1
11424,1,0,1
11426,1,0,1
11427,1,0,1
11428,1,0,1
11429,1,0,1
11430,1,0,1
11431,1,0,1
11432,1,0,1
11433,1,0,1
11434,1,0,1
11435,1,0,1
11436,1,0,1
11437,1,0,1
11438,1,0,1
11439,1,0,1
11440,1,0,1
11441,1,0,1
11442,1,0,1
11443,1,0,1
11444,1,0,1
11445,1,0,1
11446,1,0,1
11447,1,0,1
11448,1,0,1
11449,1,0,1
11450,1,0,1
11451,1,0,1
11452,1,0,1
11453,1,0,1
11454,1,0,1
11455,1,0,1
11456,1,0,1
11457,1,0,1
11458,1,0,1
11459,1,0,1
11460,1,0,1
11461,1,0,1
11462,1,0,1
11463,1,0,1
11464,1,0,1
11465,1,0,1
11466,1,0,1
11467,1,0,1
11468,1,0,1
11469,1,0,1
11471,1,0,1
11472,1,0,1
11473,1,0,1
11474,1,0,1
11475,1,0,1
11476,1,0,1
11477,1,0,1
11478,1,0,1
11479,1,0,1
11480,1,0,1
11481,1,0,1
11482,1,0,1
11483,1,0,1
11484,1,0,1
11487,1,0,1
11488,1,0,1
11489,1,0,1
11490,1,0,1
11491,1,0,1
11492,1,0,1
11493,1,0,1
11494,1,0,1
11495,1,0,1
11496,1,0,1
11497,1,0,1
11498,1,0,1
11499,1,0,1
11500,1,0,1
11501,1,0,1
11502,1,0,1
11503,1,0,1
11504,1,0,1
11505,1,0,1
11506,1,0,1
11508,1,0,1
11511,1,0,1
11512,1,0,1
11513,1,0,1
11514,1,0,1
11516,1,0,1
11517,1,0,1
11518,1,0,1
11519,1,0,1
11520,1,0,1
11521,1,0,1
11522,1,0,1
11523,1,0,1
11524,1,0,1
11525,1,0,1
11526,1,0,1
11527,1,0,1
11528,1,0,1
11529,1,0,1
11530,1,0,1
11531,1,0,1
11532,1,0,1
11533,1,0,1
11534,1,0,1
11535,1,0,1
11536,1,0,1
11537,1,0,1
11538,1,0,1
11540,1,0,1
11541,1,0,1
11542,1,0,1
11543,1,0,1
11544,1,0,1
11545,1,0,1
11546,1,0,1
11548,1,0,1
11549,1,0,1
11550,1,0,1
11551,1,0,1
11552,1,0,1
11553,1,0,1
11554,1,0,1
11555,1,0,1
11556,1,0,1
11557,1,0,1
11558,1,0,1
11559,1,0,1
11560,1,0,1
11561,1,0,1
11562,1,0,1
11563,1,0,1
11564,1,0,1
11565,1,0,1
11566,1,0,1
11568,1,0,1
11569,1,0,1
11570,1,0,1
11571,1,0,1
11572,1,0,1
11573,1,0,1
11575,1,0,1
11576,1,0,1
11577,1,0,1
11578,1,0,1
11579,1,0,1
11580,1,0,1
11581,1,0,1
11583,1,0,1
11584,1,0,1
11586,1,0,1
11587,1,0,1
11588,1,0,1
11589,1,0,1
11590,1,0,1
11591,1,0,1
11592,1,0,1
11593,1,0,1
11595,1,0,1
11596,1,0,1
11597,1,0,1
11598,1,0,1
11600,1,0,1
11601,1,0,1
11602,1,0,1
11603,1,0,1
11604,1,0,1
11605,1,0,1
11606,1,0,1
11607,1,0,1
11609,1,0,1
11610,1,0,1
11611,1,0,1
11612,1,0,1
11614,1,0,1
11616,1,0,1
11617,1,0,1
11618,1,0,1
11620,1,0,1
11621,1,0,1
11622,1,0,1
11623,1,0,1
11624,1,0,1
11625,1,0,1
11626,1,0,1
11627,1,0,1
11628,1,0,1
11630,1,0,1
11631,1,0,1
11632,1,0,1
11633,1,0,1
11634,1,0,1
11635,1,0,1
11636,1,0,1
11637,1,0,1
11638,1,0,1
11639,1,0,1
11640,1,0,1
11641,1,0,1
11642,1,0,1
11643,1,0,1
11645,1,0,1
11646,1,0,1
11647,1,0,1
11648,1,0,1
11649,1,0,1
11650,1,0,1
11651,1,0,1
11652,1,0,1
11653,1,0,1
11654,1,0,1
11655,1,0,1
11656,1,0,1
11657,1,0,1
11659,1,0,1
11660,1,0,1
11661,1,0,1
11662,1,0,1
11663,1,0,1
11664,1,0,1
11665,1,0,1
11666,1,0,1
11667,1,0,1
11668,1,0,1
11670,1,0,1
11671,1,0,1
11672,1,0,1
11673,1,0,1
11675,1,0,1
11676,1,0,1
11678,1,0,1
11679,1,0,1
11680,1,0,1
11682,1,0,1
11683,1,0,1
11684,1,0,1
11685,1,0,1
11686,1,0,1
11687,1,0,1
11688,1,0,1
11689,1,0,1
11690,1,0,1
11691,1,0,1
11692,1,0,1
11693,1,0,1
11694,1,0,1
11696,1,0,1
11697,1,0,1
11698,1,0,1
11699,1,0,1
11700,1,0,1
11701,1,0,1
11702,1,0,1
11703,1,0,1
11704,1,0,1
11705,1,0,1
11706,1,0,1
11707,1,0,1
11709,1,0,1
11710,1,0,1
11711,1,0,1
11713,1,0,1
11714,1,0,1
11715,1,0,1
11716,1,0,1
11717,1,0,1
11718,1,0,1
11720,1,0,1
11721,1,0,1
11722,1,0,1
11723,1,0,1
11724,1,0,1
11725,1,0,1
11726,1,0,1
11727,1,0,1
11728,1,0,1
11729,1,0,1
11731,1,0,1
11733,1,0,1
11734,1,0,1
11736,1,0,1
11737,1,0,1
11738,1,0,1
11739,1,0,1
11740,1,0,1
11741,1,0,1
11742,1,0,1
11744,1,0,1
11745,1,0,1
11746,1,0,1
11747,1,0,1
11748,1,0,1
11749,1,0,1
11750,1,0,1
11752,1,0,1
11753,1,0,1
11755,1,0,1
11756,1,0,1
11757,1,0,1
11759,1,0,1
11760,1,0,1
11761,1,0,1
11762,1,0,1
11763,1,0,1
11764,1,0,1
11765,1,0,1
11767,1,0,1
11768,1,0,1
11769,1,0,1
11770,1,0,1
11771,1,0,1
11773,1,0,1
11774,1,0,1
11775,1,0,1
11776,1,0,1
11778,1,0,1
11779,1,0,1
11780,1,0,1
11781,1,0,1
11782,1,0,1
11783,1,0,1
11784,1,0,1
11785,1,0,1
11786,1,0,1
11787,1,0,1
11788,1,0,1
11789,1,0,1
11790,1,0,1
11791,1,0,1
11792,1,0,1
11793,1,0,1
11794,1,0,1
11795,1,0,1
11796,1,0,1
11798,1,0,1
11799,1,0,1
11800,1,0,1
11801,1,0,1
11802,1,0,1
11803,1,0,1
11804,1,0,1
11805,1,0,1
11807,1,0,1
11808,1,0,1
11809,1,0,1
11810,1,0,1
11811,1,0,1
11813,1,0,1
11814,1,0,1
11815,1,0,1
11817,1,0,1
11818,1,0,1
11820,1,0,1
11821,1,0,1
11822,1,0,1
11823,1,0,1
11824,1,0,1
11825,1,0,1
11826,1,0,1
11827,1,0,1
11828,1,0,1
11829,1,0,1
11830,1,0,1
11832,1,0,1
11833,1,0,1
11834,1,0,1
11835,1,0,1
11836,1,0,1
11837,1,0,1
11838,1,0,1
11839,1,0,1
11840,1,0,1
11841,1,0,1
11843,1,0,1
11845,1,0,1
11846,1,0,1
11847,1,0,1
11848,1,0,1
11849,1,0,1
11850,1,0,1
11851,1,0,1
11852,1,0,1
11853,1,0,1
11854,1,0,1
11855,1,0,1
11856,1,0,1
11859,1,0,1
11860,1,0,1
11861,1,0,1
11862,1,0,1
11863,1,0,1
11864,1,0,1
11865,1,0,1
11866,1,0,1
11867,1,0,1
11868,1,0,1
11869,1,0,1
11870,1,0,1
11871,1,0,1
11872,1,0,1
11873,1,0,1
11874,1,0,1
11876,1,0,1
11877,1,0,1
11879,1,0,1
11880,1,0,1
11881,1,0,1
11882,1,0,1
11883,1,0,1
11884,1,0,1
11885,1,0,1
11886,1,0,1
11887,1,0,1
11889,1,0,1
11890,1,0,1
11891,1,0,1
11892,1,0,1
11893,1,0,1
11894,1,0,1
11895,1,0,1
11896,1,0,1
11897,1,0,1
11898,1,0,1
11899,1,0,1
11901,1,0,1
11902,1,0,1
11903,1,0,1
11904,1,0,1
11905,1,0,1
11906,1,0,1
11907,1,0,1
11908,1,0,1
11910,1,0,1
11911,1,0,1
11912,1,0,1
11913,1,0,1
11914,1,0,1
11915,1,0,1
11917,1,0,1
11918,1,0,1
11919,1,0,1
11920,1,0,1
11921,1,0,1
11922,1,0,1
11925,1,0,1
11926,1,0,1
11928,1,0,1
11929,1,0,1
11930,1,0,1
11931,1,0,1
11932,1,0,1
11933,1,0,1
11934,1,0,1
11935,1,0,1
11937,1,0,1
11938,1,0,1
11939,1,0,1
11940,1,0,1
11942,1,0,1
11943,1,0,1
11944,1,0,1
11945,1,0,1
11946,1,0,1
11947,1,0,1
11948,1,0,1
11949,1,0,1
11950,1,0,1
11951,1,0,1
11952,1,0,1
11953,1,0,1
11954,1,0,1
11955,1,0,1
11956,1,0,1
11957,1,0,1
11958,1,0,1
11959,1,0,1
11961,1,0,1
11962,1,0,1
11963,1,0,1
11964,1,0,1
11965,1,0,1
11966,1,0,1
11967,1,0,1
11968,1,0,1
11969,1,0,1
11970,1,0,1
11971,1,0,1
11973,1,0,1
11974,1,0,1
11975,1,0,1
11977,1,0,1
11978,1,0,1
11979,1,0,1
11980,1,0,1
11981,1,0,1
11982,1,0,1
11983,1,0,1
11984,1,0,1
11985,1,0,1
11986,1,0,1
11987,1,0,1
11988,1,0,1
11989,1,0,1
11990,1,0,1
11991,1,0,1
11992,1,0,1
11993,1,0,1
11994,1,0,1
11996,1,0,1
11997,1,0,1
11998,1,0,1
11999,1,0,1
12000,1,0,1
12001,1,0,1
12002,1,0,1
12003,1,0,1
12005,1,0,1
12006,1,0,1
12007,1,0,1
12008,1,0,1
12009,1,0,1
12010,1,0,1
12011,1,0,1
12012,1,0,1
12013,1,0,1
12014,1,0,1
12015,1,0,1
12016,1,0,1
12017,1,0,1
12018,1,0,1
12019,1,0,1
12020,1,0,1
12021,1,0,1
12022,1,0,1
12023,1,0,1
12024,1,0,1
12025,1,0,1
12026,1,0,1
12027,1,0,1
12028,1,0,1
12029,1,0,1
12030,1,0,1
12031,1,0,1
12032,1,0,1
12033,1,0,1
12034,1,0,1
12035,1,0,1
12036,1,0,1
12037,1,0,1
12038,1,0,1
12039,1,0,1
12040,1,0,1
12041,1,0,1
12042,1,0,1
12043,1,0,1
12044,1,0,1
12045,1,0,1
12046,1,0,1
12047,1,0,1
12048,1,0,1
12049,1,0,1
12050,1,0,1
12051,1,0,1
12052,1,0,1
12053,1,0,1
12054,1,0,1
12055,1,0,1
12056,1,0,1
12057,1,0,1
12058,1,0,1
12059,1,0,1
12060,1,0,1
12061,1,0,1
12062,1,0,1
12063,1,0,1
12064,1,0,1
12065,1,0,1
12067,1,0,1
12068,1,0,1
12070,1,0,1
12072,1,0,1
12073,1,0,1
12074,1,0,1
12075,1,0,1
12076,1,0,1
12077,1,0,1
12078,1,0,1
12082,1,0,1
12083,1,0,1
12084,1,0,1
12085,1,0,1
12086,1,0,1
12087,1,0,1
12088,1,0,1
12089,1,0,1
12090,1,0,1
12091,1,0,1
12092,1,0,1
12093,1,0,1
12095,1,0,1
12096,1,0,1
12097,1,0,1
12098,1,0,1
12101,1,0,1
12102,1,0,1
12103,1,0,1
12104,1,0,1
12105,1,0,1
12106,1,0,1
12107,1,0,1
12108,1,0,1
12109,1,0,1
12110,1,0,1
12111,1,0,1
12112,1,0,1
12113,1,0,1
12115,1,0,1
12116,1,0,1
12117,1,0,1
12118,1,0,1
12119,1,0,1
12120,1,0,1
12121,1,0,1
12122,1,0,1
12123,1,0,1
12124,1,0,1
12125,1,0,1
12126,1,0,1
12127,1,0,1
12128,1,0,1
12129,1,0,1
12130,1,0,1
12131,1,0,1
12132,1,0,1
12133,1,0,1
12134,1,0,1
12135,1,0,1
12137,1,0,1
12138,1,0,1
12139,1,0,1
12140,1,0,1
12141,1,0,1
12142,1,0,1
12143,1,0,1
12145,1,0,1
12146,1,0,1
12147,1,0,1
12148,1,0,1
12149,1,0,1
12150,1,0,1
12151,1,0,1
12152,1,0,1
12153,1,0,1
12154,1,0,1
12156,1,0,1
12157,1,0,1
12158,1,0,1
12160,1,0,1
12161,1,0,1
12162,1,0,1
12163,1,0,1
12164,1,0,1
12165,1,0,1
12166,1,0,1
12168,1,0,1
12169,1,0,1
12170,1,0,1
12171,1,0,1
12172,1,0,1
12173,1,0,1
12174,1,0,1
12175,1,0,1
12176,1,0,1
12177,1,0,1
12178,1,0,1
12179,1,0,1
12180,1,0,1
12181,1,0,1
12183,1,0,1
12184,1,0,1
12185,1,0,1
12186,1,0,1
12187,1,0,1
12188,1,0,1
12189,1,0,1
12190,1,0,1
12191,1,0,1
12194,1,0,1
12195,1,0,1
12196,1,0,1
12197,1,0,1
12198,1,0,1
12199,1,0,1
12200,1,0,1
12201,1,0,1
12202,1,0,1
12204,1,0,1
12205,1,0,1
12207,1,0,1
12208,1,0,1
12209,1,0,1
12210,1,0,1
12211,1,0,1
12212,1,0,1
12213,1,0,1
12216,1,0,1
12217,1,0,1
12218,1,0,1
12219,1,0,1
12220,1,0,1
12221,1,0,1
12223,1,0,1
12226,1,0,1
12227,1,0,1
12228,1,0,1
12229,1,0,1
12230,1,0,1
12231,1,0,1
12234,1,0,1
12235,1,0,1
12236,1,0,1
12238,1,0,1
12239,1,0,1
12240,1,0,1
12241,1,0,1
12242,1,0,1
12243,1,0,1
12244,1,0,1
12245,1,0,1
12246,1,0,1
12248,1,0,1
12249,1,0,1
12250,1,0,1
12252,1,0,1
12253,1,0,1
12254,1,0,1
12255,1,0,1
12256,1,0,1
12257,1,0,1
12258,1,0,1
12259,1,0,1
12260,1,0,1
12261,1,0,1
12263,1,0,1
12264,1,0,1
12265,1,0,1
12266,1,0,1
12267,1,0,1
12268,1,0,1
12269,1,0,1
12270,1,0,1
12271,1,0,1
12272,1,0,1
12273,1,0,1
12274,1,0,1
12275,1,0,1
12276,1,0,1
12277,1,0,1
12278,1,0,1
12279,1,0,1
12280,1,0,1
12281,1,0,1
12282,1,0,1
12285,1,0,1
12287,1,0,1
12288,1,0,1
12289,1,0,1
12290,1,0,1
12291,1,0,1
12292,1,0,1
12294,1,0,1
12295,1,0,1
12296,1,0,1
12297,1,0,1
12298,1,0,1
12300,1,0,1
12301,1,0,1
12302,1,0,1
12303,1,0,1
12304,1,0,1
12305,1,0,1
12306,1,0,1
12307,1,0,1
12308,1,0,1
12309,1,0,1
12310,1,0,1
12311,1,0,1
12312,1,0,1
12313,1,0,1
12314,1,0,1
12315,1,0,1
12316,1,0,1
12317,1,0,1
12318,1,0,1
12319,1,0,1
12320,1,0,1
12322,1,0,1
12324,1,0,1
12325,1,0,1
12326,1,0,1
12327,1,0,1
12328,1,0,1
12329,1,0,1
12330,1,0,1
12331,1,0,1
12333,1,0,1
12334,1,0,1
12335,1,0,1
12336,1,0,1
12337,1,0,1
12338,1,0,1
12339,1,0,1
12341,1,0,1
12342,1,0,1
12343,1,0,1
12344,1,0,1
12345,1,0,1
12347,1,0,1
12348,1,0,1
12349,1,0,1
12351,1,0,1
12352,1,0,1
12353,1,0,1
12354,1,0,1
12355,1,0,1
12356,1,0,1
12357,1,0,1
12358,1,0,1
12359,1,0,1
12361,1,0,1
12362,1,0,1
12363,1,0,1
12364,1,0,1
12365,1,0,1
12366,1,0,1
12367,1,0,1
12368,1,0,1
12369,1,0,1
12370,1,0,1
12371,1,0,1
12372,1,0,1
12374,1,0,1
12375,1,0,1
12376,1,0,1
12377,1,0,1
12378,1,0,1
12379,1,0,1
12380,1,0,1
12382,1,0,1
12383,1,0,1
12385,1,0,1
12386,1,0,1
12387,1,0,1
12388,1,0,1
12389,1,0,1
12390,1,0,1
12391,1,0,1
12392,1,0,1
12393,1,0,1
12394,1,0,1
12395,1,0,1
12396,1,0,1
12397,1,0,1
12398,1,0,1
12399,1,0,1
12400,1,0,1
12401,1,0,1
12402,1,0,1
12403,1,0,1
12404,1,0,1
12405,1,0,1
12406,1,0,1
12407,1,0,1
12408,1,0,1
12409,1,0,1
12410,1,0,1
12411,1,0,1
12412,1,0,1
12413,1,0,1
12414,1,0,1
12415,1,0,1
12416,1,0,1
12417,1,0,1
12418,1,0,1
12419,1,0,1
12420,1,0,1
12421,1,0,1
12422,1,0,1
12424,1,0,1
12425,1,0,1
12426,1,0,1
12428,1,0,1
12430,1,0,1
12431,1,0,1
12432,1,0,1
12433,1,0,1
12434,1,0,1
12435,1,0,1
12437,1,0,1
12438,1,0,1
12439,1,0,1
12440,1,0,1
12441,1,0,1
12442,1,0,1
12443,1,0,1
12444,1,0,1
12445,1,0,1
12446,1,0,1
12447,1,0,1
12448,1,0,1
12449,1,0,1
12450,1,0,1
12451,1,0,1
12452,1,0,1
12453,1,0,1
12454,1,0,1
12455,1,0,1
12456,1,0,1
12457,1,0,1
12459,1,0,1
12460,1,0,1
12462,1,0,1
12463,1,0,1
12464,1,0,1
12466,1,0,1
12467,1,0,1
12468,1,0,1
12469,1,0,1
12470,1,0,1
12472,1,0,1
12473,1,0,1
12474,1,0,1
12475,1,0,1
12476,1,0,1
12477,1,0,1
12478,1,0,1
12479,1,0,1
12480,1,0,1
12481,1,0,1
12482,1,0,1
12483,1,0,1
12484,1,0,1
12486,1,0,1
12487,1,0,1
12488,1,0,1
12489,1,0,1
12490,1,0,1
12491,1,0,1
12492,1,0,1
12493,1,0,1
12495,1,0,1
12496,1,0,1
12498,1,0,1
12499,1,0,1
12500,1,0,1
12501,1,0,1
12502,1,0,1
12503,1,0,1
12504,1,0,1
12505,1,0,1
12506,1,0,1
12507,1,0,1
12508,1,0,1
12509,1,0,1
12510,1,0,1
12511,1,0,1
12512,1,0,1
12513,1,0,1
12514,1,0,1
12516,1,0,1
12517,1,0,1
12518,1,0,1
12519,1,0,1
12521,1,0,1
12522,1,0,1
12523,1,0,1
12524,1,0,1
12525,1,0,1
12526,1,0,1
12527,1,0,1
12528,1,0,1
12529,1,0,1
12530,1,0,1
12531,1,0,1
12532,1,0,1
12533,1,0,1
12534,1,0,1
12535,1,0,1
12536,1,0,1
12537,1,0,1
12538,1,0,1
12539,1,0,1
12540,1,0,1
12541,1,0,1
12542,1,0,1
12543,1,0,1
12544,1,0,1
12545,1,0,1
12546,1,0,1
12547,1,0,1
12548,1,0,1
12549,1,0,1
12552,1,0,1
12553,1,0,1
12555,1,0,1
12557,1,0,1
12558,1,0,1
12559,1,0,1
12560,1,0,1
12561,1,0,1
12562,1,0,1
12563,1,0,1
12565,1,0,1
12566,1,0,1
12568,1,0,1
12569,1,0,1
12570,1,0,1
12571,1,0,1
12572,1,0,1
12573,1,0,1
12574,1,0,1
12575,1,0,1
12576,1,0,1
12577,1,0,1
12578,1,0,1
12579,1,0,1
12580,1,0,1
12581,1,0,1
12582,1,0,1
12584,1,0,1
12585,1,0,1
12586,1,0,1
12587,1,0,1
12588,1,0,1
12589,1,0,1
12590,1,0,1
12591,1,0,1
12592,1,0,1
12593,1,0,1
12594,1,0,1
12595,1,0,1
12596,1,0,1
12598,1,0,1
12599,1,0,1
12600,1,0,1
12602,1,0,1
12603,1,0,1
12604,1,0,1
12605,1,0,1
12607,1,0,1
12608,1,0,1
12609,1,0,1
12610,1,0,1
12611,1,0,1
12612,1,0,1
12613,1,0,1
12614,1,0,1
12615,1,0,1
12616,1,0,1
12617,1,0,1
12618,1,0,1
12619,1,0,1
12620,1,0,1
12621,1,0,1
12622,1,0,1
12623,1,0,1
12624,1,0,1
12626,1,0,1
12627,1,0,1
12629,1,0,1
12630,1,0,1
12631,1,0,1
12632,1,0,1
12633,1,0,1
12634,1,0,1
12635,1,0,1
12636,1,0,1
12638,1,0,1
12639,1,0,1
12641,1,0,1
12642,1,0,1
12645,1,0,1
12646,1,0,1
12647,1,0,1
12648,1,0,1
12649,1,0,1
12650,1,0,1
12651,1,0,1
12652,1,0,1
12654,1,0,1
12655,1,0,1
12656,1,0,1
12657,1,0,1
12658,1,0,1
12661,1,0,1
12662,1,0,1
12663,1,0,1
12664,1,0,1
12665,1,0,1
12666,1,0,1
12667,1,0,1
12669,1,0,1
12670,1,0,1
12671,1,0,1
12672,1,0,1
12673,1,0,1
12674,1,0,1
12675,1,0,1
12676,1,0,1
12677,1,0,1
12678,1,0,1
12679,1,0,1
12680,1,0,1
12681,1,0,1
12682,1,0,1
12683,1,0,1
12684,1,0,1
12685,1,0,1
12686,1,0,1
12687,1,0,1
12688,1,0,1
12689,1,0,1
12690,1,0,1
12691,1,0,1
12692,1,0,1
12693,1,0,1
12694,1,0,1
12695,1,0,1
12697,1,0,1
12698,1,0,1
12699,1,0,1
12700,1,0,1
12701,1,0,1
12702,1,0,1
12703,1,0,1
12704,1,0,1
12705,1,0,1
12706,1,0,1
12707,1,0,1
12708,1,0,1
12709,1,0,1
12710,1,0,1
12711,1,0,1
12712,1,0,1
12713,1,0,1
12714,1,0,1
12715,1,0,1
12716,1,0,1
12717,1,0,1
12718,1,0,1
12719,1,0,1
12721,1,0,1
12723,1,0,1
12724,1,0,1
12725,1,0,1
12726,1,0,1
12727,1,0,1
12728,1,0,1
12729,1,0,1
12730,1,0,1
12731,1,0,1
12732,1,0,1
12733,1,0,1
12734,1,0,1
12735,1,0,1
12736,1,0,1
12737,1,0,1
12738,1,0,1
12739,1,0,1
12740,1,0,1
12741,1,0,1
12742,1,0,1
12743,1,0,1
12744,1,0,1
12746,1,0,1
12747,1,0,1
12748,1,0,1
12749,1,0,1
12750,1,0,1
12751,1,0,1
12752,1,0,1
12753,1,0,1
12754,1,0,1
12755,1,0,1
12756,1,0,1
12757,1,0,1
12759,1,0,1
12760,1,0,1
12761,1,0,1
12762,1,0,1
12763,1,0,1
12766,1,0,1
12767,1,0,1
12768,1,0,1
12769,1,0,1
12770,1,0,1
12771,1,0,1
12772,1,0,1
12773,1,0,1
12774,1,0,1
12775,1,0,1
12776,1,0,1
12777,1,0,1
12778,1,0,1
12779,1,0,1
12780,1,0,1
12781,1,0,1
12782,1,0,1
12786,1,0,1
12787,1,0,1
12788,1,0,1
12789,1,0,1
12792,1,0,1
12793,1,0,1
12794,1,0,1
12795,1,0,1
12796,1,0,1
12797,1,0,1
12798,1,0,1
12799,1,0,1
12800,1,0,1
12802,1,0,1
12803,1,0,1
12804,1,0,1
12805,1,0,1
12806,1,0,1
12807,1,0,1
12808,1,0,1
12809,1,0,1
12810,1,0,1
12811,1,0,1
12812,1,0,1
12813,1,0,1
12814,1,0,1
12815,1,0,1
12817,1,0,1
12818,1,0,1
12819,1,0,1
12821,1,0,1
12822,1,0,1
12823,1,0,1
12824,1,0,1
12825,1,0,1
12826,1,0,1
12827,1,0,1
12828,1,0,1
12829,1,0,1
12830,1,0,1
12831,1,0,1
12832,1,0,1
12833,1,0,1
12834,1,0,1
12835,1,0,1
12836,1,0,1
12837,1,0,1
12838,1,0,1
12839,1,0,1
12840,1,0,1
12841,1,0,1
12842,1,0,1
12843,1,0,1
12845,1,0,1
12846,1,0,1
12847,1,0,1
12848,1,0,1
12849,1,0,1
12850,1,0,1
12851,1,0,1
12852,1,0,1
12853,1,0,1
12854,1,0,1
12855,1,0,1
12856,1,0,1
12857,1,0,1
12858,1,0,1
12859,1,0,1
12860,1,0,1
12861,1,0,1
12862,1,0,1
12863,1,0,1
12865,1,0,1
12866,1,0,1
12867,1,0,1
12868,1,0,1
12870,1,0,1
12871,1,0,1
12872,1,0,1
12873,1,0,1
12874,1,0,1
12875,1,0,1
12876,1,0,1
12877,1,0,1
12878,1,0,1
12879,1,0,1
12880,1,0,1
12881,1,0,1
12882,1,0,1
12883,1,0,1
12884,1,0,1
12885,1,0,1
12886,1,0,1
12888,1,0,1
12889,1,0,1
12890,1,0,1
12891,1,0,1
12892,1,0,1
12893,1,0,1
12895,1,0,1
12896,1,0,1
12898,1,0,1
12899,1,0,1
12900,1,0,1
12901,1,0,1
12902,1,0,1
12903,1,0,1
12904,1,0,1
12905,1,0,1
12906,1,0,1
12907,1,0,1
12908,1,0,1
12909,1,0,1
12910,1,0,1
12911,1,0,1
12912,1,0,1
12914,1,0,1
12915,1,0,1
12916,1,0,1
12917,1,0,1
12918,1,0,1
12919,1,0,1
12921,1,0,1
12922,1,0,1
12924,1,0,1
12925,1,0,1
12926,1,0,1
12927,1,0,1
12928,1,0,1
12929,1,0,1
12930,1,0,1
12931,1,0,1
12933,1,0,1
12934,1,0,1
12935,1,0,1
12936,1,0,1
12937,1,0,1
12938,1,0,1
12939,1,0,1
12940,1,0,1
12942,1,0,1
12945,1,0,1
12946,1,0,1
12947,1,0,1
12949,1,0,1
12950,1,0,1
12951,1,0,1
12952,1,0,1
12954,1,0,1
12955,1,0,1
12956,1,0,1
12957,1,0,1
12958,1,0,1
12959,1,0,1
12960,1,0,1
12961,1,0,1
12962,1,0,1
12963,1,0,1
12964,1,0,1
12965,1,0,1
12966,1,0,1
12967,1,0,1
12968,1,0,1
12970,1,0,1
12971,1,0,1
12972,1,0,1
12973,1,0,1
12974,1,0,1
12975,1,0,1
12976,1,0,1
12978,1,0,1
12979,1,0,1
12980,1,0,1
12981,1,0,1
12982,1,0,1
12983,1,0,1
12986,1,0,1
12987,1,0,1
12988,1,0,1
12989,1,0,1
12990,1,0,1
12991,1,0,1
12992,1,0,1
12993,1,0,1
12994,1,0,1
12995,1,0,1
12997,1,0,1
12998,1,0,1
12999,1,0,1
13000,1,0,1
13003,1,0,1
13004,1,0,1
13005,1,0,1
13006,1,0,1
13009,1,0,1
13010,1,0,1
13011,1,0,1
13012,1,0,1
13013,1,0,1
13014,1,0,1
13015,1,0,1
13016,1,0,1
13017,1,0,1
13018,1,0,1
13019,1,0,1
13020,1,0,1
13021,1,0,1
13022,1,0,1
13023,1,0,1
13024,1,0,1
13025,1,0,1
13026,1,0,1
13027,1,0,1
13028,1,0,1
13029,1,0,1
13030,1,0,1
13032,1,0,1
13033,1,0,1
13034,1,0,1
13035,1,0,1
13036,1,0,1
13037,1,0,1
13040,1,0,1
13041,1,0,1
13042,1,0,1
13043,1,0,1
13044,1,0,1
13046,1,0,1
13047,1,0,1
13048,1,0,1
13049,1,0,1
13050,1,0,1
13051,1,0,1
13052,1,0,1
13053,1,0,1
13054,1,0,1
13056,1,0,1
13057,1,0,1
13058,1,0,1
13059,1,0,1
13060,1,0,1
13061,1,0,1
13062,1,0,1
13063,1,0,1
13065,1,0,1
13066,1,0,1
13068,1,0,1
13069,1,0,1
13070,1,0,1
13071,1,0,1
13072,1,0,1
13073,1,0,1
13075,1,0,1
13076,1,0,1
13077,1,0,1
13078,1,0,1
13079,1,0,1
13080,1,0,1
13081,1,0,1
13082,1,0,1
13083,1,0,1
13084,1,0,1
13085,1,0,1
13086,1,0,1
13087,1,0,1
13088,1,0,1
13089,1,0,1
13090,1,0,1
13092,1,0,1
13093,1,0,1
13094,1,0,1
13095,1,0,1
13096,1,0,1
13098,1,0,1
13099,1,0,1
13100,1,0,1
13101,1,0,1
13103,1,0,1
13106,1,0,1
13108,1,0,1
13109,1,0,1
13110,1,0,1
13113,1,0,1
13114,1,0,1
13116,1,0,1
13117,1,0,1
13118,1,0,1
13121,1,0,1
13123,1,0,1
13124,1,0,1
13125,1,0,1
13126,1,0,1
13127,1,0,1
13128,1,0,1
13129,1,0,1
13130,1,0,1
13132,1,0,1
13133,1,0,1
13134,1,0,1
13135,1,0,1
13136,1,0,1
13137,1,0,1
13138,1,0,1
13140,1,0,1
13141,1,0,1
13142,1,0,1
13143,1,0,1
13144,1,0,1
13145,1,0,1
13146,1,0,1
13147,1,0,1
13148,1,0,1
13149,1,0,1
13150,1,0,1
13151,1,0,1
13152,1,0,1
13153,1,0,1
13154,1,0,1
13156,1,0,1
13158,1,0,1
13159,1,0,1
13160,1,0,1
13161,1,0,1
13162,1,0,1
13163,1,0,1
13164,1,0,1
13165,1,0,1
13166,1,0,1
13167,1,0,1
13168,1,0,1
13169,1,0,1
13170,1,0,1
13171,1,0,1
13172,1,0,1
13173,1,0,1
13174,1,0,1
13176,1,0,1
13177,1,0,1
13178,1,0,1
13179,1,0,1
13180,1,0,1
13181,1,0,1
13182,1,0,1
13183,1,0,1
13184,1,0,1
13185,1,0,1
13186,1,0,1
13187,1,0,1
13188,1,0,1
13189,1,0,1
13191,1,0,1
13192,1,0,1
13194,1,0,1
13195,1,0,1
13196,1,0,1
13197,1,0,1
13198,1,0,1
13199,1,0,1
13200,1,0,1
13202,1,0,1
13203,1,0,1
13204,1,0,1
13205,1,0,1
13206,1,0,1
13207,1,0,1
13209,1,0,1
13210,1,0,1
13211,1,0,1
13212,1,0,1
13213,1,0,1
13214,1,0,1
13215,1,0,1
13216,1,0,1
13217,1,0,1
13218,1,0,1
13219,1,0,1
13222,1,0,1
13223,1,0,1
13224,1,0,1
13225,1,0,1
13226,1,0,1
13227,1,0,1
13228,1,0,1
13229,1,0,1
13230,1,0,1
13231,1,0,1
13232,1,0,1
13234,1,0,1
13235,1,0,1
13236,1,0,1
13237,1,0,1
13238,1,0,1
13239,1,0,1
13240,1,0,1
13241,1,0,1
13242,1,0,1
13243,1,0,1
13244,1,0,1
13245,1,0,1
13246,1,0,1
13247,1,0,1
13248,1,0,1
13249,1,0,1
13250,1,0,1
13251,1,0,1
13252,1,0,1
13253,1,0,1
13254,1,0,1
13255,1,0,1
13257,1,0,1
13258,1,0,1
13259,1,0,1
13261,1,0,1
13262,1,0,1
13263,1,0,1
13264,1,0,1
13265,1,0,1
13266,1,0,1
13267,1,0,1
13268,1,0,1
13271,1,0,1
13272,1,0,1
13273,1,0,1
13274,1,0,1
13275,1,0,1
13276,1,0,1
13277,1,0,1
13279,1,0,1
13280,1,0,1
13281,1,0,1
13283,1,0,1
13284,1,0,1
13285,1,0,1
13286,1,0,1
13287,1,0,1
13288,1,0,1
13289,1,0,1
13290,1,0,1
13291,1,0,1
13292,1,0,1
13293,1,0,1
13294,1,0,1
13295,1,0,1
13296,1,0,1
13297,1,0,1
13298,1,0,1
13299,1,0,1
13301,1,0,1
13302,1,0,1
13303,1,0,1
13304,1,0,1
13305,1,0,1
13306,1,0,1
13307,1,0,1
13309,1,0,1
13310,1,0,1
13311,1,0,1
13312,1,0,1
13313,1,0,1
13314,1,0,1
13315,1,0,1
13316,1,0,1
13317,1,0,1
13318,1,0,1
13319,1,0,1
13320,1,0,1
13321,1,0,1
13322,1,0,1
13323,1,0,1
13324,1,0,1
13325,1,0,1
13326,1,0,1
13327,1,0,1
13328,1,0,1
13329,1,0,1
13330,1,0,1
13331,1,0,1
13332,1,0,1
13333,1,0,1
13334,1,0,1
13335,1,0,1
13336,1,0,1
13337,1,0,1
13338,1,0,1
13339,1,0,1
13340,1,0,1
13341,1,0,1
13342,1,0,1
13343,1,0,1
13345,1,0,1
13346,1,0,1
13347,1,0,1
13348,1,0,1
13349,1,0,1
13350,1,0,1
13353,1,0,1
13354,1,0,1
13355,1,0,1
13356,1,0,1
13357,1,0,1
13358,1,0,1
13359,1,0,1
13360,1,0,1
13361,1,0,1
13362,1,0,1
13364,1,0,1
13365,1,0,1
13368,1,0,1
13371,1,0,1
13372,1,0,1
13373,1,0,1
13374,1,0,1
13376,1,0,1
13377,1,0,1
13378,1,0,1
13379,1,0,1
13380,1,0,1
13381,1,0,1
13382,1,0,1
13383,1,0,1
13384,1,0,1
13385,1,0,1
13386,1,0,1
13387,1,0,1
13388,1,0,1
13389,1,0,1
13390,1,0,1
13391,1,0,1
13393,1,0,1
13396,1,0,1
13398,1,0,1
13399,1,0,1
13400,1,0,1
13401,1,0,1
13403,1,0,1
13404,1,0,1
13406,1,0,1
13407,1,0,1
13408,1,0,1
13409,1,0,1
13410,1,0,1
13411,1,0,1
13412,1,0,1
13413,1,0,1
13414,1,0,1
13415,1,0,1
13416,1,0,1
13417,1,0,1
13418,1,0,1
13419,1,0,1
13420,1,0,1
13421,1,0,1
13423,1,0,1
13424,1,0,1
13425,1,0,1
13426,1,0,1
13427,1,0,1
13429,1,0,1
13430,1,0,1
13431,1,0,1
13432,1,0,1
13433,1,0,1
13434,1,0,1
13435,1,0,1
13436,1,0,1
13437,1,0,1
13438,1,0,1
13439,1,0,1
13440,1,0,1
13441,1,0,1
13442,1,0,1
13444,1,0,1
13446,1,0,1
13447,1,0,1
13449,1,0,1
13450,1,0,1
13451,1,0,1
13452,1,0,1
13453,1,0,1
13454,1,0,1
13455,1,0,1
13457,1,0,1
13459,1,0,1
13460,1,0,1
13461,1,0,1
13462,1,0,1
13463,1,0,1
13464,1,0,1
13465,1,0,1
13466,1,0,1
13467,1,0,1
13468,1,0,1
13469,1,0,1
13470,1,0,1
13471,1,0,1
13472,1,0,1
13473,1,0,1
13475,1,0,1
13476,1,0,1
13477,1,0,1
13478,1,0,1
13480,1,0,1
13481,1,0,1
13482,1,0,1
13483,1,0,1
13485,1,0,1
13486,1,0,1
13487,1,0,1
13488,1,0,1
13490,1,0,1
13491,1,0,1
13492,1,0,1
13493,1,0,1
13495,1,0,1
13496,1,0,1
13497,1,0,1
13498,1,0,1
13499,1,0,1
13502,1,0,1
13503,1,0,1
13504,1,0,1
13505,1,0,1
13506,1,0,1
13507,1,0,1
13508,1,0,1
13509,1,0,1
13510,1,0,1
13511,1,0,1
13512,1,0,1
13514,1,0,1
13515,1,0,1
13516,1,0,1
13517,1,0,1
13518,1,0,1
13519,1,0,1
13520,1,0,1
13521,1,0,1
13522,1,0,1
13523,1,0,1
13524,1,0,1
13525,1,0,1
13526,1,0,1
13528,1,0,1
13529,1,0,1
13531,1,0,1
13532,1,0,1
13533,1,0,1
13534,1,0,1
13535,1,0,1
13536,1,0,1
13537,1,0,1
13539,1,0,1
13540,1,0,1
13541,1,0,1
13542,1,0,1
13543,1,0,1
13544,1,0,1
13545,1,0,1
13548,1,0,1
13549,1,0,1
13550,1,0,1
13551,1,0,1
13552,1,0,1
13553,1,0,1
13554,1,0,1
13557,1,0,1
13558,1,0,1
13559,1,0,1
13560,1,0,1
13562,1,0,1
13563,1,0,1
13564,1,0,1
13565,1,0,1
13566,1,0,1
13567,1,0,1
13568,1,0,1
13569,1,0,1
13570,1,0,1
13571,1,0,1
13574,1,0,1
13575,1,0,1
13576,1,0,1
13577,1,0,1
13578,1,0,1
13579,1,0,1
13580,1,0,1
13581,1,0,1
13583,1,0,1
13584,1,0,1
13585,1,0,1
13586,1,0,1
13587,1,0,1
13588,1,0,1
13589,1,0,1
13590,1,0,1
13591,1,0,1
13592,1,0,1
13593,1,0,1
13594,1,0,1
13595,1,0,1
13596,1,0,1
13597,1,0,1
13598,1,0,1
13599,1,0,1
13600,1,0,1
13601,1,0,1
13602,1,0,1
13603,1,0,1
13604,1,0,1
13605,1,0,1
13606,1,0,1
13609,1,0,1
13610,1,0,1
13612,1,0,1
13613,1,0,1
13614,1,0,1
13615,1,0,1
13616,1,0,1
13617,1,0,1
13620,1,0,1
13623,1,0,1
13624,1,0,1
13625,1,0,1
13626,1,0,1
13628,1,0,1
13630,1,0,1
13631,1,0,1
13632,1,0,1
13633,1,0,1
13634,1,0,1
13635,1,0,1
13636,1,0,1
13637,1,0,1
13638,1,0,1
13639,1,0,1
13640,1,0,1
13643,1,0,1
13644,1,0,1
13645,1,0,1
13646,1,0,1
13647,1,0,1
13648,1,0,1
13649,1,0,1
13650,1,0,1
13651,1,0,1
13652,1,0,1
13653,1,0,1
13654,1,0,1
13655,1,0,1
13656,1,0,1
13657,1,0,1
13658,1,0,1
13659,1,0,1
13660,1,0,1
13662,1,0,1
13663,1,0,1
13664,1,0,1
13666,1,0,1
13667,1,0,1
13668,1,0,1
13669,1,0,1
13670,1,0,1
13671,1,0,1
13672,1,0,1
13674,1,0,1
13675,1,0,1
13676,1,0,1
13677,1,0,1
13678,1,0,1
13679,1,0,1
13680,1,0,1
13681,1,0,1
13682,1,0,1
13683,1,0,1
13684,1,0,1
13685,1,0,1
13686,1,0,1
13687,1,0,1
13688,1,0,1
13689,1,0,1
13691,1,0,1
13692,1,0,1
13694,1,0,1
13695,1,0,1
13696,1,0,1
13697,1,0,1
13698,1,0,1
13699,1,0,1
13701,1,0,1
13703,1,0,1
13704,1,0,1
13705,1,0,1
13706,1,0,1
13707,1,0,1
13709,1,0,1
13710,1,0,1
13711,1,0,1
13712,1,0,1
13713,1,0,1
13714,1,0,1
13715,1,0,1
13716,1,0,1
13717,1,0,1
13718,1,0,1
13719,1,0,1
13720,1,0,1
13722,1,0,1
13723,1,0,1
13724,1,0,1
13725,1,0,1
13726,1,0,1
13727,1,0,1
13728,1,0,1
13729,1,0,1
13730,1,0,1
13731,1,0,1
13732,1,0,1
13733,1,0,1
13734,1,0,1
13735,1,0,1
13736,1,0,1
13737,1,0,1
13738,1,0,1
13739,1,0,1
13740,1,0,1
13741,1,0,1
13742,1,0,1
13744,1,0,1
13745,1,0,1
13746,1,0,1
13747,1,0,1
13750,1,0,1
13751,1,0,1
13752,1,0,1
13753,1,0,1
13754,1,0,1
13755,1,0,1
13756,1,0,1
13757,1,0,1
13758,1,0,1
13759,1,0,1
13760,1,0,1
13761,1,0,1
13762,1,0,1
13764,1,0,1
13765,1,0,1
13768,1,0,1
13769,1,0,1
13770,1,0,1
13771,1,0,1
13772,1,0,1
13774,1,0,1
13775,1,0,1
13776,1,0,1
13777,1,0,1
13778,1,0,1
13779,1,0,1
13781,1,0,1
13782,1,0,1
13783,1,0,1
13784,1,0,1
13785,1,0,1
13786,1,0,1
13787,1,0,1
13788,1,0,1
13789,1,0,1
13790,1,0,1
13791,1,0,1
13792,1,0,1
13793,1,0,1
13794,1,0,1
13795,1,0,1
13796,1,0,1
13797,1,0,1
13798,1,0,1
13800,1,0,1
13801,1,0,1
13802,1,0,1
13803,1,0,1
13804,1,0,1
13805,1,0,1
13806,1,0,1
13807,1,0,1
13808,1,0,1
13809,1,0,1
13810,1,0,1
13811,1,0,1
13812,1,0,1
13813,1,0,1
13814,1,0,1
13815,1,0,1
13816,1,0,1
13817,1,0,1
13818,1,0,1
13819,1,0,1
13821,1,0,1
13822,1,0,1
13823,1,0,1
13825,1,0,1
13826,1,0,1
13827,1,0,1
13828,1,0,1
13829,1,0,1
13830,1,0,1
13831,1,0,1
13832,1,0,1
13833,1,0,1
13834,1,0,1
13835,1,0,1
13836,1,0,1
13837,1,0,1
13838,1,0,1
13839,1,0,1
13840,1,0,1
13841,1,0,1
13843,1,0,1
13844,1,0,1
13845,1,0,1
13846,1,0,1
13847,1,0,1
13848,1,0,1
13849,1,0,1
13850,1,0,1
13851,1,0,1
13852,1,0,1
13853,1,0,1
13854,1,0,1
13856,1,0,1
13858,1,0,1
13859,1,0,1
13860,1,0,1
13861,1,0,1
13862,1,0,1
13863,1,0,1
13864,1,0,1
13866,1,0,1
13867,1,0,1
13869,1,0,1
13870,1,0,1
13871,1,0,1
13872,1,0,1
13873,1,0,1
13874,1,0,1
13877,1,0,1
13879,1,0,1
13881,1,0,1
13882,1,0,1
13883,1,0,1
13884,1,0,1
13888,1,0,1
13889,1,0,1
13890,1,0,1
13891,1,0,1
13892,1,0,1
13893,1,0,1
13894,1,0,1
13895,1,0,1
13896,1,0,1
13897,1,0,1
13898,1,0,1
13899,1,0,1
13901,1,0,1
13902,1,0,1
13903,1,0,1
13904,1,0,1
13905,1,0,1
13907,1,0,1
13908,1,0,1
13909,1,0,1
13910,1,0,1
13911,1,0,1
13912,1,0,1
13913,1,0,1
13914,1,0,1
13915,1,0,1
13916,1,0,1
13917,1,0,1
13918,1,0,1
13919,1,0,1
13921,1,0,1
13923,1,0,1
13924,1,0,1
13925,1,0,1
13926,1,0,1
13927,1,0,1
13928,1,0,1
13929,1,0,1
13930,1,0,1
13931,1,0,1
13932,1,0,1
13933,1,0,1
13934,1,0,1
13935,1,0,1
13936,1,0,1
13938,1,0,1
13939,1,0,1
13940,1,0,1
13941,1,0,1
13942,1,0,1
13943,1,0,1
13944,1,0,1
13945,1,0,1
13946,1,0,1
13948,1,0,1
13949,1,0,1
13950,1,0,1
13951,1,0,1
13952,1,0,1
13953,1,0,1
13954,1,0,1
13956,1,0,1
13957,1,0,1
13958,1,0,1
13959,1,0,1
13960,1,0,1
13961,1,0,1
13962,1,0,1
13963,1,0,1
13964,1,0,1
13965,1,0,1
13966,1,0,1
13967,1,0,1
13968,1,0,1
13969,1,0,1
13970,1,0,1
13972,1,0,1
13973,1,0,1
13974,1,0,1
13975,1,0,1
13976,1,0,1
13977,1,0,1
13979,1,0,1
13981,1,0,1
13982,1,0,1
13983,1,0,1
13984,1,0,1
13985,1,0,1
13986,1,0,1
13987,1,0,1
13988,1,0,1
13989,1,0,1
13990,1,0,1
13991,1,0,1
13993,1,0,1
13994,1,0,1
13995,1,0,1
13996,1,0,1
13997,1,0,1
13998,1,0,1
13999,1,0,1
14000,1,0,1
14001,1,0,1
14002,1,0,1
14003,1,0,1
14005,1,0,1
14006,1,0,1
14007,1,0,1
14008,1,0,1
14010,1,0,1
14011,1,0,1
14012,1,0,1
14013,1,0,1
14014,1,0,1
14015,1,0,1
14017,1,0,1
14018,1,0,1
14019,1,0,1
14020,1,0,1
14021,1,0,1
14022,1,0,1
14023,1,0,1
14024,1,0,1
14025,1,0,1
14026,1,0,1
14027,1,0,1
14028,1,0,1
14031,1,0,1
14032,1,0,1
14033,1,0,1
14035,1,0,1
14037,1,0,1
14039,1,0,1
14040,1,0,1
14042,1,0,1
14043,1,0,1
14045,1,0,1
14046,1,0,1
14047,1,0,1
14049,1,0,1
14050,1,0,1
14051,1,0,1
14053,1,0,1
14054,1,0,1
14055,1,0,1
14056,1,0,1
14057,1,0,1
14058,1,0,1
14059,1,0,1
14060,1,0,1
14061,1,0,1
14062,1,0,1
14064,1,0,1
14065,1,0,1
14066,1,0,1
14067,1,0,1
14068,1,0,1
14069,1,0,1
14070,1,0,1
14071,1,0,1
14072,1,0,1
14074,1,0,1
14076,1,0,1
14077,1,0,1
14079,1,0,1
14080,1,0,1
14081,1,0,1
14082,1,0,1
14083,1,0,1
14085,1,0,1
14087,1,0,1
14088,1,0,1
14089,1,0,1
14090,1,0,1
14091,1,0,1
14092,1,0,1
14095,1,0,1
14096,1,0,1
14098,1,0,1
14099,1,0,1
14100,1,0,1
14101,1,0,1
14102,1,0,1
14103,1,0,1
14105,1,0,1
14106,1,0,1
14108,1,0,1
14109,1,0,1
14112,1,0,1
14113,1,0,1
14115,1,0,1
14116,1,0,1
14118,1,0,1
14119,1,0,1
14120,1,0,1
14122,1,0,1
14123,1,0,1
14124,1,0,1
14125,1,0,1
14126,1,0,1
14127,1,0,1
14128,1,0,1
14130,1,0,1
14133,1,0,1
14134,1,0,1
14135,1,0,1
14136,1,0,1
14137,1,0,1
14138,1,0,1
14141,1,0,1
14143,1,0,1
14144,1,0,1
14145,1,0,1
14146,1,0,1
14147,1,0,1
14148,1,0,1
14149,1,0,1
14150,1,0,1
14151,1,0,1
14152,1,0,1
14153,1,0,1
14154,1,0,1
14155,1,0,1
14156,1,0,1
14157,1,0,1
14159,1,0,1
14160,1,0,1
14161,1,0,1
14162,1,0,1
14163,1,0,1
14164,1,0,1
14165,1,0,1
14166,1,0,1
14167,1,0,1
14168,1,0,1
14170,1,0,1
14171,1,0,1
14172,1,0,1
14173,1,0,1
14174,1,0,1
14175,1,0,1
14176,1,0,1
14178,1,0,1
14179,1,0,1
14181,1,0,1
14183,1,0,1
14184,1,0,1
14186,1,0,1
14187,1,0,1
14188,1,0,1
14189,1,0,1
14190,1,0,1
14191,1,0,1
14192,1,0,1
14193,1,0,1
14194,1,0,1
14195,1,0,1
14196,1,0,1
14197,1,0,1
14199,1,0,1
14200,1,0,1
14202,1,0,1
14203,1,0,1
14204,1,0,1
14205,1,0,1
14206,1,0,1
14207,1,0,1
14208,1,0,1
14209,1,0,1
14211,1,0,1
14212,1,0,1
14213,1,0,1
14214,1,0,1
14216,1,0,1
14217,1,0,1
14219,1,0,1
14220,1,0,1
14221,1,0,1
14222,1,0,1
14223,1,0,1
14225,1,0,1
14226,1,0,1
14227,1,0,1
14229,1,0,1
14230,1,0,1
14231,1,0,1
14232,1,0,1
14233,1,0,1
14234,1,0,1
14236,1,0,1
14237,1,0,1
14238,1,0,1
14239,1,0,1
14240,1,0,1
14241,1,0,1
14242,1,0,1
14243,1,0,1
14244,1,0,1
14245,1,0,1
14246,1,0,1
14247,1,0,1
14248,1,0,1
14249,1,0,1
14250,1,0,1
14251,1,0,1
14253,1,0,1
14254,1,0,1
14255,1,0,1
14256,1,0,1
14257,1,0,1
14258,1,0,1
14259,1,0,1
14261,1,0,1
14263,1,0,1
14264,1,0,1
14265,1,0,1
14266,1,0,1
14267,1,0,1
14268,1,0,1
14269,1,0,1
14270,1,0,1
14271,1,0,1
14272,1,0,1
14273,1,0,1
14274,1,0,1
14275,1,0,1
14276,1,0,1
14277,1,0,1
14278,1,0,1
14279,1,0,1
14280,1,0,1
14282,1,0,1
14283,1,0,1
14284,1,0,1
14285,1,0,1
14287,1,0,1
14288,1,0,1
14289,1,0,1
14290,1,0,1
14291,1,0,1
14292,1,0,1
14293,1,0,1
14294,1,0,1
14296,1,0,1
14297,1,0,1
14298,1,0,1
14299,1,0,1
14301,1,0,1
14302,1,0,1
14303,1,0,1
14304,1,0,1
14305,1,0,1
14306,1,0,1
14307,1,0,1
14308,1,0,1
14311,1,0,1
14312,1,0,1
14313,1,0,1
14314,1,0,1
14315,1,0,1
14316,1,0,1
14317,1,0,1
14318,1,0,1
14319,1,0,1
14320,1,0,1
14321,1,0,1
14322,1,0,1
14323,1,0,1
14324,1,0,1
14326,1,0,1
14327,1,0,1
14328,1,0,1
14329,1,0,1
14330,1,0,1
14331,1,0,1
14332,1,0,1
14333,1,0,1
14335,1,0,1
14336,1,0,1
14337,1,0,1
14338,1,0,1
14339,1,0,1
14340,1,0,1
14341,1,0,1
14342,1,0,1
14343,1,0,1
14344,1,0,1
14345,1,0,1
14346,1,0,1
14347,1,0,1
14348,1,0,1
14349,1,0,1
14350,1,0,1
14351,1,0,1
14352,1,0,1
14353,1,0,1
14355,1,0,1
14356,1,0,1
14358,1,0,1
14359,1,0,1
14360,1,0,1
14361,1,0,1
14362,1,0,1
14363,1,0,1
14364,1,0,1
14365,1,0,1
14366,1,0,1
14367,1,0,1
14368,1,0,1
14369,1,0,1
14370,1,0,1
14372,1,0,1
14373,1,0,1
14374,1,0,1
14376,1,0,1
14377,1,0,1
14380,1,0,1
14381,1,0,1
14382,1,0,1
14383,1,0,1
14385,1,0,1
14386,1,0,1
14387,1,0,1
14388,1,0,1
14389,1,0,1
14390,1,0,1
14391,1,0,1
14392,1,0,1
14393,1,0,1
14395,1,0,1
14396,1,0,1
14398,1,0,1
14399,1,0,1
14400,1,0,1
14401,1,0,1
14402,1,0,1
14403,1,0,1
14404,1,0,1
14405,1,0,1
14407,1,0,1
14408,1,0,1
14409,1,0,1
14410,1,0,1
14411,1,0,1
14412,1,0,1
14413,1,0,1
14414,1,0,1
14415,1,0,1
14416,1,0,1
14417,1,0,1
14418,1,0,1
14419,1,0,1
14420,1,0,1
14421,1,0,1
14422,1,0,1
14423,1,0,1
14425,1,0,1
14426,1,0,1
14427,1,0,1
14429,1,0,1
14430,1,0,1
14431,1,0,1
14432,1,0,1
14433,1,0,1
14435,1,0,1
14437,1,0,1
14439,1,0,1
14440,1,0,1
14441,1,0,1
14442,1,0,1
14443,1,0,1
14446,1,0,1
14447,1,0,1
14448,1,0,1
14449,1,0,1
14450,1,0,1
14451,1,0,1
14452,1,0,1
14453,1,0,1
14454,1,0,1
14456,1,0,1
14457,1,0,1
14458,1,0,1
14459,1,0,1
14460,1,0,1
14461,1,0,1
14463,1,0,1
14465,1,0,1
14466,1,0,1
14467,1,0,1
14468,1,0,1
14469,1,0,1
14470,1,0,1
14471,1,0,1
14472,1,0,1
14474,1,0,1
14475,1,0,1
14476,1,0,1
14477,1,0,1
14478,1,0,1
14479,1,0,1
14480,1,0,1
14482,1,0,1
14483,1,0,1
14484,1,0,1
14485,1,0,1
14486,1,0,1
14487,1,0,1
14488,1,0,1
14490,1,0,1
14492,1,0,1
14493,1,0,1
14494,1,0,1
14495,1,0,1
14497,1,0,1
14498,1,0,1
14499,1,0,1
14500,1,0,1
14501,1,0,1
14502,1,0,1
14504,1,0,1
14506,1,0,1
14507,1,0,1
14508,1,0,1
14509,1,0,1
14510,1,0,1
14511,1,0,1
14512,1,0,1
14513,1,0,1
14514,1,0,1
14515,1,0,1
14517,1,0,1
14518,1,0,1
14519,1,0,1
14521,1,0,1
14522,1,0,1
14523,1,0,1
14524,1,0,1
14525,1,0,1
14526,1,0,1
14527,1,0,1
14528,1,0,1
14529,1,0,1
14530,1,0,1
14531,1,0,1
14532,1,0,1
14533,1,0,1
14534,1,0,1
14535,1,0,1
14536,1,0,1
14537,1,0,1
14538,1,0,1
14539,1,0,1
14540,1,0,1
14541,1,0,1
14543,1,0,1
14545,1,0,1
14546,1,0,1
14547,1,0,1
14548,1,0,1
14549,1,0,1
14550,1,0,1
14552,1,0,1
14554,1,0,1
14555,1,0,1
14556,1,0,1
14557,1,0,1
14558,1,0,1
14559,1,0,1
14560,1,0,1
14561,1,0,1
14562,1,0,1
14563,1,0,1
14564,1,0,1
14565,1,0,1
14566,1,0,1
14567,1,0,1
14568,1,0,1
14569,1,0,1
14570,1,0,1
14571,1,0,1
14572,1,0,1
14573,1,0,1
14574,1,0,1
14576,1,0,1
14577,1,0,1
14579,1,0,1
14580,1,0,1
14581,1,0,1
14582,1,0,1
14583,1,0,1
14584,1,0,1
14585,1,0,1
14586,1,0,1
14587,1,0,1
14589,1,0,1
14590,1,0,1
14591,1,0,1
14592,1,0,1
14593,1,0,1
14594,1,0,1
14596,1,0,1
14597,1,0,1
14598,1,0,1
14599,1,0,1
14600,1,0,1
14601,1,0,1
14605,1,0,1
14606,1,0,1
14607,1,0,1
14608,1,0,1
14609,1,0,1
14610,1,0,1
14611,1,0,1
14612,1,0,1
14613,1,0,1
14615,1,0,1
14617,1,0,1
14618,1,0,1
14619,1,0,1
14621,1,0,1
14622,1,0,1
14623,1,0,1
14625,1,0,1
14627,1,0,1
14628,1,0,1
14630,1,0,1
14631,1,0,1
14633,1,0,1
14634,1,0,1
14636,1,0,1
14637,1,0,1
14638,1,0,1
14639,1,0,1
14640,1,0,1
14641,1,0,1
14646,1,0,1
14648,1,0,1
14649,1,0,1
14650,1,0,1
14651,1,0,1
14652,1,0,1
14653,1,0,1
14654,1,0,1
14655,1,0,1
14656,1,0,1
14657,1,0,1
14658,1,0,1
14659,1,0,1
14660,1,0,1
14661,1,0,1
14662,1,0,1
14663,1,0,1
14664,1,0,1
14665,1,0,1
14667,1,0,1
14668,1,0,1
14669,1,0,1
14671,1,0,1
14672,1,0,1
14673,1,0,1
14674,1,0,1
14675,1,0,1
14676,1,0,1
14677,1,0,1
14678,1,0,1
14679,1,0,1
14680,1,0,1
14681,1,0,1
14682,1,0,1
14683,1,0,1
14684,1,0,1
14685,1,0,1
14686,1,0,1
14687,1,0,1
14688,1,0,1
14689,1,0,1
14691,1,0,1
14692,1,0,1
14693,1,0,1
14694,1,0,1
14695,1,0,1
14696,1,0,1
14697,1,0,1
14698,1,0,1
14699,1,0,1
14700,1,0,1
14701,1,0,1
14702,1,0,1
14703,1,0,1
14704,1,0,1
14705,1,0,1
14706,1,0,1
14707,1,0,1
14708,1,0,1
14709,1,0,1
14710,1,0,1
14711,1,0,1
14712,1,0,1
14713,1,0,1
14714,1,0,1
14715,1,0,1
14716,1,0,1
14717,1,0,1
14718,1,0,1
14719,1,0,1
14720,1,0,1
14722,1,0,1
14724,1,0,1
14725,1,0,1
14726,1,0,1
14727,1,0,1
14728,1,0,1
14729,1,0,1
14730,1,0,1
14731,1,0,1
14732,1,0,1
14733,1,0,1
14734,1,0,1
14735,1,0,1
14736,1,0,1
14737,1,0,1
14738,1,0,1
14739,1,0,1
14740,1,0,1
14741,1,0,1
14742,1,0,1
14743,1,0,1
14745,1,0,1
14746,1,0,1
14747,1,0,1
14748,1,0,1
14749,1,0,1
14751,1,0,1
14752,1,0,1
14753,1,0,1
14755,1,0,1
14756,1,0,1
14757,1,0,1
14758,1,0,1
14759,1,0,1
14760,1,0,1
14761,1,0,1
14762,1,0,1
14763,1,0,1
14764,1,0,1
14765,1,0,1
14766,1,0,1
14767,1,0,1
14768,1,0,1
14769,1,0,1
14770,1,0,1
14771,1,0,1
14772,1,0,1
14773,1,0,1
14774,1,0,1
14775,1,0,1
14777,1,0,1
14778,1,0,1
14779,1,0,1
14780,1,0,1
14781,1,0,1
14782,1,0,1
14783,1,0,1
14784,1,0,1
14785,1,0,1
14786,1,0,1
14787,1,0,1
14788,1,0,1
14789,1,0,1
14790,1,0,1
14791,1,0,1
14792,1,0,1
14793,1,0,1
14794,1,0,1
14795,1,0,1
14796,1,0,1
14797,1,0,1
14798,1,0,1
14799,1,0,1
14800,1,0,1
14801,1,0,1
14802,1,0,1
14803,1,0,1
14804,1,0,1
14805,1,0,1
14808,1,0,1
14809,1,0,1
14810,1,0,1
14811,1,0,1
14812,1,0,1
14813,1,0,1
14814,1,0,1
14815,1,0,1
14816,1,0,1
14817,1,0,1
14818,1,0,1
14819,1,0,1
14820,1,0,1
14821,1,0,1
14822,1,0,1
14823,1,0,1
14825,1,0,1
14826,1,0,1
14828,1,0,1
14829,1,0,1
14830,1,0,1
14831,1,0,1
14832,1,0,1
14833,1,0,1
14834,1,0,1
14835,1,0,1
14836,1,0,1
14838,1,0,1
14839,1,0,1
14840,1,0,1
14841,1,0,1
14842,1,0,1
14844,1,0,1
14845,1,0,1
14846,1,0,1
14847,1,0,1
14848,1,0,1
14849,1,0,1
14850,1,0,1
14851,1,0,1
14852,1,0,1
14853,1,0,1
14855,1,0,1
14856,1,0,1
14857,1,0,1
14858,1,0,1
14859,1,0,1
14860,1,0,1
14861,1,0,1
14862,1,0,1
14863,1,0,1
14864,1,0,1
14865,1,0,1
14866,1,0,1
14867,1,0,1
14869,1,0,1
14870,1,0,1
14871,1,0,1
14873,1,0,1
14874,1,0,1
14875,1,0,1
14877,1,0,1
14878,1,0,1
14880,1,0,1
14881,1,0,1
14882,1,0,1
14883,1,0,1
14884,1,0,1
14885,1,0,1
14886,1,0,1
14887,1,0,1
14888,1,0,1
14889,1,0,1
14890,1,0,1
14892,1,0,1
14893,1,0,1
14894,1,0,1
14895,1,0,1
14896,1,0,1
14897,1,0,1
14898,1,0,1
14900,1,0,1
14901,1,0,1
14902,1,0,1
14903,1,0,1
14904,1,0,1
14905,1,0,1
14906,1,0,1
14909,1,0,1
14910,1,0,1
14911,1,0,1
14912,1,0,1
14913,1,0,1
14914,1,0,1
14915,1,0,1
14916,1,0,1
14917,1,0,1
14918,1,0,1
14919,1,0,1
14920,1,0,1
14921,1,0,1
14922,1,0,1
14923,1,0,1
14924,1,0,1
14926,1,0,1
14927,1,0,1
14928,1,0,1
14929,1,0,1
14931,1,0,1
14933,1,0,1
14934,1,0,1
14935,1,0,1
14936,1,0,1
14937,1,0,1
14938,1,0,1
14939,1,0,1
14940,1,0,1
14941,1,0,1
14942,1,0,1
14943,1,0,1
14944,1,0,1
14945,1,0,1
14946,1,0,1
14947,1,0,1
14948,1,0,1
14949,1,0,1
14950,1,0,1
14951,1,0,1
14953,1,0,1
14954,1,0,1
14955,1,0,1
14956,1,0,1
14957,1,0,1
14958,1,0,1
14959,1,0,1
14960,1,0,1
14961,1,0,1
14962,1,0,1
14963,1,0,1
14964,1,0,1
14965,1,0,1
14966,1,0,1
14967,1,0,1
14968,1,0,1
14969,1,0,1
14971,1,0,1
14972,1,0,1
14973,1,0,1
14974,1,0,1
14976,1,0,1
14977,1,0,1
14978,1,0,1
14979,1,0,1
14980,1,0,1
14982,1,0,1
14983,1,0,1
14984,1,0,1
14985,1,0,1
14986,1,0,1
14987,1,0,1
14988,1,0,1
14989,1,0,1
14990,1,0,1
14992,1,0,1
14993,1,0,1
14994,1,0,1
14995,1,0,1
14996,1,0,1
14997,1,0,1
14999,1,0,1
15000,1,0,1
15001,1,0,1
15003,1,0,1
15005,1,0,1
15006,1,0,1
15007,1,0,1
15008,1,0,1
15009,1,0,1
15010,1,0,1
15011,1,0,1
15012,1,0,1
15013,1,0,1
15014,1,0,1
15015,1,0,1
15016,1,0,1
15017,1,0,1
15019,1,0,1
15020,1,0,1
15021,1,0,1
15022,1,0,1
15023,1,0,1
15024,1,0,1
15025,1,0,1
15026,1,0,1
15027,1,0,1
15028,1,0,1
15029,1,0,1
15030,1,0,1
15031,1,0,1
15032,1,0,1
15033,1,0,1
15034,1,0,1
15035,1,0,1
15036,1,0,1
15037,1,0,1
15038,1,0,1
15039,1,0,1
15040,1,0,1
15041,1,0,1
15043,1,0,1
15044,1,0,1
15046,1,0,1
15047,1,0,1
15048,1,0,1
15049,1,0,1
15050,1,0,1
15051,1,0,1
15052,1,0,1
15053,1,0,1
15054,1,0,1
15055,1,0,1
15056,1,0,1
15057,1,0,1
15059,1,0,1
15060,1,0,1
15061,1,0,1
15062,1,0,1
15063,1,0,1
15064,1,0,1
15065,1,0,1
15066,1,0,1
15067,1,0,1
15068,1,0,1
15069,1,0,1
15070,1,0,1
15071,1,0,1
15072,1,0,1
15073,1,0,1
15074,1,0,1
15075,1,0,1
15076,1,0,1
15077,1,0,1
15079,1,0,1
15080,1,0,1
15081,1,0,1
15082,1,0,1
15083,1,0,1
15084,1,0,1
15085,1,0,1
15086,1,0,1
15087,1,0,1
15088,1,0,1
15089,1,0,1
15090,1,0,1
15092,1,0,1
15093,1,0,1
15094,1,0,1
15095,1,0,1
15096,1,0,1
15097,1,0,1
15098,1,0,1
15099,1,0,1
15100,1,0,1
15101,1,0,1
15103,1,0,1
15104,1,0,1
15105,1,0,1
15106,1,0,1
15107,1,0,1
15108,1,0,1
15109,1,0,1
15110,1,0,1
15111,1,0,1
15112,1,0,1
15114,1,0,1
15115,1,0,1
15116,1,0,1
15118,1,0,1
15119,1,0,1
15120,1,0,1
15121,1,0,1
15122,1,0,1
15123,1,0,1
15124,1,0,1
15125,1,0,1
15126,1,0,1
15127,1,0,1
15128,1,0,1
15129,1,0,1
15130,1,0,1
15131,1,0,1
15133,1,0,1
15134,1,0,1
15136,1,0,1
15137,1,0,1
15138,1,0,1
15139,1,0,1
15140,1,0,1
15142,1,0,1
15143,1,0,1
15144,1,0,1
15145,1,0,1
15147,1,0,1
15148,1,0,1
15149,1,0,1
15150,1,0,1
15151,1,0,1
15152,1,0,1
15153,1,0,1
15154,1,0,1
15155,1,0,1
15159,1,0,1
15160,1,0,1
15161,1,0,1
15162,1,0,1
15164,1,0,1
15165,1,0,1
15166,1,0,1
15168,1,0,1
15170,1,0,1
15171,1,0,1
15172,1,0,1
15174,1,0,1
15175,1,0,1
15177,1,0,1
15178,1,0,1
15179,1,0,1
15180,1,0,1
15181,1,0,1
15182,1,0,1
15184,1,0,1
15186,1,0,1
15187,1,0,1
15188,1,0,1
15189,1,0,1
15190,1,0,1
15191,1,0,1
15192,1,0,1
15193,1,0,1
15194,1,0,1
15195,1,0,1
15197,1,0,1
15198,1,0,1
15199,1,0,1
15200,1,0,1
15201,1,0,1
15202,1,0,1
15203,1,0,1
15205,1,0,1
15206,1,0,1
15207,1,0,1
15208,1,0,1
15209,1,0,1
15210,1,0,1
15211,1,0,1
15212,1,0,1
15213,1,0,1
15214,1,0,1
15216,1,0,1
15217,1,0,1
15218,1,0,1
15219,1,0,1
15222,1,0,1
15223,1,0,1
15224,1,0,1
15225,1,0,1
15226,1,0,1
15227,1,0,1
15228,1,0,1
15229,1,0,1
15230,1,0,1
15231,1,0,1
15232,1,0,1
15233,1,0,1
15234,1,0,1
15235,1,0,1
15236,1,0,1
15237,1,0,1
15239,1,0,1
15240,1,0,1
15241,1,0,1
15242,1,0,1
15243,1,0,1
15244,1,0,1
15245,1,0,1
15246,1,0,1
15247,1,0,1
15248,1,0,1
15249,1,0,1
15251,1,0,1
15252,1,0,1
15253,1,0,1
15254,1,0,1
15255,1,0,1
15256,1,0,1
15257,1,0,1
15258,1,0,1
15259,1,0,1
15260,1,0,1
15261,1,0,1
15262,1,0,1
15263,1,0,1
15264,1,0,1
15265,1,0,1
15266,1,0,1
15267,1,0,1
15268,1,0,1
15269,1,0,1
15271,1,0,1
15272,1,0,1
15273,1,0,1
15274,1,0,1
15275,1,0,1
15276,1,0,1
15277,1,0,1
15278,1,0,1
15279,1,0,1
15280,1,0,1
15281,1,0,1
15282,1,0,1
15283,1,0,1
15284,1,0,1
15285,1,0,1
15286,1,0,1
15287,1,0,1
15288,1,0,1
15289,1,0,1
15290,1,0,1
15291,1,0,1
15292,1,0,1
15293,1,0,1
15294,1,0,1
15295,1,0,1
15296,1,0,1
15297,1,0,1
15298,1,0,1
15299,1,0,1
15300,1,0,1
15301,1,0,1
15302,1,0,1
15304,1,0,1
15305,1,0,1
15306,1,0,1
15307,1,0,1
15308,1,0,1
15309,1,0,1
15310,1,0,1
15312,1,0,1
15313,1,0,1
15314,1,0,1
15315,1,0,1
15316,1,0,1
15317,1,0,1
15318,1,0,1
15319,1,0,1
15320,1,0,1
15321,1,0,1
15322,1,0,1
15323,1,0,1
15324,1,0,1
15325,1,0,1
15326,1,0,1
15327,1,0,1
15328,1,0,1
15329,1,0,1
15331,1,0,1
15332,1,0,1
15333,1,0,1
15334,1,0,1
15335,1,0,1
15337,1,0,1
15338,1,0,1
15339,1,0,1
15340,1,0,1
15341,1,0,1
15342,1,0,1
15343,1,0,1
15344,1,0,1
15346,1,0,1
15347,1,0,1
15348,1,0,1
15349,1,0,1
15350,1,0,1
15351,1,0,1
15352,1,0,1
15353,1,0,1
15354,1,0,1
15355,1,0,1
15356,1,0,1
15357,1,0,1
15358,1,0,1
15359,1,0,1
15360,1,0,1
15361,1,0,1
15362,1,0,1
15363,1,0,1
15364,1,0,1
15365,1,0,1
15367,1,0,1
15368,1,0,1
15369,1,0,1
15371,1,0,1
15372,1,0,1
15373,1,0,1
15374,1,0,1
15376,1,0,1
15377,1,0,1
15378,1,0,1
15379,1,0,1
15380,1,0,1
15381,1,0,1
15382,1,0,1
15383,1,0,1
15385,1,0,1
15386,1,0,1
15387,1,0,1
15389,1,0,1
15391,1,0,1
15392,1,0,1
15393,1,0,1
15394,1,0,1
15395,1,0,1
15396,1,0,1
15397,1,0,1
15398,1,0,1
15399,1,0,1
15400,1,0,1
15401,1,0,1
15402,1,0,1
15403,1,0,1
15404,1,0,1
15405,1,0,1
15407,1,0,1
15408,1,0,1
15409,1,0,1
15411,1,0,1
15412,1,0,1
15413,1,0,1
15415,1,0,1
15416,1,0,1
15417,1,0,1
15419,1,0,1
15420,1,0,1
15421,1,0,1
15422,1,0,1
15423,1,0,1
15424,1,0,1
15425,1,0,1
15426,1,0,1
15427,1,0,1
15428,1,0,1
15429,1,0,1
15430,1,0,1
15431,1,0,1
15432,1,0,1
15433,1,0,1
15434,1,0,1
15435,1,0,1
15436,1,0,1
15437,1,0,1
15438,1,0,1
15439,1,0,1
15440,1,0,1
15441,1,0,1
15442,1,0,1
15443,1,0,1
15444,1,0,1
15446,1,0,1
15447,1,0,1
15448,1,0,1
15449,1,0,1
15452,1,0,1
15453,1,0,1
15454,1,0,1
15455,1,0,1
15456,1,0,1
15457,1,0,1
15458,1,0,1
15460,1,0,1
15462,1,0,1
15463,1,0,1
15465,1,0,1
15466,1,0,1
15467,1,0,1
15468,1,0,1
15470,1,0,1
15471,1,0,1
15472,1,0,1
15473,1,0,1
15475,1,0,1
15476,1,0,1
15477,1,0,1
15478,1,0,1
15479,1,0,1
15480,1,0,1
15482,1,0,1
15483,1,0,1
15484,1,0,1
15486,1,0,1
15487,1,0,1
15488,1,0,1
15489,1,0,1
15490,1,0,1
15491,1,0,1
15492,1,0,1
15493,1,0,1
15494,1,0,1
15495,1,0,1
15496,1,0,1
15498,1,0,1
15499,1,0,1
15500,1,0,1
15501,1,0,1
15502,1,0,1
15503,1,0,1
15504,1,0,1
15505,1,0,1
15506,1,0,1
15507,1,0,1
15508,1,0,1
15509,1,0,1
15510,1,0,1
15511,1,0,1
15513,1,0,1
15515,1,0,1
15516,1,0,1
15517,1,0,1
15518,1,0,1
15519,1,0,1
15520,1,0,1
15523,1,0,1
15524,1,0,1
15525,1,0,1
15526,1,0,1
15528,1,0,1
15529,1,0,1
15530,1,0,1
15531,1,0,1
15532,1,0,1
15533,1,0,1
15534,1,0,1
15536,1,0,1
15537,1,0,1
15538,1,0,1
15540,1,0,1
15541,1,0,1
15542,1,0,1
15543,1,0,1
15544,1,0,1
15545,1,0,1
15546,1,0,1
15547,1,0,1
15548,1,0,1
15549,1,0,1
15550,1,0,1
15551,1,0,1
15552,1,0,1
15553,1,0,1
15554,1,0,1
15555,1,0,1
15556,1,0,1
15557,1,0,1
15558,1,0,1
15559,1,0,1
15560,1,0,1
15562,1,0,1
15563,1,0,1
15564,1,0,1
15567,1,0,1
15568,1,0,1
15569,1,0,1
15570,1,0,1
15571,1,0,1
15572,1,0,1
15573,1,0,1
15574,1,0,1
15575,1,0,1
15576,1,0,1
15578,1,0,1
15579,1,0,1
15580,1,0,1
15581,1,0,1
15582,1,0,1
15583,1,0,1
15584,1,0,1
15585,1,0,1
15586,1,0,1
15587,1,0,1
15588,1,0,1
15589,1,0,1
15590,1,0,1
15591,1,0,1
15592,1,0,1
15593,1,0,1
15594,1,0,1
15595,1,0,1
15596,1,0,1
15598,1,0,1
15599,1,0,1
15600,1,0,1
15601,1,0,1
15602,1,0,1
15603,1,0,1
15604,1,0,1
15605,1,0,1
15606,1,0,1
15607,1,0,1
15609,1,0,1
15610,1,0,1
15611,1,0,1
15612,1,0,1
15613,1,0,1
15614,1,0,1
15615,1,0,1
15616,1,0,1
15617,1,0,1
15618,1,0,1
15619,1,0,1
15620,1,0,1
15622,1,0,1
15623,1,0,1
15625,1,0,1
15626,1,0,1
15628,1,0,1
15629,1,0,1
15630,1,0,1
15631,1,0,1
15632,1,0,1
15633,1,0,1
15634,1,0,1
15635,1,0,1
15636,1,0,1
15637,1,0,1
15638,1,0,1
15639,1,0,1
15641,1,0,1
15642,1,0,1
15643,1,0,1
15644,1,0,1
15645,1,0,1
15646,1,0,1
15647,1,0,1
15648,1,0,1
15649,1,0,1
15650,1,0,1
15651,1,0,1
15652,1,0,1
15653,1,0,1
15655,1,0,1
15656,1,0,1
15657,1,0,1
15658,1,0,1
15659,1,0,1
15660,1,0,1
15661,1,0,1
15662,1,0,1
15663,1,0,1
15664,1,0,1
15665,1,0,1
15666,1,0,1
15668,1,0,1
15669,1,0,1
15670,1,0,1
15671,1,0,1
15672,1,0,1
15673,1,0,1
15674,1,0,1
15675,1,0,1
15677,1,0,1
15679,1,0,1
15680,1,0,1
15681,1,0,1
15683,1,0,1
15684,1,0,1
15685,1,0,1
15686,1,0,1
15687,1,0,1
15688,1,0,1
15691,1,0,1
15692,1,0,1
15693,1,0,1
15694,1,0,1
15695,1,0,1
15697,1,0,1
15698,1,0,1
15699,1,0,1
15700,1,0,1
15701,1,0,1
15702,1,0,1
15703,1,0,1
15704,1,0,1
15707,1,0,1
15708,1,0,1
15709,1,0,1
15710,1,0,1
15711,1,0,1
15712,1,0,1
15713,1,0,1
15714,1,0,1
15715,1,0,1
15716,1,0,1
15717,1,0,1
15719,1,0,1
15720,1,0,1
15721,1,0,1
15722,1,0,1
15723,1,0,1
15724,1,0,1
15725,1,0,1
15726,1,0,1
15727,1,0,1
15728,1,0,1
15729,1,0,1
15730,1,0,1
15731,1,0,1
15732,1,0,1
15733,1,0,1
15734,1,0,1
15735,1,0,1
15736,1,0,1
15737,1,0,1
15738,1,0,1
15740,1,0,1
15741,1,0,1
15742,1,0,1
15743,1,0,1
15745,1,0,1
15746,1,0,1
15747,1,0,1
15748,1,0,1
15749,1,0,1
15750,1,0,1
15752,1,0,1
15753,1,0,1
15754,1,0,1
15755,1,0,1
15756,1,0,1
15758,1,0,1
15759,1,0,1
15760,1,0,1
15761,1,0,1
15762,1,0,1
15763,1,0,1
15764,1,0,1
15765,1,0,1
15766,1,0,1
15767,1,0,1
15768,1,0,1
15769,1,0,1
15770,1,0,1
15771,1,0,1
15772,1,0,1
15773,1,0,1
15774,1,0,1
15775,1,0,1
15776,1,0,1
15777,1,0,1
15778,1,0,1
15779,1,0,1
15780,1,0,1
15781,1,0,1
15782,1,0,1
15783,1,0,1
15785,1,0,1
15786,1,0,1
15787,1,0,1
15788,1,0,1
15789,1,0,1
15790,1,0,1
15791,1,0,1
15792,1,0,1
15793,1,0,1
15794,1,0,1
15797,1,0,1
15798,1,0,1
15799,1,0,1
15800,1,0,1
15801,1,0,1
15802,1,0,1
15803,1,0,1
15804,1,0,1
15806,1,0,1
15807,1,0,1
15808,1,0,1
15809,1,0,1
15810,1,0,1
15811,1,0,1
15812,1,0,1
15813,1,0,1
15814,1,0,1
15815,1,0,1
15816,1,0,1
15817,1,0,1
15818,1,0,1
15819,1,0,1
15820,1,0,1
15821,1,0,1
15824,1,0,1
15825,1,0,1
15826,1,0,1
15827,1,0,1
15828,1,0,1
15829,1,0,1
15830,1,0,1
15831,1,0,1
15832,1,0,1
15833,1,0,1
15835,1,0,1
15836,1,0,1
15837,1,0,1
15838,1,0,1
15839,1,0,1
15840,1,0,1
15841,1,0,1
15842,1,0,1
15843,1,0,1
15844,1,0,1
15845,1,0,1
15847,1,0,1
15848,1,0,1
15850,1,0,1
15851,1,0,1
15852,1,0,1
15853,1,0,1
15854,1,0,1
15855,1,0,1
15856,1,0,1
15857,1,0,1
15858,1,0,1
15859,1,0,1
15860,1,0,1
15861,1,0,1
15862,1,0,1
15863,1,0,1
15864,1,0,1
15865,1,0,1
15866,1,0,1
15867,1,0,1
15868,1,0,1
15869,1,0,1
15870,1,0,1
15871,1,0,1
15872,1,0,1
15873,1,0,1
15874,1,0,1
15875,1,0,1
15876,1,0,1
15877,1,0,1
15879,1,0,1
15880,1,0,1
15881,1,0,1
15884,1,0,1
15885,1,0,1
15886,1,0,1
15887,1,0,1
15888,1,0,1
15889,1,0,1
15890,1,0,1
15891,1,0,1
15892,1,0,1
15893,1,0,1
15894,1,0,1
15895,1,0,1
15896,1,0,1
15897,1,0,1
15899,1,0,1
15900,1,0,1
15901,1,0,1
15902,1,0,1
15903,1,0,1
15904,1,0,1
15905,1,0,1
15906,1,0,1
15907,1,0,1
15908,1,0,1
15909,1,0,1
15910,1,0,1
15911,1,0,1
15912,1,0,1
15914,1,0,1
15915,1,0,1
15916,1,0,1
15917,1,0,1
15918,1,0,1
15919,1,0,1
15920,1,0,1
15921,1,0,1
15922,1,0,1
15923,1,0,1
15924,1,0,1
15927,1,0,1
15929,1,0,1
15930,1,0,1
15931,1,0,1
15932,1,0,1
15933,1,0,1
15934,1,0,1
15935,1,0,1
15936,1,0,1
15937,1,0,1
15938,1,0,1
15939,1,0,1
15940,1,0,1
15941,1,0,1
15942,1,0,1
15943,1,0,1
15944,1,0,1
15945,1,0,1
15946,1,0,1
15948,1,0,1
15949,1,0,1
15950,1,0,1
15951,1,0,1
15952,1,0,1
15953,1,0,1
15954,1,0,1
15955,1,0,1
15957,1,0,1
15958,1,0,1
15959,1,0,1
15960,1,0,1
15961,1,0,1
15962,1,0,1
15963,1,0,1
15965,1,0,1
15966,1,0,1
15967,1,0,1
15968,1,0,1
15970,1,0,1
15971,1,0,1
15972,1,0,1
15973,1,0,1
15974,1,0,1
15976,1,0,1
15977,1,0,1
15978,1,0,1
15980,1,0,1
15981,1,0,1
15982,1,0,1
15983,1,0,1
15984,1,0,1
15985,1,0,1
15986,1,0,1
15987,1,0,1
15989,1,0,1
15990,1,0,1
15991,1,0,1
15993,1,0,1
15995,1,0,1
15996,1,0,1
15997,1,0,1
15998,1,0,1
15999,1,0,1
16000,1,0,1
16001,1,0,1
16002,1,0,1
16003,1,0,1
16004,1,0,1
16005,1,0,1
16006,1,0,1
16007,1,0,1
16008,1,0,1
16009,1,0,1
16011,1,0,1
16012,1,0,1
16013,1,0,1
16014,1,0,1
16015,1,0,1
16017,1,0,1
16018,1,0,1
16019,1,0,1
16020,1,0,1
16021,1,0,1
16022,1,0,1
16023,1,0,1
16024,1,0,1
16025,1,0,1
16026,1,0,1
16027,1,0,1
16028,1,0,1
16029,1,0,1
16030,1,0,1
16032,1,0,1
16033,1,0,1
16034,1,0,1
16035,1,0,1
16036,1,0,1
16037,1,0,1
16038,1,0,1
16039,1,0,1
16041,1,0,1
16042,1,0,1
16043,1,0,1
16044,1,0,1
16045,1,0,1
16046,1,0,1
16047,1,0,1
16051,1,0,1
16052,1,0,1
16053,1,0,1
16054,1,0,1
16056,1,0,1
16057,1,0,1
16058,1,0,1
16059,1,0,1
16060,1,0,1
16061,1,0,1
16062,1,0,1
16063,1,0,1
16064,1,0,1
16065,1,0,1
16066,1,0,1
16067,1,0,1
16068,1,0,1
16069,1,0,1
16070,1,0,1
16072,1,0,1
16073,1,0,1
16074,1,0,1
16075,1,0,1
16076,1,0,1
16077,1,0,1
16078,1,0,1
16079,1,0,1
16080,1,0,1
16082,1,0,1
16083,1,0,1
16084,1,0,1
16085,1,0,1
16086,1,0,1
16087,1,0,1
16088,1,0,1
16089,1,0,1
16090,1,0,1
16091,1,0,1
16092,1,0,1
16093,1,0,1
16094,1,0,1
16095,1,0,1
16096,1,0,1
16097,1,0,1
16098,1,0,1
16099,1,0,1
16100,1,0,1
16101,1,0,1
16102,1,0,1
16103,1,0,1
16104,1,0,1
16106,1,0,1
16107,1,0,1
16108,1,0,1
16109,1,0,1
16110,1,0,1
16111,1,0,1
16113,1,0,1
16114,1,0,1
16115,1,0,1
16116,1,0,1
16117,1,0,1
16118,1,0,1
16119,1,0,1
16120,1,0,1
16121,1,0,1
16122,1,0,1
16123,1,0,1
16124,1,0,1
16125,1,0,1
16126,1,0,1
16127,1,0,1
16128,1,0,1
16130,1,0,1
16131,1,0,1
16132,1,0,1
16133,1,0,1
16134,1,0,1
16136,1,0,1
16139,1,0,1
16140,1,0,1
16141,1,0,1
16143,1,0,1
16144,1,0,1
16145,1,0,1
16146,1,0,1
16147,1,0,1
16148,1,0,1
16149,1,0,1
16150,1,0,1
16151,1,0,1
16152,1,0,1
16153,1,0,1
16154,1,0,1
16155,1,0,1
16156,1,0,1
16157,1,0,1
16159,1,0,1
16160,1,0,1
16161,1,0,1
16162,1,0,1
16163,1,0,1
16164,1,0,1
16165,1,0,1
16166,1,0,1
16167,1,0,1
16168,1,0,1
16169,1,0,1
16170,1,0,1
16171,1,0,1
16172,1,0,1
16173,1,0,1
16174,1,0,1
16175,1,0,1
16176,1,0,1
16178,1,0,1
16179,1,0,1
16180,1,0,1
16182,1,0,1
16183,1,0,1
16184,1,0,1
16185,1,0,1
16186,1,0,1
16188,1,0,1
16189,1,0,1
16190,1,0,1
16192,1,0,1
16193,1,0,1
16194,1,0,1
16195,1,0,1
16198,1,0,1
16199,1,0,1
16200,1,0,1
16201,1,0,1
16202,1,0,1
16203,1,0,1
16204,1,0,1
16205,1,0,1
16206,1,0,1
16207,1,0,1
16209,1,0,1
16210,1,0,1
16211,1,0,1
16212,1,0,1
16213,1,0,1
16214,1,0,1
16215,1,0,1
16216,1,0,1
16217,1,0,1
16218,1,0,1
16219,1,0,1
16220,1,0,1
16221,1,0,1
16222,1,0,1
16224,1,0,1
16225,1,0,1
16226,1,0,1
16227,1,0,1
16228,1,0,1
16229,1,0,1
16230,1,0,1
16231,1,0,1
16232,1,0,1
16233,1,0,1
16234,1,0,1
16235,1,0,1
16236,1,0,1
16237,1,0,1
16238,1,0,1
16239,1,0,1
16240,1,0,1
16241,1,0,1
16242,1,0,1
16243,1,0,1
16244,1,0,1
16245,1,0,1
16246,1,0,1
16247,1,0,1
16248,1,0,1
16249,1,0,1
16250,1,0,1
16251,1,0,1
16252,1,0,1
16253,1,0,1
16254,1,0,1
16255,1,0,1
16256,1,0,1
16258,1,0,1
16259,1,0,1
16260,1,0,1
16261,1,0,1
16262,1,0,1
16263,1,0,1
16264,1,0,1
16265,1,0,1
16266,1,0,1
16267,1,0,1
16268,1,0,1
16269,1,0,1
16270,1,0,1
16271,1,0,1
16272,1,0,1
16273,1,0,1
16274,1,0,1
16275,1,0,1
16276,1,0,1
16277,1,0,1
16279,1,0,1
16281,1,0,1
16283,1,0,1
16284,1,0,1
16285,1,0,1
16286,1,0,1
16287,1,0,1
16288,1,0,1
16289,1,0,1
16290,1,0,1
16291,1,0,1
16292,1,0,1
16293,1,0,1
16294,1,0,1
16295,1,0,1
16296,1,0,1
16297,1,0,1
16299,1,0,1
16300,1,0,1
16302,1,0,1
16303,1,0,1
16304,1,0,1
16305,1,0,1
16306,1,0,1
16307,1,0,1
16308,1,0,1
16309,1,0,1
16310,1,0,1
16311,1,0,1
16312,1,0,1
16313,1,0,1
16314,1,0,1
16316,1,0,1
16317,1,0,1
16319,1,0,1
16320,1,0,1
16321,1,0,1
16322,1,0,1
16323,1,0,1
16324,1,0,1
16325,1,0,1
16326,1,0,1
16327,1,0,1
16328,1,0,1
16329,1,0,1
16330,1,0,1
16331,1,0,1
16332,1,0,1
16333,1,0,1
16334,1,0,1
16335,1,0,1
16336,1,0,1
16337,1,0,1
16338,1,0,1
16339,1,0,1
16340,1,0,1
16341,1,0,1
16342,1,0,1
16343,1,0,1
16344,1,0,1
16345,1,0,1
16346,1,0,1
16347,1,0,1
16348,1,0,1
16349,1,0,1
16350,1,0,1
16353,1,0,1
16354,1,0,1
16355,1,0,1
16358,1,0,1
16359,1,0,1
16360,1,0,1
16361,1,0,1
16362,1,0,1
16364,1,0,1
16365,1,0,1
16366,1,0,1
16368,1,0,1
16369,1,0,1
16370,1,0,1
16371,1,0,1
16372,1,0,1
16373,1,0,1
16374,1,0,1
16375,1,0,1
16376,1,0,1
16377,1,0,1
16378,1,0,1
16379,1,0,1
16380,1,0,1
16381,1,0,1
16382,1,0,1
16383,1,0,1
16388,1,0,1
16390,1,0,1
16391,1,0,1
16392,1,0,1
16393,1,0,1
16394,1,0,1
16395,1,0,1
16396,1,0,1
16397,1,0,1
16398,1,0,1
16399,1,0,1
16400,1,0,1
16401,1,0,1
16405,1,0,1
16406,1,0,1
16408,1,0,1
16409,1,0,1
16410,1,0,1
16411,1,0,1
16412,1,0,1
16413,1,0,1
16416,1,0,1
16417,1,0,1
16418,1,0,1
16419,1,0,1
16420,1,0,1
16421,1,0,1
16422,1,0,1
16423,1,0,1
16424,1,0,1
16425,1,0,1
16426,1,0,1
16427,1,0,1
16428,1,0,1
16429,1,0,1
16430,1,0,1
16431,1,0,1
16433,1,0,1
16434,1,0,1
16435,1,0,1
16436,1,0,1
16437,1,0,1
16438,1,0,1
16439,1,0,1
16441,1,0,1
16442,1,0,1
16444,1,0,1
16445,1,0,1
16446,1,0,1
16447,1,0,1
16448,1,0,1
16449,1,0,1
16450,1,0,1
16451,1,0,1
16452,1,0,1
16453,1,0,1
16454,1,0,1
16456,1,0,1
16457,1,0,1
16458,1,0,1
16460,1,0,1
16461,1,0,1
16462,1,0,1
16463,1,0,1
16465,1,0,1
16466,1,0,1
16467,1,0,1
16468,1,0,1
16469,1,0,1
16470,1,0,1
16471,1,0,1
16472,1,0,1
16473,1,0,1
16474,1,0,1
16475,1,0,1
16477,1,0,1
16480,1,0,1
16482,1,0,1
16483,1,0,1
16484,1,0,1
16485,1,0,1
16486,1,0,1
16487,1,0,1
16488,1,0,1
16489,1,0,1
16490,1,0,1
16491,1,0,1
16492,1,0,1
16493,1,0,1
16494,1,0,1
16496,1,0,1
16497,1,0,1
16499,1,0,1
16500,1,0,1
16501,1,0,1
16502,1,0,1
16504,1,0,1
16505,1,0,1
16506,1,0,1
16507,1,0,1
16508,1,0,1
16509,1,0,1
16510,1,0,1
16512,1,0,1
16513,1,0,1
16514,1,0,1
16515,1,0,1
16517,1,0,1
16518,1,0,1
16519,1,0,1
16520,1,0,1
16521,1,0,1
16522,1,0,1
16523,1,0,1
16524,1,0,1
16525,1,0,1
16527,1,0,1
16528,1,0,1
16529,1,0,1
16530,1,0,1
16531,1,0,1
16532,1,0,1
16533,1,0,1
16534,1,0,1
16535,1,0,1
16536,1,0,1
16537,1,0,1
16538,1,0,1
16539,1,0,1
16540,1,0,1
16541,1,0,1
16542,1,0,1
16543,1,0,1
16544,1,0,1
16545,1,0,1
16546,1,0,1
16547,1,0,1
16549,1,0,1
16551,1,0,1
16552,1,0,1
16553,1,0,1
16554,1,0,1
16555,1,0,1
16556,1,0,1
16557,1,0,1
16558,1,0,1
16559,1,0,1
16560,1,0,1
16561,1,0,1
16562,1,0,1
16563,1,0,1
16564,1,0,1
16565,1,0,1
16566,1,0,1
16567,1,0,1
16568,1,0,1
16569,1,0,1
16570,1,0,1
16571,1,0,1
16572,1,0,1
16573,1,0,1
16574,1,0,1
16575,1,0,1
16577,1,0,1
16578,1,0,1
16580,1,0,1
16581,1,0,1
16582,1,0,1
16583,1,0,1
16584,1,0,1
16585,1,0,1
16586,1,0,1
16587,1,0,1
16588,1,0,1
16589,1,0,1
16590,1,0,1
16591,1,0,1
16593,1,0,1
16594,1,0,1
16595,1,0,1
16596,1,0,1
16597,1,0,1
16598,1,0,1
16600,1,0,1
16601,1,0,1
16602,1,0,1
16603,1,0,1
16604,1,0,1
16606,1,0,1
16607,1,0,1
16609,1,0,1
16611,1,0,1
16612,1,0,1
16613,1,0,1
16614,1,0,1
16616,1,0,1
16617,1,0,1
16618,1,0,1
16619,1,0,1
16620,1,0,1
16621,1,0,1
16622,1,0,1
16623,1,0,1
16624,1,0,1
16625,1,0,1
16626,1,0,1
16627,1,0,1
16628,1,0,1
16631,1,0,1
16632,1,0,1
16635,1,0,1
16636,1,0,1
16637,1,0,1
16638,1,0,1
16641,1,0,1
16642,1,0,1
16643,1,0,1
16644,1,0,1
16645,1,0,1
16646,1,0,1
16647,1,0,1
16649,1,0,1
16650,1,0,1
16651,1,0,1
16652,1,0,1
16653,1,0,1
16654,1,0,1
16655,1,0,1
16656,1,0,1
16657,1,0,1
16658,1,0,1
16659,1,0,1
16660,1,0,1
16661,1,0,1
16662,1,0,1
16663,1,0,1
16664,1,0,1
16666,1,0,1
16667,1,0,1
16668,1,0,1
16669,1,0,1
16670,1,0,1
16671,1,0,1
16672,1,0,1
16674,1,0,1
16675,1,0,1
16676,1,0,1
16677,1,0,1
16679,1,0,1
16680,1,0,1
16683,1,0,1
16685,1,0,1
16686,1,0,1
16687,1,0,1
16688,1,0,1
16689,1,0,1
16690,1,0,1
16691,1,0,1
16692,1,0,1
16693,1,0,1
16694,1,0,1
16695,1,0,1
16696,1,0,1
16697,1,0,1
16698,1,0,1
16700,1,0,1
16701,1,0,1
16702,1,0,1
16704,1,0,1
16705,1,0,1
16707,1,0,1
16708,1,0,1
16710,1,0,1
16711,1,0,1
16712,1,0,1
16713,1,0,1
16714,1,0,1
16715,1,0,1
16716,1,0,1
16717,1,0,1
16719,1,0,1
16720,1,0,1
16721,1,0,1
16722,1,0,1
16723,1,0,1
16724,1,0,1
16725,1,0,1
16726,1,0,1
16727,1,0,1
16728,1,0,1
16729,1,0,1
16730,1,0,1
16731,1,0,1
16733,1,0,1
16734,1,0,1
16735,1,0,1
16736,1,0,1
16737,1,0,1
16738,1,0,1
16739,1,0,1
16740,1,0,1
16741,1,0,1
16742,1,0,1
16744,1,0,1
16745,1,0,1
16746,1,0,1
16747,1,0,1
16748,1,0,1
16749,1,0,1
16750,1,0,1
16752,1,0,1
16753,1,0,1
16754,1,0,1
16755,1,0,1
16756,1,0,1
16757,1,0,1
16758,1,0,1
16759,1,0,1
16760,1,0,1
16761,1,0,1
16762,1,0,1
16764,1,0,1
16765,1,0,1
16766,1,0,1
16767,1,0,1
16768,1,0,1
16769,1,0,1
16770,1,0,1
16772,1,0,1
16773,1,0,1
16774,1,0,1
16775,1,0,1
16776,1,0,1
16777,1,0,1
16779,1,0,1
16781,1,0,1
16782,1,0,1
16784,1,0,1
16785,1,0,1
16786,1,0,1
16787,1,0,1
16788,1,0,1
16789,1,0,1
16791,1,0,1
16792,1,0,1
16794,1,0,1
16795,1,0,1
16796,1,0,1
16797,1,0,1
16798,1,0,1
16799,1,0,1
16800,1,0,1
16802,1,0,1
16803,1,0,1
16804,1,0,1
16805,1,0,1
16806,1,0,1
16807,1,0,1
16808,1,0,1
16810,1,0,1
16811,1,0,1
16812,1,0,1
16815,1,0,1
16816,1,0,1
16817,1,0,1
16818,1,0,1
16819,1,0,1
16820,1,0,1
16822,1,0,1
16823,1,0,1
16824,1,0,1
16825,1,0,1
16826,1,0,1
16828,1,0,1
16829,1,0,1
16830,1,0,1
16831,1,0,1
16834,1,0,1
16835,1,0,1
16836,1,0,1
16837,1,0,1
16838,1,0,1
16839,1,0,1
16840,1,0,1
16841,1,0,1
16842,1,0,1
16843,1,0,1
16844,1,0,1
16845,1,0,1
16846,1,0,1
16847,1,0,1
16848,1,0,1
16849,1,0,1
16850,1,0,1
16851,1,0,1
16853,1,0,1
16856,1,0,1
16857,1,0,1
16858,1,0,1
16859,1,0,1
16860,1,0,1
16862,1,0,1
16863,1,0,1
16865,1,0,1
16866,1,0,1
16867,1,0,1
16868,1,0,1
16869,1,0,1
16870,1,0,1
16871,1,0,1
16872,1,0,1
16873,1,0,1
16874,1,0,1
16875,1,0,1
16876,1,0,1
16877,1,0,1
16879,1,0,1
16880,1,0,1
16881,1,0,1
16882,1,0,1
16883,1,0,1
16884,1,0,1
16885,1,0,1
16886,1,0,1
16888,1,0,1
16889,1,0,1
16890,1,0,1
16891,1,0,1
16893,1,0,1
16894,1,0,1
16895,1,0,1
16896,1,0,1
16897,1,0,1
16898,1,0,1
16899,1,0,1
16900,1,0,1
16901,1,0,1
16902,1,0,1
16903,1,0,1
16904,1,0,1
16905,1,0,1
16906,1,0,1
16907,1,0,1
16908,1,0,1
16909,1,0,1
16912,1,0,1
16913,1,0,1
16914,1,0,1
16915,1,0,1
16916,1,0,1
16917,1,0,1
16919,1,0,1
16920,1,0,1
16921,1,0,1
16922,1,0,1
16924,1,0,1
16925,1,0,1
16926,1,0,1
16927,1,0,1
16928,1,0,1
16929,1,0,1
16930,1,0,1
16931,1,0,1
16932,1,0,1
16934,1,0,1
16935,1,0,1
16937,1,0,1
16938,1,0,1
16939,1,0,1
16941,1,0,1
16942,1,0,1
16943,1,0,1
16944,1,0,1
16945,1,0,1
16946,1,0,1
16947,1,0,1
16948,1,0,1
16950,1,0,1
16951,1,0,1
16953,1,0,1
16955,1,0,1
16956,1,0,1
16957,1,0,1
16958,1,0,1
16959,1,0,1
16960,1,0,1
16961,1,0,1
16962,1,0,1
16963,1,0,1
16964,1,0,1
16965,1,0,1
16966,1,0,1
16967,1,0,1
16968,1,0,1
16970,1,0,1
16971,1,0,1
16972,1,0,1
16974,1,0,1
16975,1,0,1
16976,1,0,1
16978,1,0,1
16979,1,0,1
16981,1,0,1
16982,1,0,1
16983,1,0,1
16984,1,0,1
16985,1,0,1
16986,1,0,1
16987,1,0,1
16988,1,0,1
16990,1,0,1
16991,1,0,1
16992,1,0,1
16993,1,0,1
16994,1,0,1
16995,1,0,1
16996,1,0,1
16997,1,0,1
16998,1,0,1
16999,1,0,1
17000,1,0,1
17001,1,0,1
17002,1,0,1
17003,1,0,1
17004,1,0,1
17005,1,0,1
17006,1,0,1
17007,1,0,1
17008,1,0,1
17009,1,0,1
17010,1,0,1
17011,1,0,1
17012,1,0,1
17013,1,0,1
17014,1,0,1
17015,1,0,1
17016,1,0,1
17017,1,0,1
17018,1,0,1
17019,1,0,1
17021,1,0,1
17022,1,0,1
17023,1,0,1
17024,1,0,1
17025,1,0,1
17026,1,0,1
17027,1,0,1
17028,1,0,1
17029,1,0,1
17030,1,0,1
17031,1,0,1
17033,1,0,1
17034,1,0,1
17035,1,0,1
17036,1,0,1
17038,1,0,1
17039,1,0,1
17040,1,0,1
17041,1,0,1
17042,1,0,1
17044,1,0,1
17045,1,0,1
17047,1,0,1
17049,1,0,1
17050,1,0,1
17051,1,0,1
17052,1,0,1
17053,1,0,1
17056,1,0,1
17057,1,0,1
17058,1,0,1
17059,1,0,1
17060,1,0,1
17061,1,0,1
17062,1,0,1
17063,1,0,1
17064,1,0,1
17065,1,0,1
17067,1,0,1
17069,1,0,1
17070,1,0,1
17071,1,0,1
17072,1,0,1
17074,1,0,1
17075,1,0,1
17076,1,0,1
17077,1,0,1
17078,1,0,1
17079,1,0,1
17080,1,0,1
17081,1,0,1
17083,1,0,1
17085,1,0,1
17086,1,0,1
17087,1,0,1
17088,1,0,1
17089,1,0,1
17091,1,0,1
17092,1,0,1
17093,1,0,1
17094,1,0,1
17095,1,0,1
17096,1,0,1
17097,1,0,1
17098,1,0,1
17099,1,0,1
17100,1,0,1
17101,1,0,1
17103,1,0,1
17104,1,0,1
17105,1,0,1
17106,1,0,1
17107,1,0,1
17108,1,0,1
17109,1,0,1
17110,1,0,1
17113,1,0,1
17114,1,0,1
17115,1,0,1
17116,1,0,1
17117,1,0,1
17118,1,0,1
17119,1,0,1
17120,1,0,1
17121,1,0,1
17122,1,0,1
17123,1,0,1
17124,1,0,1
17125,1,0,1
17126,1,0,1
17127,1,0,1
17128,1,0,1
17129,1,0,1
17133,1,0,1
17137,1,0,1
17138,1,0,1
17139,1,0,1
17140,1,0,1
17141,1,0,1
17142,1,0,1
17143,1,0,1
17144,1,0,1
17145,1,0,1
17146,1,0,1
17147,1,0,1
17148,1,0,1
17149,1,0,1
17150,1,0,1
17151,1,0,1
17152,1,0,1
17153,1,0,1
17154,1,0,1
17155,1,0,1
17156,1,0,1
17157,1,0,1
17158,1,0,1
17160,1,0,1
17161,1,0,1
17162,1,0,1
17163,1,0,1
17164,1,0,1
17165,1,0,1
17166,1,0,1
17167,1,0,1
17168,1,0,1
17169,1,0,1
17170,1,0,1
17171,1,0,1
17172,1,0,1
17173,1,0,1
17174,1,0,1
17175,1,0,1
17176,1,0,1
17177,1,0,1
17178,1,0,1
17179,1,0,1
17180,1,0,1
17181,1,0,1
17182,1,0,1
17183,1,0,1
17184,1,0,1
17185,1,0,1
17186,1,0,1
17188,1,0,1
17189,1,0,1
17191,1,0,1
17192,1,0,1
17193,1,0,1
17194,1,0,1
17196,1,0,1
17197,1,0,1
17198,1,0,1
17200,1,0,1
17201,1,0,1
17202,1,0,1
17203,1,0,1
17204,1,0,1
17205,1,0,1
17206,1,0,1
17207,1,0,1
17208,1,0,1
17209,1,0,1
17210,1,0,1
17211,1,0,1
17212,1,0,1
17213,1,0,1
17214,1,0,1
17215,1,0,1
17216,1,0,1
17217,1,0,1
17218,1,0,1
17219,1,0,1
17220,1,0,1
17221,1,0,1
17223,1,0,1
17224,1,0,1
17225,1,0,1
17226,1,0,1
17227,1,0,1
17228,1,0,1
17229,1,0,1
17230,1,0,1
17231,1,0,1
17232,1,0,1
17233,1,0,1
17236,1,0,1
17237,1,0,1
17238,1,0,1
17239,1,0,1
17240,1,0,1
17241,1,0,1
17242,1,0,1
17243,1,0,1
17244,1,0,1
17245,1,0,1
17246,1,0,1
17247,1,0,1
17248,1,0,1
17250,1,0,1
17251,1,0,1
17252,1,0,1
17254,1,0,1
17255,1,0,1
17256,1,0,1
17257,1,0,1
17259,1,0,1
17260,1,0,1
17261,1,0,1
17263,1,0,1
17264,1,0,1
17266,1,0,1
17267,1,0,1
17268,1,0,1
17269,1,0,1
17270,1,0,1
17271,1,0,1
17272,1,0,1
17275,1,0,1
17276,1,0,1
17278,1,0,1
17279,1,0,1
17280,1,0,1
17281,1,0,1
17282,1,0,1
17283,1,0,1
17284,1,0,1
17285,1,0,1
17286,1,0,1
17287,1,0,1
17290,1,0,1
17291,1,0,1
17292,1,0,1
17293,1,0,1
17294,1,0,1
17295,1,0,1
17297,1,0,1
17298,1,0,1
17299,1,0,1
17300,1,0,1
17301,1,0,1
17302,1,0,1
17303,1,0,1
17304,1,0,1
17306,1,0,1
17307,1,0,1
17308,1,0,1
17309,1,0,1
17310,1,0,1
17311,1,0,1
17312,1,0,1
17314,1,0,1
17316,1,0,1
17318,1,0,1
17319,1,0,1
17320,1,0,1
17321,1,0,1
17322,1,0,1
17323,1,0,1
17324,1,0,1
17325,1,0,1
17326,1,0,1
17327,1,0,1
17328,1,0,1
17329,1,0,1
17330,1,0,1
17331,1,0,1
17332,1,0,1
17333,1,0,1
17334,1,0,1
17335,1,0,1
17336,1,0,1
17337,1,0,1
17338,1,0,1
17339,1,0,1
17340,1,0,1
17342,1,0,1
17343,1,0,1
17344,1,0,1
17346,1,0,1
17347,1,0,1
17348,1,0,1
17349,1,0,1
17350,1,0,1
17351,1,0,1
17352,1,0,1
17353,1,0,1
17354,1,0,1
17355,1,0,1
17356,1,0,1
17357,1,0,1
17358,1,0,1
17359,1,0,1
17360,1,0,1
17361,1,0,1
17363,1,0,1
17364,1,0,1
17365,1,0,1
17366,1,0,1
17367,1,0,1
17368,1,0,1
17369,1,0,1
17370,1,0,1
17371,1,0,1
17372,1,0,1
17373,1,0,1
17374,1,0,1
17375,1,0,1
17378,1,0,1
17379,1,0,1
17381,1,0,1
17382,1,0,1
17383,1,0,1
17384,1,0,1
17385,1,0,1
17388,1,0,1
17389,1,0,1
17390,1,0,1
17391,1,0,1
17392,1,0,1
17393,1,0,1
17394,1,0,1
17395,1,0,1
17396,1,0,1
17397,1,0,1
17398,1,0,1
17399,1,0,1
17400,1,0,1
17401,1,0,1
17402,1,0,1
17404,1,0,1
17407,1,0,1
17409,1,0,1
17410,1,0,1
17411,1,0,1
17412,1,0,1
17413,1,0,1
17414,1,0,1
17416,1,0,1
17417,1,0,1
17418,1,0,1
17419,1,0,1
17420,1,0,1
17421,1,0,1
17422,1,0,1
17423,1,0,1
17425,1,0,1
17426,1,0,1
17427,1,0,1
17428,1,0,1
17429,1,0,1
17430,1,0,1
17431,1,0,1
17432,1,0,1
17433,1,0,1
17435,1,0,1
17436,1,0,1
17437,1,0,1
17438,1,0,1
17439,1,0,1
17440,1,0,1
17441,1,0,1
17442,1,0,1
17443,1,0,1
17444,1,0,1
17445,1,0,1
17446,1,0,1
17447,1,0,1
17448,1,0,1
17449,1,0,1
17450,1,0,1
17451,1,0,1
17452,1,0,1
17454,1,0,1
17455,1,0,1
17456,1,0,1
17457,1,0,1
17458,1,0,1
17461,1,0,1
17463,1,0,1
17465,1,0,1
17466,1,0,1
17467,1,0,1
17469,1,0,1
17470,1,0,1
17471,1,0,1
17473,1,0,1
17474,1,0,1
17475,1,0,1
17476,1,0,1
17477,1,0,1
17478,1,0,1
17479,1,0,1
17481,1,0,1
17482,1,0,1
17483,1,0,1
17484,1,0,1
17485,1,0,1
17486,1,0,1
17487,1,0,1
17488,1,0,1
17489,1,0,1
17492,1,0,1
17493,1,0,1
17494,1,0,1
17495,1,0,1
17496,1,0,1
17497,1,0,1
17498,1,0,1
17501,1,0,1
17502,1,0,1
17503,1,0,1
17504,1,0,1
17505,1,0,1
17506,1,0,1
17507,1,0,1
17508,1,0,1
17509,1,0,1
17510,1,0,1
17511,1,0,1
17512,1,0,1
17513,1,0,1
17514,1,0,1
17515,1,0,1
17516,1,0,1
17517,1,0,1
17518,1,0,1
17519,1,0,1
17520,1,0,1
17521,1,0,1
17522,1,0,1
17523,1,0,1
17524,1,0,1
17525,1,0,1
17527,1,0,1
17528,1,0,1
17530,1,0,1
17531,1,0,1
17532,1,0,1
17533,1,0,1
17534,1,0,1
17535,1,0,1
17536,1,0,1
17537,1,0,1
17538,1,0,1
17539,1,0,1
17541,1,0,1
17542,1,0,1
17543,1,0,1
17544,1,0,1
17545,1,0,1
17546,1,0,1
17547,1,0,1
17548,1,0,1
17549,1,0,1
17550,1,0,1
17551,1,0,1
17552,1,0,1
17553,1,0,1
17555,1,0,1
17556,1,0,1
17557,1,0,1
17558,1,0,1
17559,1,0,1
17561,1,0,1
17562,1,0,1
17563,1,0,1
17564,1,0,1
17565,1,0,1
17566,1,0,1
17567,1,0,1
17568,1,0,1
17569,1,0,1
17570,1,0,1
17571,1,0,1
17572,1,0,1
17573,1,0,1
17574,1,0,1
17575,1,0,1
17576,1,0,1
17579,1,0,1
17580,1,0,1
17581,1,0,1
17582,1,0,1
17583,1,0,1
17584,1,0,1
17585,1,0,1
17586,1,0,1
17587,1,0,1
17588,1,0,1
17589,1,0,1
17590,1,0,1
17591,1,0,1
17592,1,0,1
17593,1,0,1
17594,1,0,1
17595,1,0,1
17596,1,0,1
17597,1,0,1
17598,1,0,1
17599,1,0,1
17600,1,0,1
17602,1,0,1
17603,1,0,1
17604,1,0,1
17605,1,0,1
17606,1,0,1
17607,1,0,1
17608,1,0,1
17609,1,0,1
17610,1,0,1
17611,1,0,1
17612,1,0,1
17613,1,0,1
17614,1,0,1
17615,1,0,1
17616,1,0,1
17617,1,0,1
17618,1,0,1
17619,1,0,1
17620,1,0,1
17621,1,0,1
17622,1,0,1
17623,1,0,1
17624,1,0,1
17626,1,0,1
17627,1,0,1
17628,1,0,1
17629,1,0,1
17630,1,0,1
17631,1,0,1
17632,1,0,1
17633,1,0,1
17637,1,0,1
17638,1,0,1
17640,1,0,1
17641,1,0,1
17643,1,0,1
17644,1,0,1
17645,1,0,1
17646,1,0,1
17647,1,0,1
17648,1,0,1
17649,1,0,1
17650,1,0,1
17651,1,0,1
17652,1,0,1
17653,1,0,1
17654,1,0,1
17655,1,0,1
17657,1,0,1
17658,1,0,1
17659,1,0,1
17660,1,0,1
17662,1,0,1
17663,1,0,1
17664,1,0,1
17665,1,0,1
17666,1,0,1
17667,1,0,1
17668,1,0,1
17669,1,0,1
17670,1,0,1
17671,1,0,1
17673,1,0,1
17674,1,0,1
17675,1,0,1
17676,1,0,1
17677,1,0,1
17679,1,0,1
17680,1,0,1
17681,1,0,1
17682,1,0,1
17683,1,0,1
17684,1,0,1
17685,1,0,1
17686,1,0,1
17688,1,0,1
17690,1,0,1
17691,1,0,1
17693,1,0,1
17694,1,0,1
17695,1,0,1
17696,1,0,1
17698,1,0,1
17699,1,0,1
17700,1,0,1
17701,1,0,1
17703,1,0,1
17704,1,0,1
17705,1,0,1
17706,1,0,1
17707,1,0,1
17709,1,0,1
17710,1,0,1
17711,1,0,1
17713,1,0,1
17714,1,0,1
17717,1,0,1
17718,1,0,1
17719,1,0,1
17720,1,0,1
17722,1,0,1
17724,1,0,1
17725,1,0,1
17726,1,0,1
17727,1,0,1
17731,1,0,1
17732,1,0,1
17733,1,0,1
17735,1,0,1
17736,1,0,1
17737,1,0,1
17738,1,0,1
17739,1,0,1
17740,1,0,1
17741,1,0,1
17742,1,0,1
17743,1,0,1
17744,1,0,1
17745,1,0,1
17746,1,0,1
17747,1,0,1
17748,1,0,1
17749,1,0,1
17750,1,0,1
17751,1,0,1
17752,1,0,1
17753,1,0,1
17754,1,0,1
17755,1,0,1
17756,1,0,1
17757,1,0,1
17758,1,0,1
17759,1,0,1
17760,1,0,1
17761,1,0,1
17762,1,0,1
17763,1,0,1
17764,1,0,1
17765,1,0,1
17766,1,0,1
17769,1,0,1
17770,1,0,1
17771,1,0,1
17772,1,0,1
17773,1,0,1
17775,1,0,1
17776,1,0,1
17777,1,0,1
17778,1,0,1
17779,1,0,1
17780,1,0,1
17781,1,0,1
17782,1,0,1
17783,1,0,1
17785,1,0,1
17786,1,0,1
17787,1,0,1
17788,1,0,1
17789,1,0,1
17790,1,0,1
17791,1,0,1
17793,1,0,1
17794,1,0,1
17795,1,0,1
17796,1,0,1
17797,1,0,1
17798,1,0,1
17799,1,0,1
17800,1,0,1
17801,1,0,1
17802,1,0,1
17803,1,0,1
17804,1,0,1
17805,1,0,1
17807,1,0,1
17808,1,0,1
17809,1,0,1
17810,1,0,1
17812,1,0,1
17813,1,0,1
17814,1,0,1
17815,1,0,1
17816,1,0,1
17817,1,0,1
17818,1,0,1
17819,1,0,1
17820,1,0,1
17821,1,0,1
17822,1,0,1
17823,1,0,1
17824,1,0,1
17825,1,0,1
17826,1,0,1
17827,1,0,1
17828,1,0,1
17830,1,0,1
17831,1,0,1
17832,1,0,1
17833,1,0,1
17834,1,0,1
17835,1,0,1
17836,1,0,1
17837,1,0,1
17838,1,0,1
17839,1,0,1
17840,1,0,1
17841,1,0,1
17842,1,0,1
17843,1,0,1
17844,1,0,1
17845,1,0,1
17848,1,0,1
17849,1,0,1
17851,1,0,1
17852,1,0,1
17853,1,0,1
17854,1,0,1
17855,1,0,1
17856,1,0,1
17858,1,0,1
17859,1,0,1
17860,1,0,1
17861,1,0,1
17862,1,0,1
17864,1,0,1
17865,1,0,1
17866,1,0,1
17867,1,0,1
17868,1,0,1
17869,1,0,1
17870,1,0,1
17872,1,0,1
17873,1,0,1
17875,1,0,1
17876,1,0,1
17877,1,0,1
17878,1,0,1
17879,1,0,1
17880,1,0,1
17881,1,0,1
17882,1,0,1
17883,1,0,1
17884,1,0,1
17885,1,0,1
17886,1,0,1
17887,1,0,1
17890,1,0,1
17893,1,0,1
17894,1,0,1
17896,1,0,1
17899,1,0,1
17900,1,0,1
17901,1,0,1
17902,1,0,1
17903,1,0,1
17904,1,0,1
17905,1,0,1
17906,1,0,1
17907,1,0,1
17908,1,0,1
17909,1,0,1
17910,1,0,1
17912,1,0,1
17913,1,0,1
17914,1,0,1
17915,1,0,1
17916,1,0,1
17917,1,0,1
17918,1,0,1
17919,1,0,1
17920,1,0,1
17921,1,0,1
17922,1,0,1
17923,1,0,1
17924,1,0,1
17925,1,0,1
17926,1,0,1
17927,1,0,1
17928,1,0,1
17929,1,0,1
17930,1,0,1
17931,1,0,1
17932,1,0,1
17933,1,0,1
17934,1,0,1
17935,1,0,1
17936,1,0,1
17937,1,0,1
17938,1,0,1
17939,1,0,1
17940,1,0,1
17941,1,0,1
17942,1,0,1
17943,1,0,1
17944,1,0,1
17945,1,0,1
17946,1,0,1
17948,1,0,1
17949,1,0,1
17952,1,0,1
17953,1,0,1
17954,1,0,1
17955,1,0,1
17956,1,0,1
17957,1,0,1
17958,1,0,1
17959,1,0,1
17960,1,0,1
17961,1,0,1
17962,1,0,1
17963,1,0,1
17964,1,0,1
17965,1,0,1
17966,1,0,1
17967,1,0,1
17968,1,0,1
17969,1,0,1
17970,1,0,1
17971,1,0,1
17972,1,0,1
17973,1,0,1
17974,1,0,1
17975,1,0,1
17976,1,0,1
17977,1,0,1
17978,1,0,1
17979,1,0,1
17980,1,0,1
17982,1,0,1
17983,1,0,1
17984,1,0,1
17985,1,0,1
17987,1,0,1
17988,1,0,1
17989,1,0,1
17990,1,0,1
17991,1,0,1
17993,1,0,1
17994,1,0,1
17995,1,0,1
17996,1,0,1
17997,1,0,1
17998,1,0,1
17999,1,0,1
18000,1,0,1
18001,1,0,1
18002,1,0,1
18003,1,0,1
18004,1,0,1
18005,1,0,1
18006,1,0,1
18007,1,0,1
18008,1,0,1
18009,1,0,1
18010,1,0,1
18011,1,0,1
18012,1,0,1
18014,1,0,1
18015,1,0,1
18016,1,0,1
18018,1,0,1
18020,1,0,1
18021,1,0,1
18022,1,0,1
18023,1,0,1
18024,1,0,1
18025,1,0,1
18026,1,0,1
18027,1,0,1
18028,1,0,1
18029,1,0,1
18030,1,0,1
18031,1,0,1
18032,1,0,1
18033,1,0,1
18035,1,0,1
18036,1,0,1
18037,1,0,1
18038,1,0,1
18039,1,0,1
18040,1,0,1
18041,1,0,1
18042,1,0,1
18043,1,0,1
18044,1,0,1
18045,1,0,1
18046,1,0,1
18047,1,0,1
18049,1,0,1
18050,1,0,1
18051,1,0,1
18052,1,0,1
18054,1,0,1
18055,1,0,1
18057,1,0,1
18059,1,0,1
18060,1,0,1
18062,1,0,1
18063,1,0,1
18064,1,0,1
18065,1,0,1
18068,1,0,1
18069,1,0,1
18070,1,0,1
18071,1,0,1
18072,1,0,1
18073,1,0,1
18074,1,0,1
18075,1,0,1
18076,1,0,1
18077,1,0,1
18079,1,0,1
18080,1,0,1
18082,1,0,1
18083,1,0,1
18085,1,0,1
18086,1,0,1
18087,1,0,1
18088,1,0,1
18090,1,0,1
18092,1,0,1
18093,1,0,1
18094,1,0,1
18095,1,0,1
18096,1,0,1
18097,1,0,1
18098,1,0,1
18099,1,0,1
18100,1,0,1
18101,1,0,1
18102,1,0,1
18103,1,0,1
18104,1,0,1
18105,1,0,1
18106,1,0,1
18107,1,0,1
18108,1,0,1
18109,1,0,1
18110,1,0,1
18111,1,0,1
18112,1,0,1
18113,1,0,1
18114,1,0,1
18115,1,0,1
18116,1,0,1
18117,1,0,1
18118,1,0,1
18119,1,0,1
18121,1,0,1
18122,1,0,1
18123,1,0,1
18124,1,0,1
18125,1,0,1
18127,1,0,1
18128,1,0,1
18129,1,0,1
18130,1,0,1
18132,1,0,1
18133,1,0,1
18134,1,0,1
18135,1,0,1
18136,1,0,1
18137,1,0,1
18138,1,0,1
18139,1,0,1
18140,1,0,1
18141,1,0,1
18142,1,0,1
18143,1,0,1
18144,1,0,1
18145,1,0,1
18146,1,0,1
18147,1,0,1
18148,1,0,1
18149,1,0,1
18150,1,0,1
18151,1,0,1
18152,1,0,1
18153,1,0,1
18154,1,0,1
18155,1,0,1
18156,1,0,1
18157,1,0,1
18158,1,0,1
18159,1,0,1
18160,1,0,1
18161,1,0,1
18162,1,0,1
18163,1,0,1
18164,1,0,1
18165,1,0,1
18166,1,0,1
18167,1,0,1
18168,1,0,1
18169,1,0,1
18170,1,0,1
18171,1,0,1
18172,1,0,1
18173,1,0,1
18174,1,0,1
18175,1,0,1
18177,1,0,1
18178,1,0,1
18179,1,0,1
18180,1,0,1
18181,1,0,1
18182,1,0,1
18183,1,0,1
18184,1,0,1
18185,1,0,1
18186,1,0,1
18187,1,0,1
18189,1,0,1
18190,1,0,1
18191,1,0,1
18192,1,0,1
18193,1,0,1
18194,1,0,1
18195,1,0,1
18196,1,0,1
18197,1,0,1
18198,1,0,1
18199,1,0,1
18201,1,0,1
18202,1,0,1
18204,1,0,1
18205,1,0,1
18207,1,0,1
18208,1,0,1
18209,1,0,1
18211,1,0,1
18213,1,0,1
18214,1,0,1
18215,1,0,1
18216,1,0,1
18217,1,0,1
18218,1,0,1
18219,1,0,1
18220,1,0,1
18221,1,0,1
18222,1,0,1
18223,1,0,1
18224,1,0,1
18225,1,0,1
18226,1,0,1
18227,1,0,1
18228,1,0,1
18230,1,0,1
18231,1,0,1
18232,1,0,1
18233,1,0,1
18234,1,0,1
18235,1,0,1
18236,1,0,1
18237,1,0,1
18238,1,0,1
18239,1,0,1
18240,1,0,1
18241,1,0,1
18242,1,0,1
18243,1,0,1
18244,1,0,1
18245,1,0,1
18246,1,0,1
18247,1,0,1
18248,1,0,1
18249,1,0,1
18251,1,0,1
18252,1,0,1
18253,1,0,1
18254,1,0,1
18255,1,0,1
18256,1,0,1
18257,1,0,1
18258,1,0,1
18259,1,0,1
18260,1,0,1
18262,1,0,1
18263,1,0,1
18264,1,0,1
18265,1,0,1
18266,1,0,1
18267,1,0,1
18268,1,0,1
18269,1,0,1
18270,1,0,1
18272,1,0,1
18273,1,0,1
18275,1,0,1
18277,1,0,1
18278,1,0,1
18279,1,0,1
18280,1,0,1
18281,1,0,1
18283,1,0,1
18284,1,0,1
18285,1,0,1
18286,1,0,1
18287,1,0,1
18288,1,0,1
18289,1,0,1
18290,1,0,1
18292,1,0,1
18293,1,0,1
18294,1,0,1
18295,1,0,1
18302,1,0,1
18303,1,0,1
18304,1,0,1
18305,1,0,1
18307,1,0,1
18309,1,0,1
18310,1,0,1
18311,1,0,1
18312,1,0,1
18313,1,0,1
18314,1,0,1
18315,1,0,1
18317,1,0,1
18318,1,0,1
18319,1,0,1
18320,1,0,1
18321,1,0,1
18322,1,0,1
18323,1,0,1
18324,1,0,1
18325,1,0,1
18326,1,0,1
18328,1,0,1
18329,1,0,1
18330,1,0,1
18331,1,0,1
18333,1,0,1
18334,1,0,1
18335,1,0,1
18336,1,0,1
18337,1,0,1
18338,1,0,1
18339,1,0,1
18340,1,0,1
18341,1,0,1
18343,1,0,1
18344,1,0,1
18345,1,0,1
18346,1,0,1
18347,1,0,1
18348,1,0,1
18349,1,0,1
18350,1,0,1
18351,1,0,1
18352,1,0,1
18353,1,0,1
18354,1,0,1
18355,1,0,1
18356,1,0,1
18357,1,0,1
18358,1,0,1
18360,1,0,1
18361,1,0,1
18362,1,0,1
18363,1,0,1
18364,1,0,1
18366,1,0,1
18367,1,0,1
18369,1,0,1
18370,1,0,1
18371,1,0,1
18372,1,0,1
18373,1,0,1
18374,1,0,1
18375,1,0,1
18376,1,0,1
18377,1,0,1
18378,1,0,1
18379,1,0,1
18380,1,0,1
18381,1,0,1
18382,1,0,1
18384,1,0,1
18385,1,0,1
18386,1,0,1
18387,1,0,1
18388,1,0,1
18389,1,0,1
18391,1,0,1
18392,1,0,1
18393,1,0,1
18394,1,0,1
18395,1,0,1
18396,1,0,1
18397,1,0,1
18399,1,0,1
18400,1,0,1
18401,1,0,1
18403,1,0,1
18404,1,0,1
18405,1,0,1
18406,1,0,1
18407,1,0,1
18408,1,0,1
18409,1,0,1
18410,1,0,1
18411,1,0,1
18412,1,0,1
18413,1,0,1
18414,1,0,1
18415,1,0,1
18416,1,0,1
18417,1,0,1
18418,1,0,1
18419,1,0,1
18420,1,0,1
18421,1,0,1
18423,1,0,1
18424,1,0,1
18425,1,0,1
18426,1,0,1
18427,1,0,1
18428,1,0,1
18429,1,0,1
18430,1,0,1
18431,1,0,1
18432,1,0,1
18433,1,0,1
18434,1,0,1
18435,1,0,1
18436,1,0,1
18438,1,0,1
18439,1,0,1
18440,1,0,1
18442,1,0,1
18443,1,0,1
18444,1,0,1
18445,1,0,1
18446,1,0,1
18447,1,0,1
18448,1,0,1
18449,1,0,1
18450,1,0,1
18451,1,0,1
18452,1,0,1
18453,1,0,1
18455,1,0,1
18457,1,0,1
18458,1,0,1
18459,1,0,1
18460,1,0,1
18461,1,0,1
18462,1,0,1
18463,1,0,1
18464,1,0,1
18465,1,0,1
18466,1,0,1
18467,1,0,1
18468,1,0,1
18469,1,0,1
18470,1,0,1
18471,1,0,1
18472,1,0,1
18473,1,0,1
18474,1,0,1
18475,1,0,1
18476,1,0,1
18477,1,0,1
18478,1,0,1
18479,1,0,1
18480,1,0,1
18481,1,0,1
18482,1,0,1
18483,1,0,1
18484,1,0,1
18485,1,0,1
18486,1,0,1
18487,1,0,1
18488,1,0,1
18489,1,0,1
18490,1,0,1
18491,1,0,1
18492,1,0,1
18493,1,0,1
18494,1,0,1
18495,1,0,1
18496,1,0,1
18498,1,0,1
18500,1,0,1
18502,1,0,1
18503,1,0,1
18504,1,0,1
18505,1,0,1
18506,1,0,1
18508,1,0,1
18510,1,0,1
18511,1,0,1
18512,1,0,1
18513,1,0,1
18514,1,0,1
18515,1,0,1
18517,1,0,1
18518,1,0,1
18520,1,0,1
18521,1,0,1
18522,1,0,1
18523,1,0,1
18524,1,0,1
18525,1,0,1
18526,1,0,1
18527,1,0,1
18529,1,0,1
18530,1,0,1
18531,1,0,1
18534,1,0,1
18535,1,0,1
18536,1,0,1
18537,1,0,1
18538,1,0,1
18539,1,0,1
18540,1,0,1
18541,1,0,1
18542,1,0,1
18543,1,0,1
18544,1,0,1
18545,1,0,1
18546,1,0,1
18547,1,0,1
18548,1,0,1
18549,1,0,1
18550,1,0,1
18551,1,0,1
18552,1,0,1
18553,1,0,1
18554,1,0,1
18555,1,0,1
18556,1,0,1
18557,1,0,1
18558,1,0,1
18559,1,0,1
18560,1,0,1
18561,1,0,1
18562,1,0,1
18563,1,0,1
18564,1,0,1
18565,1,0,1
18566,1,0,1
18567,1,0,1
18568,1,0,1
18569,1,0,1
18570,1,0,1
18571,1,0,1
18572,1,0,1
18573,1,0,1
18574,1,0,1
18575,1,0,1
18577,1,0,1
18578,1,0,1
18579,1,0,1
18581,1,0,1
18582,1,0,1
18583,1,0,1
18584,1,0,1
18585,1,0,1
18586,1,0,1
18587,1,0,1
18588,1,0,1
18589,1,0,1
18590,1,0,1
18591,1,0,1
18592,1,0,1
18593,1,0,1
18594,1,0,1
18595,1,0,1
18596,1,0,1
18597,1,0,1
18598,1,0,1
18599,1,0,1
18600,1,0,1
18601,1,0,1
18602,1,0,1
18603,1,0,1
18604,1,0,1
18605,1,0,1
18606,1,0,1
18607,1,0,1
18609,1,0,1
18610,1,0,1
18611,1,0,1
18612,1,0,1
18613,1,0,1
18614,1,0,1
18615,1,0,1
18616,1,0,1
18617,1,0,1
18618,1,0,1
18619,1,0,1
18620,1,0,1
18621,1,0,1
18622,1,0,1
18623,1,0,1
18624,1,0,1
18626,1,0,1
18628,1,0,1
18629,1,0,1
18630,1,0,1
18631,1,0,1
18632,1,0,1
18633,1,0,1
18634,1,0,1
18635,1,0,1
18636,1,0,1
18637,1,0,1
18638,1,0,1
18639,1,0,1
18641,1,0,1
18642,1,0,1
18643,1,0,1
18644,1,0,1
18645,1,0,1
18646,1,0,1
18647,1,0,1
18648,1,0,1
18649,1,0,1
18650,1,0,1
18651,1,0,1
18652,1,0,1
18653,1,0,1
18654,1,0,1
18655,1,0,1
18656,1,0,1
18657,1,0,1
18658,1,0,1
18659,1,0,1
18660,1,0,1
18661,1,0,1
18662,1,0,1
18663,1,0,1
18664,1,0,1
18665,1,0,1
18666,1,0,1
18667,1,0,1
18668,1,0,1
18669,1,0,1
18670,1,0,1
18671,1,0,1
18672,1,0,1
18673,1,0,1
18674,1,0,1
18675,1,0,1
18676,1,0,1
18677,1,0,1
18678,1,0,1
18679,1,0,1
18680,1,0,1
18681,1,0,1
18682,1,0,1
18684,1,0,1
18685,1,0,1
18686,1,0,1
18687,1,0,1
18688,1,0,1
18689,1,0,1
18690,1,0,1
18691,1,0,1
18692,1,0,1
18693,1,0,1
18694,1,0,1
18695,1,0,1
18696,1,0,1
18697,1,0,1
18698,1,0,1
18699,1,0,1
18700,1,0,1
18701,1,0,1
18702,1,0,1
18703,1,0,1
18704,1,0,1
18705,1,0,1
18706,1,0,1
18707,1,0,1
18708,1,0,1
18709,1,0,1
18710,1,0,1
18711,1,0,1
18712,1,0,1
18713,1,0,1
18714,1,0,1
18715,1,0,1
18716,1,0,1
18720,1,0,1
18721,1,0,1
18722,1,0,1
18723,1,0,1
18724,1,0,1
18725,1,0,1
18726,1,0,1
18727,1,0,1
18728,1,0,1
18729,1,0,1
18730,1,0,1
18732,1,0,1
18734,1,0,1
18735,1,0,1
18736,1,0,1
18737,1,0,1
18738,1,0,1
18739,1,0,1
18740,1,0,1
18741,1,0,1
18742,1,0,1
18743,1,0,1
18744,1,0,1
18745,1,0,1
18746,1,0,1
18747,1,0,1
18748,1,0,1
18749,1,0,1
18750,1,0,1
18753,1,0,1
18754,1,0,1
18755,1,0,1
18756,1,0,1
18757,1,0,1
18760,1,0,1
18763,1,0,1
18764,1,0,1
18766,1,0,1
18767,1,0,1
18769,1,0,1
18770,1,0,1
18771,1,0,1
18772,1,0,1
18773,1,0,1
18774,1,0,1
18775,1,0,1
18776,1,0,1
18777,1,0,1
18778,1,0,1
18781,1,0,1
18782,1,0,1
18783,1,0,1
18784,1,0,1
18785,1,0,1
18786,1,0,1
18787,1,0,1
18788,1,0,1
18789,1,0,1
18790,1,0,1
18791,1,0,1
18792,1,0,1
18793,1,0,1
18794,1,0,1
18795,1,0,1
18796,1,0,1
18798,1,0,1
18800,1,0,1
18801,1,0,1
18802,1,0,1
18803,1,0,1
18804,1,0,1
18805,1,0,1
18806,1,0,1
18807,1,0,1
18808,1,0,1
18809,1,0,1
18810,1,0,1
18811,1,0,1
18812,1,0,1
18813,1,0,1
18814,1,0,1
18815,1,0,1
18816,1,0,1
18817,1,0,1
18818,1,0,1
18819,1,0,1
18820,1,0,1
18821,1,0,1
18822,1,0,1
18823,1,0,1
18824,1,0,1
18825,1,0,1
18826,1,0,1
18827,1,0,1
18828,1,0,1
18829,1,0,1
18830,1,0,1
18831,1,0,1
18833,1,0,1
18834,1,0,1
18835,1,0,1
18836,1,0,1
18837,1,0,1
18838,1,0,1
18839,1,0,1
18840,1,0,1
18841,1,0,1
18842,1,0,1
18843,1,0,1
18844,1,0,1
18845,1,0,1
18847,1,0,1
18848,1,0,1
18849,1,0,1
18850,1,0,1
18851,1,0,1
18852,1,0,1
18853,1,0,1
18854,1,0,1
18855,1,0,1
18856,1,0,1
18857,1,0,1
18858,1,0,1
18859,1,0,1
18860,1,0,1
18861,1,0,1
18862,1,0,1
18863,1,0,1
18864,1,0,1
18865,1,0,1
18866,1,0,1
18867,1,0,1
18868,1,0,1
18870,1,0,1
18871,1,0,1
18872,1,0,1
18873,1,0,1
18874,1,0,1
18875,1,0,1
18877,1,0,1
18878,1,0,1
18879,1,0,1
18880,1,0,1
18881,1,0,1
18882,1,0,1
18883,1,0,1
18884,1,0,1
18885,1,0,1
18886,1,0,1
18887,1,0,1
18888,1,0,1
18889,1,0,1
18890,1,0,1
18891,1,0,1
18893,1,0,1
18894,1,0,1
18895,1,0,1
18898,1,0,1
18900,1,0,1
18901,1,0,1
18902,1,0,1
18903,1,0,1
18904,1,0,1
18905,1,0,1
18906,1,0,1
18907,1,0,1
18908,1,0,1
18909,1,0,1
18910,1,0,1
18911,1,0,1
18912,1,0,1
18913,1,0,1
18914,1,0,1
18915,1,0,1
18916,1,0,1
18917,1,0,1
18918,1,0,1
18919,1,0,1
18920,1,0,1
18921,1,0,1
18922,1,0,1
18923,1,0,1
18924,1,0,1
18925,1,0,1
18926,1,0,1
18927,1,0,1
18928,1,0,1
18929,1,0,1
18930,1,0,1
18931,1,0,1
18932,1,0,1
18933,1,0,1
18934,1,0,1
18935,1,0,1
18936,1,0,1
18937,1,0,1
18938,1,0,1
18939,1,0,1
18940,1,0,1
18941,1,0,1
18942,1,0,1
18943,1,0,1
18945,1,0,1
18948,1,0,1
18949,1,0,1
18951,1,0,1
18953,1,0,1
18954,1,0,1
18955,1,0,1
18957,1,0,1
18958,1,0,1
18959,1,0,1
18960,1,0,1
18961,1,0,1
18962,1,0,1
18963,1,0,1
18964,1,0,1
18965,1,0,1
18966,1,0,1
18967,1,0,1
18968,1,0,1
18969,1,0,1
18970,1,0,1
18971,1,0,1
18972,1,0,1
18973,1,0,1
18974,1,0,1
18975,1,0,1
18976,1,0,1
18977,1,0,1
18978,1,0,1
18979,1,0,1
18980,1,0,1
18981,1,0,1
18982,1,0,1
18983,1,0,1
18985,1,0,1
18986,1,0,1
18987,1,0,1
18992,1,0,1
18993,1,0,1
18994,1,0,1
18995,1,0,1
18996,1,0,1
18997,1,0,1
18998,1,0,1
18999,1,0,1
19000,1,0,1
19001,1,0,1
19002,1,0,1
19003,1,0,1
19004,1,0,1
19005,1,0,1
19006,1,0,1
19007,1,0,1
19008,1,0,1
19009,1,0,1
19010,1,0,1
19011,1,0,1
19012,1,0,1
19013,1,0,1
19014,1,0,1
19015,1,0,1
19016,1,0,1
19017,1,0,1
19018,1,0,1
19019,1,0,1
19020,1,0,1
19021,1,0,1
19024,1,0,1
19025,1,0,1
19026,1,0,1
19027,1,0,1
19028,1,0,1
19029,1,0,1
19030,1,0,1
19031,1,0,1
19032,1,0,1
19033,1,0,1
19034,1,0,1
19035,1,0,1
19036,1,0,1
19037,1,0,1
19038,1,0,1
19039,1,0,1
19040,1,0,1
19041,1,0,1
19043,1,0,1
19045,1,0,1
19046,1,0,1
19047,1,0,1
19048,1,0,1
19049,1,0,1
19050,1,0,1
19051,1,0,1
19052,1,0,1
19053,1,0,1
19054,1,0,1
19055,1,0,1
19056,1,0,1
19058,1,0,1
19059,1,0,1
19060,1,0,1
19061,1,0,1
19062,1,0,1
19063,1,0,1
19064,1,0,1
19065,1,0,1
19066,1,0,1
19067,1,0,1
19068,1,0,1
19069,1,0,1
19072,1,0,1
19073,1,0,1
19074,1,0,1
19076,1,0,1
19077,1,0,1
19078,1,0,1
19079,1,0,1
19080,1,0,1
19081,1,0,1
19082,1,0,1
19083,1,0,1
19084,1,0,1
19085,1,0,1
19086,1,0,1
19087,1,0,1
19088,1,0,1
19089,1,0,1
19090,1,0,1
19091,1,0,1
19092,1,0,1
19093,1,0,1
19094,1,0,1
19095,1,0,1
19096,1,0,1
19097,1,0,1
19098,1,0,1
19099,1,0,1
19100,1,0,1
19101,1,0,1
19102,1,0,1
19103,1,0,1
19104,1,0,1
19105,1,0,1
19106,1,0,1
19107,1,0,1
19108,1,0,1
19109,1,0,1
19110,1,0,1
19111,1,0,1
19112,1,0,1
19113,1,0,1
19115,1,0,1
19116,1,0,1
19118,1,0,1
19119,1,0,1
19120,1,0,1
19121,1,0,1
19122,1,0,1
19123,1,0,1
19124,1,0,1
19125,1,0,1
19127,1,0,1
19128,1,0,1
19129,1,0,1
19130,1,0,1
19131,1,0,1
19132,1,0,1
19133,1,0,1
19134,1,0,1
19135,1,0,1
19136,1,0,1
19137,1,0,1
19139,1,0,1
19140,1,0,1
19141,1,0,1
19142,1,0,1
19143,1,0,1
19144,1,0,1
19145,1,0,1
19146,1,0,1
19147,1,0,1
19148,1,0,1
19150,1,0,1
19151,1,0,1
19152,1,0,1
19153,1,0,1
19154,1,0,1
19155,1,0,1
19156,1,0,1
19157,1,0,1
19158,1,0,1
19159,1,0,1
19160,1,0,1
19161,1,0,1
19162,1,0,1
19164,1,0,1
19165,1,0,1
19167,1,0,1
19169,1,0,1
19170,1,0,1
19171,1,0,1
19172,1,0,1
19173,1,0,1
19174,1,0,1
19175,1,0,1
19176,1,0,1
19177,1,0,1
19178,1,0,1
19179,1,0,1
19181,1,0,1
19182,1,0,1
19184,1,0,1
19185,1,0,1
19186,1,0,1
19188,1,0,1
19189,1,0,1
19190,1,0,1
19191,1,0,1
19192,1,0,1
19193,1,0,1
19194,1,0,1
19196,1,0,1
19197,1,0,1
19198,1,0,1
19199,1,0,1
19200,1,0,1
19201,1,0,1
19202,1,0,1
19203,1,0,1
19204,1,0,1
19205,1,0,1
19206,1,0,1
19207,1,0,1
19208,1,0,1
19209,1,0,1
19211,1,0,1
19212,1,0,1
19213,1,0,1
19214,1,0,1
19215,1,0,1
19216,1,0,1
19217,1,0,1
19218,1,0,1
19219,1,0,1
19220,1,0,1
19222,1,0,1
19223,1,0,1
19224,1,0,1
19225,1,0,1
19226,1,0,1
19227,1,0,1
19228,1,0,1
19229,1,0,1
19230,1,0,1
19232,1,0,1
19233,1,0,1
19234,1,0,1
19235,1,0,1
19237,1,0,1
19238,1,0,1
19239,1,0,1
19240,1,0,1
19241,1,0,1
19242,1,0,1
19243,1,0,1
19244,1,0,1
19245,1,0,1
19246,1,0,1
19248,1,0,1
19249,1,0,1
19250,1,0,1
19251,1,0,1
19252,1,0,1
19253,1,0,1
19254,1,0,1
19256,1,0,1
19257,1,0,1
19258,1,0,1
19260,1,0,1
19262,1,0,1
19263,1,0,1
19264,1,0,1
19266,1,0,1
19267,1,0,1
19268,1,0,1
19269,1,0,1
19270,1,0,1
19271,1,0,1
19272,1,0,1
19273,1,0,1
19274,1,0,1
19275,1,0,1
19276,1,0,1
19277,1,0,1
19278,1,0,1
19280,1,0,1
19281,1,0,1
19282,1,0,1
19283,1,0,1
19284,1,0,1
19286,1,0,1
19287,1,0,1
19288,1,0,1
19290,1,0,1
19291,1,0,1
19292,1,0,1
19293,1,0,1
19294,1,0,1
19295,1,0,1
19297,1,0,1
19299,1,0,1
19300,1,0,1
19301,1,0,1
19302,1,0,1
19303,1,0,1
19304,1,0,1
19305,1,0,1
19306,1,0,1
19307,1,0,1
19310,1,0,1
19311,1,0,1
19312,1,0,1
19313,1,0,1
19314,1,0,1
19315,1,0,1
19316,1,0,1
19318,1,0,1
19319,1,0,1
19320,1,0,1
19322,1,0,1
19323,1,0,1
19324,1,0,1
19325,1,0,1
19327,1,0,1
19328,1,0,1
19329,1,0,1
19331,1,0,1
19333,1,0,1
19334,1,0,1
19335,1,0,1
19336,1,0,1
19337,1,0,1
19338,1,0,1
19339,1,0,1
19340,1,0,1
19341,1,0,1
19343,1,0,1
19344,1,0,1
19345,1,0,1
19347,1,0,1
19348,1,0,1
19350,1,0,1
19351,1,0,1
19353,1,0,1
19354,1,0,1
19355,1,0,1
19356,1,0,1
19357,1,0,1
19359,1,0,1
19360,1,0,1
19361,1,0,1
19362,1,0,1
19363,1,0,1
19364,1,0,1
19365,1,0,1
19366,1,0,1
19367,1,0,1
19369,1,0,1
19370,1,0,1
19371,1,0,1
19372,1,0,1
19373,1,0,1
19374,1,0,1
19375,1,0,1
19376,1,0,1
19377,1,0,1
19378,1,0,1
19379,1,0,1
19381,1,0,1
19382,1,0,1
19383,1,0,1
19384,1,0,1
19385,1,0,1
19386,1,0,1
19387,1,0,1
19388,1,0,1
19389,1,0,1
19390,1,0,1
19391,1,0,1
19392,1,0,1
19394,1,0,1
19395,1,0,1
19396,1,0,1
19397,1,0,1
19398,1,0,1
19399,1,0,1
19400,1,0,1
19401,1,0,1
19402,1,0,1
19403,1,0,1
19404,1,0,1
19405,1,0,1
19407,1,0,1
19408,1,0,1
19409,1,0,1
19410,1,0,1
19411,1,0,1
19412,1,0,1
19413,1,0,1
19414,1,0,1
19415,1,0,1
19416,1,0,1
19417,1,0,1
19418,1,0,1
19419,1,0,1
19420,1,0,1
19421,1,0,1
19423,1,0,1
19424,1,0,1
19425,1,0,1
19426,1,0,1
19427,1,0,1
19429,1,0,1
19431,1,0,1
19432,1,0,1
19433,1,0,1
19434,1,0,1
19435,1,0,1
19436,1,0,1
19437,1,0,1
19438,1,0,1
19439,1,0,1
19440,1,0,1
19441,1,0,1
19442,1,0,1
19443,1,0,1
19444,1,0,1
19446,1,0,1
19450,1,0,1
19451,1,0,1
19452,1,0,1
19453,1,0,1
19454,1,0,1
19455,1,0,1
19456,1,0,1
19457,1,0,1
19458,1,0,1
19459,1,0,1
19461,1,0,1
19462,1,0,1
19463,1,0,1
19464,1,0,1
19465,1,0,1
19466,1,0,1
19467,1,0,1
19468,1,0,1
19469,1,0,1
19470,1,0,1
19471,1,0,1
19472,1,0,1
19474,1,0,1
19475,1,0,1
19476,1,0,1
19477,1,0,1
19478,1,0,1
19479,1,0,1
19480,1,0,1
19482,1,0,1
19483,1,0,1
19484,1,0,1
19485,1,0,1
19486,1,0,1
19487,1,0,1
19488,1,0,1
19489,1,0,1
19490,1,0,1
19491,1,0,1
19493,1,0,1
19494,1,0,1
19495,1,0,1
19496,1,0,1
19498,1,0,1
19499,1,0,1
19500,1,0,1
19502,1,0,1
19503,1,0,1
19504,1,0,1
19505,1,0,1
19506,1,0,1
19507,1,0,1
19508,1,0,1
19509,1,0,1
19510,1,0,1
19511,1,0,1
19512,1,0,1
19513,1,0,1
19514,1,0,1
19515,1,0,1
19516,1,0,1
19517,1,0,1
19518,1,0,1
19519,1,0,1
19520,1,0,1
19521,1,0,1
19522,1,0,1
19523,1,0,1
19524,1,0,1
19525,1,0,1
19526,1,0,1
19528,1,0,1
19530,1,0,1
19531,1,0,1
19532,1,0,1
19533,1,0,1
19534,1,0,1
19535,1,0,1
19536,1,0,1
19537,1,0,1
19538,1,0,1
19539,1,0,1
19540,1,0,1
19541,1,0,1
19543,1,0,1
19545,1,0,1
19546,1,0,1
19548,1,0,1
19549,1,0,1
19550,1,0,1
19552,1,0,1
19553,1,0,1
19554,1,0,1
19555,1,0,1
19556,1,0,1
19557,1,0,1
19558,1,0,1
19559,1,0,1
19561,1,0,1
19562,1,0,1
19564,1,0,1
19565,1,0,1
19566,1,0,1
19568,1,0,1
19569,1,0,1
19570,1,0,1
19571,1,0,1
19572,1,0,1
19573,1,0,1
19574,1,0,1
19575,1,0,1
19576,1,0,1
19577,1,0,1
19578,1,0,1
19579,1,0,1
19580,1,0,1
19581,1,0,1
19582,1,0,1
19583,1,0,1
19584,1,0,1
19585,1,0,1
19586,1,0,1
19587,1,0,1
19588,1,0,1
19589,1,0,1
19590,1,0,1
19591,1,0,1
19592,1,0,1
19593,1,0,1
19594,1,0,1
19595,1,0,1
19596,1,0,1
19597,1,0,1
19598,1,0,1
19600,1,0,1
19601,1,0,1
19602,1,0,1
19603,1,0,1
19604,1,0,1
19606,1,0,1
19607,1,0,1
19608,1,0,1
19610,1,0,1
19611,1,0,1
19612,1,0,1
19613,1,0,1
19615,1,0,1
19616,1,0,1
19617,1,0,1
19618,1,0,1
19619,1,0,1
19621,1,0,1
19622,1,0,1
19623,1,0,1
19624,1,0,1
19625,1,0,1
19626,1,0,1
19628,1,0,1
19629,1,0,1
19630,1,0,1
19631,1,0,1
19632,1,0,1
19633,1,0,1
19634,1,0,1
19635,1,0,1
19636,1,0,1
19637,1,0,1
19638,1,0,1
19639,1,0,1
19640,1,0,1
19641,1,0,1
19642,1,0,1
19643,1,0,1
19644,1,0,1
19645,1,0,1
19646,1,0,1
19647,1,0,1
19649,1,0,1
19650,1,0,1
19651,1,0,1
19652,1,0,1
19653,1,0,1
19654,1,0,1
19655,1,0,1
19656,1,0,1
19657,1,0,1
19658,1,0,1
19660,1,0,1
19661,1,0,1
19662,1,0,1
19663,1,0,1
19664,1,0,1
19665,1,0,1
19666,1,0,1
19667,1,0,1
19668,1,0,1
19669,1,0,1
19670,1,0,1
19671,1,0,1
19672,1,0,1
19674,1,0,1
19675,1,0,1
19676,1,0,1
19678,1,0,1
19679,1,0,1
19680,1,0,1
19681,1,0,1
19683,1,0,1
19684,1,0,1
19685,1,0,1
19686,1,0,1
19687,1,0,1
19688,1,0,1
19689,1,0,1
19690,1,0,1
19691,1,0,1
19692,1,0,1
19696,1,0,1
19697,1,0,1
19699,1,0,1
19700,1,0,1
19701,1,0,1
19702,1,0,1
19703,1,0,1
19704,1,0,1
19705,1,0,1
19706,1,0,1
19707,1,0,1
19710,1,0,1
19711,1,0,1
19712,1,0,1
19713,1,0,1
19714,1,0,1
19715,1,0,1
19716,1,0,1
19717,1,0,1
19718,1,0,1
19719,1,0,1
19722,1,0,1
19723,1,0,1
19724,1,0,1
19725,1,0,1
19726,1,0,1
19727,1,0,1
19728,1,0,1
19729,1,0,1
19730,1,0,1
19731,1,0,1
19732,1,0,1
19733,1,0,1
19735,1,0,1
19736,1,0,1
19737,1,0,1
19738,1,0,1
19739,1,0,1
19740,1,0,1
19741,1,0,1
19742,1,0,1
19743,1,0,1
19744,1,0,1
19746,1,0,1
19747,1,0,1
19748,1,0,1
19749,1,0,1
19750,1,0,1
19751,1,0,1
19752,1,0,1
19753,1,0,1
19754,1,0,1
19755,1,0,1
19756,1,0,1
19758,1,0,1
19759,1,0,1
19760,1,0,1
19762,1,0,1
19764,1,0,1
19765,1,0,1
19766,1,0,1
19768,1,0,1
19769,1,0,1
19770,1,0,1
19772,1,0,1
19773,1,0,1
19775,1,0,1
19776,1,0,1
19777,1,0,1
19778,1,0,1
19779,1,0,1
19780,1,0,1
19781,1,0,1
19782,1,0,1
19783,1,0,1
19784,1,0,1
19785,1,0,1
19786,1,0,1
19787,1,0,1
19788,1,0,1
19789,1,0,1
19790,1,0,1
19791,1,0,1
19792,1,0,1
19793,1,0,1
19794,1,0,1
19795,1,0,1
19796,1,0,1
19797,1,0,1
19798,1,0,1
19799,1,0,1
19800,1,0,1
19801,1,0,1
19802,1,0,1
19803,1,0,1
19804,1,0,1
19805,1,0,1
19806,1,0,1
19807,1,0,1
19808,1,0,1
19809,1,0,1
19810,1,0,1
19811,1,0,1
19812,1,0,1
19813,1,0,1
19814,1,0,1
19815,1,0,1
19816,1,0,1
19817,1,0,1
19818,1,0,1
19820,1,0,1
19821,1,0,1
19822,1,0,1
19823,1,0,1
19824,1,0,1
19825,1,0,1
19826,1,0,1
19827,1,0,1
19828,1,0,1
19830,1,0,1
19831,1,0,1
19832,1,0,1
19833,1,0,1
19834,1,0,1
19838,1,0,1
19839,1,0,1
19840,1,0,1
19841,1,0,1
19842,1,0,1
19843,1,0,1
19844,1,0,1
19845,1,0,1
19846,1,0,1
19847,1,0,1
19848,1,0,1
19849,1,0,1
19850,1,0,1
19851,1,0,1
19852,1,0,1
19853,1,0,1
19855,1,0,1
19856,1,0,1
19858,1,0,1
19860,1,0,1
19861,1,0,1
19862,1,0,1
19863,1,0,1
19864,1,0,1
19865,1,0,1
19866,1,0,1
19867,1,0,1
19868,1,0,1
19869,1,0,1
19870,1,0,1
19871,1,0,1
19872,1,0,1
19873,1,0,1
19875,1,0,1
19876,1,0,1
19877,1,0,1
19880,1,0,1
19882,1,0,1
19883,1,0,1
19884,1,0,1
19886,1,0,1
19887,1,0,1
19889,1,0,1
19890,1,0,1
19891,1,0,1
19892,1,0,1
19893,1,0,1
19896,1,0,1
19897,1,0,1
19900,1,0,1
19901,1,0,1
19902,1,0,1
19903,1,0,1
19905,1,0,1
19906,1,0,1
19907,1,0,1
19908,1,0,1
19909,1,0,1
19910,1,0,1
19911,1,0,1
19912,1,0,1
19913,1,0,1
19914,1,0,1
19915,1,0,1
19916,1,0,1
19917,1,0,1
19918,1,0,1
19919,1,0,1
19921,1,0,1
19922,1,0,1
19923,1,0,1
19924,1,0,1
19927,1,0,1
19928,1,0,1
19929,1,0,1
19930,1,0,1
19931,1,0,1
19932,1,0,1
19933,1,0,1
19934,1,0,1
19935,1,0,1
19936,1,0,1
19937,1,0,1
19938,1,0,1
19939,1,0,1
19940,1,0,1
19941,1,0,1
19942,1,0,1
19943,1,0,1
19945,1,0,1
19946,1,0,1
19947,1,0,1
19948,1,0,1
19949,1,0,1
19950,1,0,1
19952,1,0,1
19953,1,0,1
19954,1,0,1
19955,1,0,1
19957,1,0,1
19958,1,0,1
19959,1,0,1
19960,1,0,1
19961,1,0,1
19962,1,0,1
19963,1,0,1
19964,1,0,1
19965,1,0,1
19966,1,0,1
19967,1,0,1
19968,1,0,1
19969,1,0,1
19970,1,0,1
19971,1,0,1
19972,1,0,1
19977,1,0,1
19978,1,0,1
19979,1,0,1
19981,1,0,1
19983,1,0,1
19984,1,0,1
19985,1,0,1
19986,1,0,1
19987,1,0,1
19988,1,0,1
19989,1,0,1
19990,1,0,1
19991,1,0,1
19992,1,0,1
19994,1,0,1
19995,1,0,1
19996,1,0,1
19997,1,0,1
19998,1,0,1
19999,1,0,1
20004,1,0,1
20005,1,0,1
20007,1,0,1
20008,1,0,1
20010,1,0,1
20011,1,0,1
20012,1,0,1
20013,1,0,1
20014,1,0,1
20015,1,0,1
20016,1,0,1
20017,1,0,1
20018,1,0,1
20019,1,0,1
20020,1,0,1
20021,1,0,1
20022,1,0,1
20023,1,0,1
20024,1,0,1
20026,1,0,1
20027,1,0,1
20028,1,0,1
20029,1,0,1
20030,1,0,1
20031,1,0,1
20032,1,0,1
20033,1,0,1
20034,1,0,1
20035,1,0,1
20036,1,0,1
20037,1,0,1
20038,1,0,1
20039,1,0,1
20041,1,0,1
20042,1,0,1
20043,1,0,1
20044,1,0,1
20045,1,0,1
20046,1,0,1
20047,1,0,1
20048,1,0,1
20049,1,0,1
20050,1,0,1
20051,1,0,1
20052,1,0,1
20053,1,0,1
20054,1,0,1
20055,1,0,1
20056,1,0,1
20057,1,0,1
20058,1,0,1
20059,1,0,1
20060,1,0,1
20061,1,0,1
20062,1,0,1
20063,1,0,1
20064,1,0,1
20065,1,0,1
20066,1,0,1
20067,1,0,1
20068,1,0,1
20069,1,0,1
20070,1,0,1
20074,1,0,1
20075,1,0,1
20076,1,0,1
20077,1,0,1
20078,1,0,1
20079,1,0,1
20080,1,0,1
20081,1,0,1
20082,1,0,1
20083,1,0,1
20084,1,0,1
20085,1,0,1
20086,1,0,1
20087,1,0,1
20088,1,0,1
20089,1,0,1
20090,1,0,1
20091,1,0,1
20092,1,0,1
20093,1,0,1
20094,1,0,1
20095,1,0,1
20096,1,0,1
20097,1,0,1
20098,1,0,1
20099,1,0,1
20100,1,0,1
20101,1,0,1
20102,1,0,1
20103,1,0,1
20104,1,0,1
20105,1,0,1
20106,1,0,1
20107,1,0,1
20108,1,0,1
20109,1,0,1
20110,1,0,1
20112,1,0,1
20113,1,0,1
20115,1,0,1
20116,1,0,1
20117,1,0,1
20118,1,0,1
20119,1,0,1
20120,1,0,1
20121,1,0,1
20123,1,0,1
20124,1,0,1
20125,1,0,1
20126,1,0,1
20127,1,0,1
20128,1,0,1
20129,1,0,1
20130,1,0,1
20132,1,0,1
20133,1,0,1
20134,1,0,1
20135,1,0,1
20136,1,0,1
20137,1,0,1
20138,1,0,1
20139,1,0,1
20140,1,0,1
20141,1,0,1
20142,1,0,1
20143,1,0,1
20145,1,0,1
20146,1,0,1
20147,1,0,1
20148,1,0,1
20149,1,0,1
20150,1,0,1
20151,1,0,1
20152,1,0,1
20153,1,0,1
20154,1,0,1
20155,1,0,1
20156,1,0,1
20157,1,0,1
20159,1,0,1
20160,1,0,1
20161,1,0,1
20163,1,0,1
20164,1,0,1
20166,1,0,1
20167,1,0,1
20168,1,0,1
20169,1,0,1
20170,1,0,1
20171,1,0,1
20173,1,0,1
20174,1,0,1
20175,1,0,1
20177,1,0,1
20178,1,0,1
20179,1,0,1
20180,1,0,1
20181,1,0,1
20183,1,0,1
20184,1,0,1
20185,1,0,1
20186,1,0,1
20187,1,0,1
20188,1,0,1
20189,1,0,1
20190,1,0,1
20191,1,0,1
20192,1,0,1
20193,1,0,1
20194,1,0,1
20195,1,0,1
20196,1,0,1
20197,1,0,1
20198,1,0,1
20199,1,0,1
20200,1,0,1
20202,1,0,1
20203,1,0,1
20204,1,0,1
20205,1,0,1
20208,1,0,1
20209,1,0,1
20210,1,0,1
20211,1,0,1
20212,1,0,1
20213,1,0,1
20215,1,0,1
20216,1,0,1
20217,1,0,1
20218,1,0,1
20219,1,0,1
20220,1,0,1
20221,1,0,1
20222,1,0,1
20224,1,0,1
20225,1,0,1
20227,1,0,1
20229,1,0,1
20230,1,0,1
20231,1,0,1
20232,1,0,1
20233,1,0,1
20234,1,0,1
20235,1,0,1
20237,1,0,1
20239,1,0,1
20240,1,0,1
20241,1,0,1
20242,1,0,1
20243,1,0,1
20244,1,0,1
20245,1,0,1
20246,1,0,1
20247,1,0,1
20248,1,0,1
20249,1,0,1
20250,1,0,1
20251,1,0,1
20252,1,0,1
20253,1,0,1
20254,1,0,1
20256,1,0,1
20257,1,0,1
20258,1,0,1
20259,1,0,1
20260,1,0,1
20261,1,0,1
20263,1,0,1
20264,1,0,1
20265,1,0,1
20267,1,0,1
20268,1,0,1
20269,1,0,1
20270,1,0,1
20271,1,0,1
20272,1,0,1
20276,1,0,1
20277,1,0,1
20278,1,0,1
20279,1,0,1
20280,1,0,1
20281,1,0,1
20282,1,0,1
20283,1,0,1
20284,1,0,1
20285,1,0,1
20287,1,0,1
20288,1,0,1
20289,1,0,1
20290,1,0,1
20291,1,0,1
20292,1,0,1
20293,1,0,1
20294,1,0,1
20296,1,0,1
20297,1,0,1
20298,1,0,1
20299,1,0,1
20300,1,0,1
20301,1,0,1
20302,1,0,1
20303,1,0,1
20305,1,0,1
20306,1,0,1
20307,1,0,1
20308,1,0,1
20309,1,0,1
20310,1,0,1
20311,1,0,1
20312,1,0,1
20313,1,0,1
20314,1,0,1
20316,1,0,1
20318,1,0,1
20319,1,0,1
20320,1,0,1
20321,1,0,1
20323,1,0,1
20324,1,0,1
20325,1,0,1
20326,1,0,1
20327,1,0,1
20328,1,0,1
20329,1,0,1
20330,1,0,1
20331,1,0,1
20332,1,0,1
20334,1,0,1
20336,1,0,1
20338,1,0,1
20339,1,0,1
20340,1,0,1
20341,1,0,1
20342,1,0,1
20343,1,0,1
20344,1,0,1
20346,1,0,1
20347,1,0,1
20348,1,0,1
20349,1,0,1
20350,1,0,1
20351,1,0,1
20352,1,0,1
20353,1,0,1
20354,1,0,1
20355,1,0,1
20356,1,0,1
20357,1,0,1
20358,1,0,1
20359,1,0,1
20360,1,0,1
20361,1,0,1
20362,1,0,1
20363,1,0,1
20364,1,0,1
20365,1,0,1
20366,1,0,1
20367,1,0,1
20368,1,0,1
20369,1,0,1
20370,1,0,1
20371,1,0,1
20372,1,0,1
20373,1,0,1
20375,1,0,1
20376,1,0,1
20377,1,0,1
20378,1,0,1
20379,1,0,1
20380,1,0,1
20381,1,0,1
20382,1,0,1
20383,1,0,1
20384,1,0,1
20385,1,0,1
20386,1,0,1
20387,1,0,1
20390,1,0,1
20391,1,0,1
20392,1,0,1
20393,1,0,1
20394,1,0,1
20395,1,0,1
20396,1,0,1
20397,1,0,1
20398,1,0,1
20399,1,0,1
20400,1,0,1
20401,1,0,1
20402,1,0,1
20403,1,0,1
20404,1,0,1
20405,1,0,1
20406,1,0,1
20407,1,0,1
20408,1,0,1
20409,1,0,1
20410,1,0,1
20411,1,0,1
20413,1,0,1
20414,1,0,1
20415,1,0,1
20416,1,0,1
20417,1,0,1
20418,1,0,1
20419,1,0,1
20420,1,0,1
20421,1,0,1
20422,1,0,1
20423,1,0,1
20424,1,0,1
20425,1,0,1
20426,1,0,1
20427,1,0,1
20428,1,0,1
20429,1,0,1
20430,1,0,1
20431,1,0,1
20432,1,0,1
20434,1,0,1
20435,1,0,1
20436,1,0,1
20437,1,0,1
20439,1,0,1
20440,1,0,1
20441,1,0,1
20442,1,0,1
20443,1,0,1
20444,1,0,1
20445,1,0,1
20446,1,0,1
20447,1,0,1
20448,1,0,1
20449,1,0,1
20451,1,0,1
20452,1,0,1
20454,1,0,1
20455,1,0,1
20456,1,0,1
20457,1,0,1
20459,1,0,1
20460,1,0,1
20461,1,0,1
20462,1,0,1
20463,1,0,1
20464,1,0,1
20465,1,0,1
20466,1,0,1
20467,1,0,1
20468,1,0,1
20470,1,0,1
20471,1,0,1
20472,1,0,1
20473,1,0,1
20474,1,0,1
20475,1,0,1
20477,1,0,1
20478,1,0,1
20479,1,0,1
20480,1,0,1
20481,1,0,1
20482,1,0,1
20483,1,0,1
20484,1,0,1
20485,1,0,1
20486,1,0,1
20487,1,0,1
20488,1,0,1
20490,1,0,1
20491,1,0,1
20492,1,0,1
20493,1,0,1
20495,1,0,1
20496,1,0,1
20497,1,0,1
20498,1,0,1
20499,1,0,1
20500,1,0,1
20501,1,0,1
20502,1,0,1
20503,1,0,1
20504,1,0,1
20505,1,0,1
20506,1,0,1
20507,1,0,1
20508,1,0,1
20509,1,0,1
20510,1,0,1
20511,1,0,1
20512,1,0,1
20513,1,0,1
20515,1,0,1
20516,1,0,1
20517,1,0,1
20518,1,0,1
20519,1,0,1
20520,1,0,1
20521,1,0,1
20522,1,0,1
20523,1,0,1
20524,1,0,1
20525,1,0,1
20526,1,0,1
20528,1,0,1
20532,1,0,1
20533,1,0,1
20534,1,0,1
20535,1,0,1
20537,1,0,1
20538,1,0,1
20539,1,0,1
20540,1,0,1
20541,1,0,1
20542,1,0,1
20544,1,0,1
20545,1,0,1
20546,1,0,1
20547,1,0,1
20548,1,0,1
20550,1,0,1
20551,1,0,1
20552,1,0,1
20553,1,0,1
20556,1,0,1
20558,1,0,1
20560,1,0,1
20562,1,0,1
20563,1,0,1
20564,1,0,1
20566,1,0,1
20567,1,0,1
20568,1,0,1
20569,1,0,1
20570,1,0,1
20571,1,0,1
20573,1,0,1
20574,1,0,1
20575,1,0,1
20576,1,0,1
20578,1,0,1
20579,1,0,1
20580,1,0,1
20581,1,0,1
20582,1,0,1
20585,1,0,1
20586,1,0,1
20587,1,0,1
20588,1,0,1
20589,1,0,1
20590,1,0,1
20591,1,0,1
20593,1,0,1
20594,1,0,1
20595,1,0,1
20597,1,0,1
20598,1,0,1
20599,1,0,1
20600,1,0,1
20601,1,0,1
20603,1,0,1
20605,1,0,1
20606,1,0,1
20607,1,0,1
20608,1,0,1
20609,1,0,1
20611,1,0,1
20612,1,0,1
20613,1,0,1
20614,1,0,1
20615,1,0,1
20617,1,0,1
20618,1,0,1
20619,1,0,1
20620,1,0,1
20621,1,0,1
20622,1,0,1
20623,1,0,1
20624,1,0,1
20625,1,0,1
20627,1,0,1
20628,1,0,1
20629,1,0,1
20630,1,0,1
20631,1,0,1
20632,1,0,1
20633,1,0,1
20635,1,0,1
20636,1,0,1
20637,1,0,1
20638,1,0,1
20639,1,0,1
20640,1,0,1
20641,1,0,1
20642,1,0,1
20643,1,0,1
20644,1,0,1
20645,1,0,1
20646,1,0,1
20647,1,0,1
20648,1,0,1
20650,1,0,1
20652,1,0,1
20653,1,0,1
20654,1,0,1
20655,1,0,1
20656,1,0,1
20658,1,0,1
20659,1,0,1
20660,1,0,1
20661,1,0,1
20662,1,0,1
20663,1,0,1
20664,1,0,1
20665,1,0,1
20666,1,0,1
20667,1,0,1
20668,1,0,1
20669,1,0,1
20670,1,0,1
20671,1,0,1
20672,1,0,1
20673,1,0,1
20674,1,0,1
20675,1,0,1
20676,1,0,1
20677,1,0,1
20679,1,0,1
20680,1,0,1
20681,1,0,1
20682,1,0,1
20683,1,0,1
20684,1,0,1
20686,1,0,1
20687,1,0,1
20688,1,0,1
20689,1,0,1
20690,1,0,1
20691,1,0,1
20692,1,0,1
20693,1,0,1
20694,1,0,1
20695,1,0,1
20696,1,0,1
20698,1,0,1
20699,1,0,1
20700,1,0,1
20701,1,0,1
20702,1,0,1
20703,1,0,1
20704,1,0,1
20705,1,0,1
20706,1,0,1
20707,1,0,1
20708,1,0,1
20709,1,0,1
20710,1,0,1
20711,1,0,1
20712,1,0,1
20713,1,0,1
20714,1,0,1
20715,1,0,1
20716,1,0,1
20717,1,0,1
20718,1,0,1
20719,1,0,1
20720,1,0,1
20721,1,0,1
20722,1,0,1
20723,1,0,1
20724,1,0,1
20725,1,0,1
20727,1,0,1
20728,1,0,1
20729,1,0,1
20730,1,0,1
20731,1,0,1
20732,1,0,1
20733,1,0,1
20734,1,0,1
20735,1,0,1
20736,1,0,1
20737,1,0,1
20738,1,0,1
20740,1,0,1
20742,1,0,1
20743,1,0,1
20744,1,0,1
20745,1,0,1
20746,1,0,1
20747,1,0,1
20748,1,0,1
20749,1,0,1
20750,1,0,1
20751,1,0,1
20752,1,0,1
20753,1,0,1
20754,1,0,1
20755,1,0,1
20756,1,0,1
20757,1,0,1
20758,1,0,1
20759,1,0,1
20761,1,0,1
20762,1,0,1
20763,1,0,1
20764,1,0,1
20765,1,0,1
20766,1,0,1
20767,1,0,1
20769,1,0,1
20770,1,0,1
20771,1,0,1
20772,1,0,1
20773,1,0,1
20774,1,0,1
20775,1,0,1
20776,1,0,1
20777,1,0,1
20778,1,0,1
20779,1,0,1
20781,1,0,1
20782,1,0,1
20783,1,0,1
20784,1,0,1
20785,1,0,1
20786,1,0,1
20787,1,0,1
20788,1,0,1
20789,1,0,1
20790,1,0,1
20791,1,0,1
20792,1,0,1
20793,1,0,1
20794,1,0,1
20795,1,0,1
20796,1,0,1
20797,1,0,1
20798,1,0,1
20799,1,0,1
20800,1,0,1
20801,1,0,1
20802,1,0,1
20803,1,0,1
20804,1,0,1
20805,1,0,1
20806,1,0,1
20807,1,0,1
20809,1,0,1
20810,1,0,1
20811,1,0,1
20813,1,0,1
20814,1,0,1
20816,1,0,1
20817,1,0,1
20818,1,0,1
20819,1,0,1
20820,1,0,1
20821,1,0,1
20822,1,0,1
20823,1,0,1
20824,1,0,1
20825,1,0,1
20826,1,0,1
20827,1,0,1
20828,1,0,1
20829,1,0,1
20830,1,0,1
20831,1,0,1
20832,1,0,1
20833,1,0,1
20834,1,0,1
20835,1,0,1
20836,1,0,1
20837,1,0,1
20838,1,0,1
20839,1,0,1
20842,1,0,1
20843,1,0,1
20844,1,0,1
20845,1,0,1
20846,1,0,1
20847,1,0,1
20848,1,0,1
20849,1,0,1
20850,1,0,1
20852,1,0,1
20853,1,0,1
20854,1,0,1
20855,1,0,1
20856,1,0,1
20857,1,0,1
20858,1,0,1
20859,1,0,1
20860,1,0,1
20861,1,0,1
20862,1,0,1
20863,1,0,1
20864,1,0,1
20865,1,0,1
20866,1,0,1
20867,1,0,1
20868,1,0,1
20870,1,0,1
20871,1,0,1
20872,1,0,1
20873,1,0,1
20874,1,0,1
20875,1,0,1
20876,1,0,1
20877,1,0,1
20878,1,0,1
20880,1,0,1
20881,1,0,1
20882,1,0,1
20884,1,0,1
20885,1,0,1
20886,1,0,1
20887,1,0,1
20888,1,0,1
20889,1,0,1
20890,1,0,1
20891,1,0,1
20892,1,0,1
20893,1,0,1
20894,1,0,1
20895,1,0,1
20896,1,0,1
20898,1,0,1
20899,1,0,1
20900,1,0,1
20901,1,0,1
20902,1,0,1
20903,1,0,1
20904,1,0,1
20905,1,0,1
20906,1,0,1
20907,1,0,1
20908,1,0,1
20909,1,0,1
20910,1,0,1
20911,1,0,1
20912,1,0,1
20913,1,0,1
20914,1,0,1
20915,1,0,1
20916,1,0,1
20917,1,0,1
20918,1,0,1
20919,1,0,1
20920,1,0,1
20921,1,0,1
20922,1,0,1
20923,1,0,1
20924,1,0,1
20925,1,0,1
20926,1,0,1
20927,1,0,1
20928,1,0,1
20929,1,0,1
20930,1,0,1
20931,1,0,1
20932,1,0,1
20933,1,0,1
20934,1,0,1
20935,1,0,1
20938,1,0,1
20940,1,0,1
20941,1,0,1
20942,1,0,1
20943,1,0,1
20944,1,0,1
20945,1,0,1
20946,1,0,1
20949,1,0,1
20951,1,0,1
20952,1,0,1
20953,1,0,1
20954,1,0,1
20955,1,0,1
20956,1,0,1
20957,1,0,1
20958,1,0,1
20959,1,0,1
20960,1,0,1
20961,1,0,1
20963,1,0,1
20964,1,0,1
20965,1,0,1
20967,1,0,1
20969,1,0,1
20970,1,0,1
20971,1,0,1
20972,1,0,1
20973,1,0,1
20975,1,0,1
20976,1,0,1
20977,1,0,1
20978,1,0,1
20979,1,0,1
20980,1,0,1
20981,1,0,1
20982,1,0,1
20983,1,0,1
20984,1,0,1
20985,1,0,1
20986,1,0,1
20987,1,0,1
20988,1,0,1
20989,1,0,1
20990,1,0,1
20992,1,0,1
20993,1,0,1
20994,1,0,1
20995,1,0,1
20996,1,0,1
20997,1,0,1
20998,1,0,1
21000,1,0,1
21001,1,0,1
21002,1,0,1
21003,1,0,1
21004,1,0,1
21005,1,0,1
21006,1,0,1
21007,1,0,1
21008,1,0,1
21009,1,0,1
21011,1,0,1
21012,1,0,1
21013,1,0,1
21014,1,0,1
21015,1,0,1
21019,1,0,1
21020,1,0,1
21022,1,0,1
21024,1,0,1
21026,1,0,1
21027,1,0,1
21028,1,0,1
21029,1,0,1
21030,1,0,1
21032,1,0,1
21033,1,0,1
21034,1,0,1
21035,1,0,1
21036,1,0,1
21037,1,0,1
21038,1,0,1
21039,1,0,1
21040,1,0,1
21041,1,0,1
21042,1,0,1
21043,1,0,1
21044,1,0,1
21045,1,0,1
21048,1,0,1
21049,1,0,1
21050,1,0,1
21051,1,0,1
21052,1,0,1
21053,1,0,1
21055,1,0,1
21056,1,0,1
21057,1,0,1
21059,1,0,1
21060,1,0,1
21061,1,0,1
21062,1,0,1
21063,1,0,1
21064,1,0,1
21065,1,0,1
21066,1,0,1
21067,1,0,1
21068,1,0,1
21069,1,0,1
21070,1,0,1
21071,1,0,1
21073,1,0,1
21074,1,0,1
21075,1,0,1
21076,1,0,1
21078,1,0,1
21079,1,0,1
21080,1,0,1
21081,1,0,1
21082,1,0,1
21083,1,0,1
21085,1,0,1
21086,1,0,1
21088,1,0,1
21089,1,0,1
21090,1,0,1
21091,1,0,1
21092,1,0,1
21094,1,0,1
21095,1,0,1
21096,1,0,1
21097,1,0,1
21098,1,0,1
21099,1,0,1
21100,1,0,1
21102,1,0,1
21105,1,0,1
21106,1,0,1
21107,1,0,1
21108,1,0,1
21109,1,0,1
21110,1,0,1
21111,1,0,1
21112,1,0,1
21113,1,0,1
21114,1,0,1
21115,1,0,1
21116,1,0,1
21117,1,0,1
21118,1,0,1
21119,1,0,1
21120,1,0,1
21121,1,0,1
21122,1,0,1
21123,1,0,1
21124,1,0,1
21125,1,0,1
21126,1,0,1
21127,1,0,1
21128,1,0,1
21129,1,0,1
21130,1,0,1
21131,1,0,1
21132,1,0,1
21134,1,0,1
21136,1,0,1
21138,1,0,1
21140,1,0,1
21141,1,0,1
21142,1,0,1
21143,1,0,1
21144,1,0,1
21145,1,0,1
21146,1,0,1
21148,1,0,1
21149,1,0,1
21150,1,0,1
21151,1,0,1
21153,1,0,1
21154,1,0,1
21155,1,0,1
21156,1,0,1
21157,1,0,1
21158,1,0,1
21159,1,0,1
21160,1,0,1
21161,1,0,1
21162,1,0,1
21163,1,0,1
21164,1,0,1
21166,1,0,1
21167,1,0,1
21168,1,0,1
21169,1,0,1
21170,1,0,1
21171,1,0,1
21172,1,0,1
21173,1,0,1
21174,1,0,1
21175,1,0,1
21176,1,0,1
21177,1,0,1
21178,1,0,1
21179,1,0,1
21180,1,0,1
21181,1,0,1
21182,1,0,1
21183,1,0,1
21184,1,0,1
21185,1,0,1
21186,1,0,1
21187,1,0,1
21188,1,0,1
21189,1,0,1
21191,1,0,1
21192,1,0,1
21193,1,0,1
21194,1,0,1
21195,1,0,1
21197,1,0,1
21198,1,0,1
21199,1,0,1
21201,1,0,1
21202,1,0,1
21203,1,0,1
21204,1,0,1
21205,1,0,1
21206,1,0,1
21207,1,0,1
21208,1,0,1
21209,1,0,1
21210,1,0,1
21212,1,0,1
21213,1,0,1
21214,1,0,1
21215,1,0,1
21216,1,0,1
21217,1,0,1
21218,1,0,1
21219,1,0,1
21220,1,0,1
21221,1,0,1
21222,1,0,1
21223,1,0,1
21225,1,0,1
21226,1,0,1
21228,1,0,1
21229,1,0,1
21230,1,0,1
21231,1,0,1
21232,1,0,1
21233,1,0,1
21235,1,0,1
21236,1,0,1
21237,1,0,1
21238,1,0,1
21240,1,0,1
21241,1,0,1
21242,1,0,1
21243,1,0,1
21244,1,0,1
21245,1,0,1
21246,1,0,1
21247,1,0,1
21248,1,0,1
21249,1,0,1
21250,1,0,1
21252,1,0,1
21253,1,0,1
21254,1,0,1
21257,1,0,1
21258,1,0,1
21260,1,0,1
21261,1,0,1
21262,1,0,1
21263,1,0,1
21265,1,0,1
21266,1,0,1
21267,1,0,1
21268,1,0,1
21269,1,0,1
21270,1,0,1
21272,1,0,1
21274,1,0,1
21275,1,0,1
21276,1,0,1
21277,1,0,1
21278,1,0,1
21279,1,0,1
21280,1,0,1
21281,1,0,1
21284,1,0,1
21285,1,0,1
21286,1,0,1
21287,1,0,1
21288,1,0,1
21289,1,0,1
21290,1,0,1
21291,1,0,1
21292,1,0,1
21293,1,0,1
21294,1,0,1
21295,1,0,1
21296,1,0,1
21297,1,0,1
21300,1,0,1
21301,1,0,1
21302,1,0,1
21303,1,0,1
21304,1,0,1
21305,1,0,1
21306,1,0,1
21307,1,0,1
21308,1,0,1
21309,1,0,1
21311,1,0,1
21312,1,0,1
21314,1,0,1
21315,1,0,1
21317,1,0,1
21318,1,0,1
21319,1,0,1
21320,1,0,1
21321,1,0,1
21322,1,0,1
21323,1,0,1
21325,1,0,1
21326,1,0,1
21327,1,0,1
21328,1,0,1
21330,1,0,1
21332,1,0,1
21333,1,0,1
21335,1,0,1
21336,1,0,1
21337,1,0,1
21338,1,0,1
21339,1,0,1
21340,1,0,1
21341,1,0,1
21343,1,0,1
21344,1,0,1
21345,1,0,1
21346,1,0,1
21347,1,0,1
21348,1,0,1
21349,1,0,1
21350,1,0,1
21351,1,0,1
21352,1,0,1
21353,1,0,1
21354,1,0,1
21355,1,0,1
21356,1,0,1
21358,1,0,1
21359,1,0,1
21360,1,0,1
21361,1,0,1
21362,1,0,1
21363,1,0,1
21364,1,0,1
21365,1,0,1
21366,1,0,1
21367,1,0,1
21368,1,0,1
21369,1,0,1
21370,1,0,1
21371,1,0,1
21374,1,0,1
21375,1,0,1
21376,1,0,1
21377,1,0,1
21379,1,0,1
21380,1,0,1
21382,1,0,1
21383,1,0,1
21384,1,0,1
21385,1,0,1
21386,1,0,1
21388,1,0,1
21390,1,0,1
21391,1,0,1
21392,1,0,1
21393,1,0,1
21394,1,0,1
21395,1,0,1
21396,1,0,1
21397,1,0,1
21398,1,0,1
21400,1,0,1
21401,1,0,1
21402,1,0,1
21405,1,0,1
21407,1,0,1
21408,1,0,1
21410,1,0,1
21411,1,0,1
21412,1,0,1
21413,1,0,1
21414,1,0,1
21415,1,0,1
21416,1,0,1
21417,1,0,1
21418,1,0,1
21419,1,0,1
21420,1,0,1
21421,1,0,1
21422,1,0,1
21423,1,0,1
21424,1,0,1
21425,1,0,1
21427,1,0,1
21428,1,0,1
21431,1,0,1
21432,1,0,1
21433,1,0,1
21434,1,0,1
21435,1,0,1
21436,1,0,1
21438,1,0,1
21439,1,0,1
21440,1,0,1
21442,1,0,1
21443,1,0,1
21445,1,0,1
21446,1,0,1
21447,1,0,1
21448,1,0,1
21449,1,0,1
21450,1,0,1
21451,1,0,1
21452,1,0,1
21453,1,0,1
21455,1,0,1
21457,1,0,1
21458,1,0,1
21459,1,0,1
21460,1,0,1
21461,1,0,1
21463,1,0,1
21465,1,0,1
21466,1,0,1
21467,1,0,1
21468,1,0,1
21469,1,0,1
21470,1,0,1
21471,1,0,1
21472,1,0,1
21473,1,0,1
21474,1,0,1
21475,1,0,1
21476,1,0,1
21477,1,0,1
21478,1,0,1
21479,1,0,1
21480,1,0,1
21483,1,0,1
21484,1,0,1
21485,1,0,1
21487,1,0,1
21489,1,0,1
21490,1,0,1
21491,1,0,1
21492,1,0,1
21493,1,0,1
21495,1,0,1
21496,1,0,1
21497,1,0,1
21498,1,0,1
21499,1,0,1
21500,1,0,1
21502,1,0,1
21503,1,0,1
21504,1,0,1
21506,1,0,1
21509,1,0,1
21510,1,0,1
21512,1,0,1
21513,1,0,1
21514,1,0,1
21515,1,0,1
21516,1,0,1
21517,1,0,1
21518,1,0,1
21519,1,0,1
21520,1,0,1
21521,1,0,1
21522,1,0,1
21523,1,0,1
21524,1,0,1
21525,1,0,1
21526,1,0,1
21527,1,0,1
21528,1,0,1
21529,1,0,1
21530,1,0,1
21531,1,0,1
21532,1,0,1
21533,1,0,1
21534,1,0,1
21536,1,0,1
21538,1,0,1
21539,1,0,1
21540,1,0,1
21541,1,0,1
21542,1,0,1
21543,1,0,1
21544,1,0,1
21545,1,0,1
21546,1,0,1
21547,1,0,1
21548,1,0,1
21549,1,0,1
21550,1,0,1
21553,1,0,1
21554,1,0,1
21557,1,0,1
21558,1,0,1
21559,1,0,1
21560,1,0,1
21561,1,0,1
21562,1,0,1
21563,1,0,1
21564,1,0,1
21565,1,0,1
21566,1,0,1
21567,1,0,1
21568,1,0,1
21569,1,0,1
21570,1,0,1
21571,1,0,1
21572,1,0,1
21574,1,0,1
21575,1,0,1
21576,1,0,1
21577,1,0,1
21578,1,0,1
21579,1,0,1
21580,1,0,1
21581,1,0,1
21582,1,0,1
21583,1,0,1
21584,1,0,1
21585,1,0,1
21586,1,0,1
21587,1,0,1
21588,1,0,1
21589,1,0,1
21590,1,0,1
21591,1,0,1
21593,1,0,1
21596,1,0,1
21597,1,0,1
21598,1,0,1
21599,1,0,1
21600,1,0,1
21601,1,0,1
21602,1,0,1
21603,1,0,1
21604,1,0,1
21605,1,0,1
21607,1,0,1
21608,1,0,1
21609,1,0,1
21610,1,0,1
21613,1,0,1
21614,1,0,1
21616,1,0,1
21617,1,0,1
21618,1,0,1
21619,1,0,1
21620,1,0,1
21621,1,0,1
21622,1,0,1
21624,1,0,1
21625,1,0,1
21626,1,0,1
21627,1,0,1
21629,1,0,1
21630,1,0,1
21631,1,0,1
21632,1,0,1
21633,1,0,1
21634,1,0,1
21635,1,0,1
21637,1,0,1
21638,1,0,1
21639,1,0,1
21640,1,0,1
21641,1,0,1
21643,1,0,1
21644,1,0,1
21645,1,0,1
21646,1,0,1
21647,1,0,1
21648,1,0,1
21649,1,0,1
21650,1,0,1
21651,1,0,1
21652,1,0,1
21653,1,0,1
21654,1,0,1
21655,1,0,1
21657,1,0,1
21658,1,0,1
21659,1,0,1
21660,1,0,1
21661,1,0,1
21662,1,0,1
21664,1,0,1
21665,1,0,1
21666,1,0,1
21667,1,0,1
21668,1,0,1
21669,1,0,1
21670,1,0,1
21671,1,0,1
21673,1,0,1
21675,1,0,1
21676,1,0,1
21677,1,0,1
21678,1,0,1
21679,1,0,1
21680,1,0,1
21681,1,0,1
21682,1,0,1
21683,1,0,1
21685,1,0,1
21686,1,0,1
21687,1,0,1
21688,1,0,1
21689,1,0,1
21690,1,0,1
21691,1,0,1
21692,1,0,1
21693,1,0,1
21694,1,0,1
21697,1,0,1
21698,1,0,1
21699,1,0,1
21700,1,0,1
21701,1,0,1
21702,1,0,1
21703,1,0,1
21704,1,0,1
21706,1,0,1
21707,1,0,1
21708,1,0,1
21709,1,0,1
21710,1,0,1
21711,1,0,1
21712,1,0,1
21714,1,0,1
21715,1,0,1
21716,1,0,1
21717,1,0,1
21718,1,0,1
21719,1,0,1
21720,1,0,1
21721,1,0,1
21722,1,0,1
21723,1,0,1
21724,1,0,1
21725,1,0,1
21727,1,0,1
21729,1,0,1
21730,1,0,1
21731,1,0,1
21732,1,0,1
21734,1,0,1
21735,1,0,1
21736,1,0,1
21737,1,0,1
21738,1,0,1
21739,1,0,1
21740,1,0,1
21741,1,0,1
21742,1,0,1
21743,1,0,1
21744,1,0,1
21745,1,0,1
21747,1,0,1
21748,1,0,1
21749,1,0,1
21750,1,0,1
21751,1,0,1
21752,1,0,1
21753,1,0,1
21754,1,0,1
21756,1,0,1
21757,1,0,1
21758,1,0,1
21759,1,0,1
21760,1,0,1
21761,1,0,1
21762,1,0,1
21763,1,0,1
21764,1,0,1
21765,1,0,1
21766,1,0,1
21767,1,0,1
21768,1,0,1
21770,1,0,1
21771,1,0,1
21772,1,0,1
21774,1,0,1
21775,1,0,1
21776,1,0,1
21777,1,0,1
21778,1,0,1
21780,1,0,1
21781,1,0,1
21782,1,0,1
21783,1,0,1
21784,1,0,1
21785,1,0,1
21786,1,0,1
21788,1,0,1
21789,1,0,1
21790,1,0,1
21791,1,0,1
21792,1,0,1
21793,1,0,1
21795,1,0,1
21796,1,0,1
21797,1,0,1
21798,1,0,1
21799,1,0,1
21801,1,0,1
21802,1,0,1
21803,1,0,1
21804,1,0,1
21805,1,0,1
21806,1,0,1
21809,1,0,1
21811,1,0,1
21812,1,0,1
21813,1,0,1
21814,1,0,1
21815,1,0,1
21816,1,0,1
21817,1,0,1
21818,1,0,1
21819,1,0,1
21821,1,0,1
21822,1,0,1
21823,1,0,1
21825,1,0,1
21826,1,0,1
21828,1,0,1
21829,1,0,1
21830,1,0,1
21831,1,0,1
21832,1,0,1
21833,1,0,1
21834,1,0,1
21835,1,0,1
21836,1,0,1
21837,1,0,1
21838,1,0,1
21839,1,0,1
21840,1,0,1
21841,1,0,1
21842,1,0,1
21843,1,0,1
21844,1,0,1
21845,1,0,1
21846,1,0,1
21847,1,0,1
21848,1,0,1
21849,1,0,1
21850,1,0,1
21851,1,0,1
21852,1,0,1
21853,1,0,1
21855,1,0,1
21856,1,0,1
21857,1,0,1
21858,1,0,1
21859,1,0,1
21860,1,0,1
21862,1,0,1
21863,1,0,1
21865,1,0,1
21866,1,0,1
21867,1,0,1
21868,1,0,1
21869,1,0,1
21870,1,0,1
21871,1,0,1
21872,1,0,1
21874,1,0,1
21876,1,0,1
21877,1,0,1
21878,1,0,1
21879,1,0,1
21880,1,0,1
21882,1,0,1
21884,1,0,1
21885,1,0,1
21886,1,0,1
21887,1,0,1
21888,1,0,1
21889,1,0,1
21890,1,0,1
21891,1,0,1
21892,1,0,1
21893,1,0,1
21894,1,0,1
21895,1,0,1
21896,1,0,1
21897,1,0,1
21898,1,0,1
21899,1,0,1
21900,1,0,1
21901,1,0,1
21902,1,0,1
21903,1,0,1
21904,1,0,1
21905,1,0,1
21906,1,0,1
21907,1,0,1
21908,1,0,1
21909,1,0,1
21910,1,0,1
21911,1,0,1
21912,1,0,1
21913,1,0,1
21914,1,0,1
21915,1,0,1
21916,1,0,1
21917,1,0,1
21918,1,0,1
21919,1,0,1
21924,1,0,1
21926,1,0,1
21927,1,0,1
21928,1,0,1
21929,1,0,1
21930,1,0,1
21931,1,0,1
21932,1,0,1
21934,1,0,1
21935,1,0,1
21936,1,0,1
21937,1,0,1
21939,1,0,1
21940,1,0,1
21941,1,0,1
21942,1,0,1
21943,1,0,1
21944,1,0,1
21945,1,0,1
21946,1,0,1
21947,1,0,1
21948,1,0,1
21949,1,0,1
21950,1,0,1
21951,1,0,1
21953,1,0,1
21954,1,0,1
21955,1,0,1
21956,1,0,1
21957,1,0,1
21958,1,0,1
21959,1,0,1
21962,1,0,1
21964,1,0,1
21965,1,0,1
21966,1,0,1
21967,1,0,1
21968,1,0,1
21969,1,0,1
21973,1,0,1
21974,1,0,1
21975,1,0,1
21977,1,0,1
21978,1,0,1
21980,1,0,1
21982,1,0,1
21983,1,0,1
21984,1,0,1
21985,1,0,1
21986,1,0,1
21987,1,0,1
21989,1,0,1
21990,1,0,1
21991,1,0,1
21992,1,0,1
21993,1,0,1
21994,1,0,1
21995,1,0,1
21996,1,0,1
21997,1,0,1
21998,1,0,1
21999,1,0,1
22000,1,0,1
22001,1,0,1
22002,1,0,1
22003,1,0,1
22004,1,0,1
22006,1,0,1
22007,1,0,1
22008,1,0,1
22009,1,0,1
22010,1,0,1
22012,1,0,1
22015,1,0,1
22016,1,0,1
22017,1,0,1
22018,1,0,1
22020,1,0,1
22021,1,0,1
22022,1,0,1
22023,1,0,1
22024,1,0,1
22025,1,0,1
22026,1,0,1
22027,1,0,1
22028,1,0,1
22029,1,0,1
22030,1,0,1
22031,1,0,1
22032,1,0,1
22033,1,0,1
22034,1,0,1
22035,1,0,1
22036,1,0,1
22037,1,0,1
22038,1,0,1
22039,1,0,1
22040,1,0,1
22041,1,0,1
22042,1,0,1
22043,1,0,1
22044,1,0,1
22045,1,0,1
22046,1,0,1
22047,1,0,1
22048,1,0,1
22049,1,0,1
22050,1,0,1
22051,1,0,1
22052,1,0,1
22053,1,0,1
22054,1,0,1
22055,1,0,1
22056,1,0,1
22059,1,0,1
22060,1,0,1
22061,1,0,1
22062,1,0,1
22063,1,0,1
22064,1,0,1
22065,1,0,1
22066,1,0,1
22067,1,0,1
22068,1,0,1
22069,1,0,1
22070,1,0,1
22071,1,0,1
22072,1,0,1
22073,1,0,1
22074,1,0,1
22075,1,0,1
22076,1,0,1
22077,1,0,1
22078,1,0,1
22079,1,0,1
22080,1,0,1
22081,1,0,1
22082,1,0,1
22083,1,0,1
22084,1,0,1
22085,1,0,1
22086,1,0,1
22087,1,0,1
22088,1,0,1
22089,1,0,1
22090,1,0,1
22091,1,0,1
22092,1,0,1
22093,1,0,1
22094,1,0,1
22095,1,0,1
22096,1,0,1
22097,1,0,1
22098,1,0,1
22100,1,0,1
22101,1,0,1
22103,1,0,1
22104,1,0,1
22105,1,0,1
22106,1,0,1
22107,1,0,1
22108,1,0,1
22109,1,0,1
22110,1,0,1
22111,1,0,1
22112,1,0,1
22113,1,0,1
22114,1,0,1
22115,1,0,1
22116,1,0,1
22117,1,0,1
22118,1,0,1
22119,1,0,1
22120,1,0,1
22122,1,0,1
22123,1,0,1
22124,1,0,1
22125,1,0,1
22126,1,0,1
22127,1,0,1
22128,1,0,1
22129,1,0,1
22130,1,0,1
22131,1,0,1
22133,1,0,1
22136,1,0,1
22137,1,0,1
22138,1,0,1
22139,1,0,1
22140,1,0,1
22141,1,0,1
22142,1,0,1
22143,1,0,1
22144,1,0,1
22145,1,0,1
22146,1,0,1
22147,1,0,1
22148,1,0,1
22149,1,0,1
22150,1,0,1
22152,1,0,1
22153,1,0,1
22154,1,0,1
22155,1,0,1
22156,1,0,1
22157,1,0,1
22158,1,0,1
22159,1,0,1
22160,1,0,1
22161,1,0,1
22162,1,0,1
22164,1,0,1
22165,1,0,1
22166,1,0,1
22169,1,0,1
22170,1,0,1
22171,1,0,1
22172,1,0,1
22173,1,0,1
22174,1,0,1
22175,1,0,1
22177,1,0,1
22178,1,0,1
22179,1,0,1
22181,1,0,1
22182,1,0,1
22183,1,0,1
22184,1,0,1
22185,1,0,1
22186,1,0,1
22187,1,0,1
22188,1,0,1
22189,1,0,1
22190,1,0,1
22191,1,0,1
22194,1,0,1
22195,1,0,1
22196,1,0,1
22197,1,0,1
22198,1,0,1
22199,1,0,1
22200,1,0,1
22201,1,0,1
22202,1,0,1
22203,1,0,1
22206,1,0,1
22207,1,0,1
22209,1,0,1
22210,1,0,1
22211,1,0,1
22212,1,0,1
22213,1,0,1
22214,1,0,1
22215,1,0,1
22216,1,0,1
22217,1,0,1
22218,1,0,1
22219,1,0,1
22220,1,0,1
22221,1,0,1
22222,1,0,1
22223,1,0,1
22224,1,0,1
22225,1,0,1
22226,1,0,1
22227,1,0,1
22228,1,0,1
22229,1,0,1
22230,1,0,1
22231,1,0,1
22232,1,0,1
22233,1,0,1
22234,1,0,1
22235,1,0,1
22236,1,0,1
22237,1,0,1
22238,1,0,1
22239,1,0,1
22240,1,0,1
22241,1,0,1
22243,1,0,1
22244,1,0,1
22245,1,0,1
22246,1,0,1
22247,1,0,1
22248,1,0,1
22249,1,0,1
22250,1,0,1
22252,1,0,1
22253,1,0,1
22254,1,0,1
22255,1,0,1
22256,1,0,1
22257,1,0,1
22258,1,0,1
22259,1,0,1
22260,1,0,1
22261,1,0,1
22263,1,0,1
22265,1,0,1
22267,1,0,1
22268,1,0,1
22269,1,0,1
22270,1,0,1
22271,1,0,1
22272,1,0,1
22273,1,0,1
22274,1,0,1
22275,1,0,1
22276,1,0,1
22277,1,0,1
22278,1,0,1
22279,1,0,1
22280,1,0,1
22281,1,0,1
22282,1,0,1
22283,1,0,1
22284,1,0,1
22285,1,0,1
22286,1,0,1
22287,1,0,1
22288,1,0,1
22290,1,0,1
22291,1,0,1
22292,1,0,1
22293,1,0,1
22294,1,0,1
22295,1,0,1
22296,1,0,1
22297,1,0,1
22298,1,0,1
22299,1,0,1
22300,1,0,1
22301,1,0,1
22303,1,0,1
22306,1,0,1
22307,1,0,1
22308,1,0,1
22309,1,0,1
22310,1,0,1
22311,1,0,1
22312,1,0,1
22313,1,0,1
22314,1,0,1
22315,1,0,1
22316,1,0,1
22317,1,0,1
22318,1,0,1
22319,1,0,1
22320,1,0,1
22321,1,0,1
22322,1,0,1
22323,1,0,1
22324,1,0,1
22325,1,0,1
22326,1,0,1
22327,1,0,1
22329,1,0,1
22330,1,0,1
22331,1,0,1
22333,1,0,1
22334,1,0,1
22335,1,0,1
22336,1,0,1
22337,1,0,1
22338,1,0,1
22340,1,0,1
22341,1,0,1
22342,1,0,1
22343,1,0,1
22344,1,0,1
22345,1,0,1
22346,1,0,1
22348,1,0,1
22349,1,0,1
22350,1,0,1
22351,1,0,1
22352,1,0,1
22353,1,0,1
22354,1,0,1
22355,1,0,1
22356,1,0,1
22358,1,0,1
22359,1,0,1
22360,1,0,1
22361,1,0,1
22362,1,0,1
22363,1,0,1
22364,1,0,1
22365,1,0,1
22366,1,0,1
22367,1,0,1
22369,1,0,1
22370,1,0,1
22371,1,0,1
22373,1,0,1
22374,1,0,1
22375,1,0,1
22376,1,0,1
22378,1,0,1
22379,1,0,1
22380,1,0,1
22381,1,0,1
22383,1,0,1
22384,1,0,1
22385,1,0,1
22386,1,0,1
22387,1,0,1
22389,1,0,1
22390,1,0,1
22391,1,0,1
22392,1,0,1
22394,1,0,1
22395,1,0,1
22396,1,0,1
22398,1,0,1
22399,1,0,1
22401,1,0,1
22403,1,0,1
22404,1,0,1
22405,1,0,1
22406,1,0,1
22407,1,0,1
22408,1,0,1
22409,1,0,1
22412,1,0,1
22413,1,0,1
22414,1,0,1
22416,1,0,1
22417,1,0,1
22418,1,0,1
22419,1,0,1
22420,1,0,1
22421,1,0,1
22422,1,0,1
22423,1,0,1
22424,1,0,1
22425,1,0,1
22426,1,0,1
22427,1,0,1
22428,1,0,1
22429,1,0,1
22430,1,0,1
22431,1,0,1
22432,1,0,1
22434,1,0,1
22435,1,0,1
22438,1,0,1
22439,1,0,1
22440,1,0,1
22441,1,0,1
22442,1,0,1
22443,1,0,1
22444,1,0,1
22445,1,0,1
22446,1,0,1
22447,1,0,1
22448,1,0,1
22450,1,0,1
22451,1,0,1
22452,1,0,1
22453,1,0,1
22454,1,0,1
22455,1,0,1
22456,1,0,1
22457,1,0,1
22458,1,0,1
22459,1,0,1
22460,1,0,1
22461,1,0,1
22463,1,0,1
22464,1,0,1
22466,1,0,1
22467,1,0,1
22469,1,0,1
22471,1,0,1
22472,1,0,1
22473,1,0,1
22474,1,0,1
22475,1,0,1
22476,1,0,1
22481,1,0,1
22483,1,0,1
22484,1,0,1
22485,1,0,1
22486,1,0,1
22488,1,0,1
22489,1,0,1
22491,1,0,1
22492,1,0,1
22493,1,0,1
22494,1,0,1
22495,1,0,1
22496,1,0,1
22497,1,0,1
22498,1,0,1
22499,1,0,1
22500,1,0,1
22501,1,0,1
22502,1,0,1
22503,1,0,1
22504,1,0,1
22505,1,0,1
22506,1,0,1
22507,1,0,1
22508,1,0,1
22509,1,0,1
22510,1,0,1
22511,1,0,1
22512,1,0,1
22513,1,0,1
22514,1,0,1
22515,1,0,1
22516,1,0,1
22517,1,0,1
22518,1,0,1
22519,1,0,1
22520,1,0,1
22521,1,0,1
22522,1,0,1
22524,1,0,1
22526,1,0,1
22527,1,0,1
22529,1,0,1
22530,1,0,1
22531,1,0,1
22532,1,0,1
22533,1,0,1
22534,1,0,1
22535,1,0,1
22536,1,0,1
22537,1,0,1
22538,1,0,1
22539,1,0,1
22540,1,0,1
22541,1,0,1
22542,1,0,1
22543,1,0,1
22544,1,0,1
22545,1,0,1
22546,1,0,1
22547,1,0,1
22548,1,0,1
22549,1,0,1
22550,1,0,1
22551,1,0,1
22552,1,0,1
22553,1,0,1
22554,1,0,1
22555,1,0,1
22556,1,0,1
22558,1,0,1
22559,1,0,1
22560,1,0,1
22561,1,0,1
22562,1,0,1
22563,1,0,1
22564,1,0,1
22566,1,0,1
22567,1,0,1
22568,1,0,1
22569,1,0,1
22570,1,0,1
22571,1,0,1
22572,1,0,1
22573,1,0,1
22574,1,0,1
22575,1,0,1
22576,1,0,1
22577,1,0,1
22578,1,0,1
22579,1,0,1
22580,1,0,1
22581,1,0,1
22582,1,0,1
22583,1,0,1
22584,1,0,1
22585,1,0,1
22586,1,0,1
22587,1,0,1
22588,1,0,1
22589,1,0,1
22590,1,0,1
22591,1,0,1
22592,1,0,1
22593,1,0,1
22594,1,0,1
22595,1,0,1
22596,1,0,1
22598,1,0,1
22599,1,0,1
22600,1,0,1
22601,1,0,1
22602,1,0,1
22603,1,0,1
22604,1,0,1
22606,1,0,1
22607,1,0,1
22608,1,0,1
22609,1,0,1
22610,1,0,1
22611,1,0,1
22612,1,0,1
22613,1,0,1
22614,1,0,1
22615,1,0,1
22616,1,0,1
22618,1,0,1
22619,1,0,1
22620,1,0,1
22621,1,0,1
22622,1,0,1
22623,1,0,1
22624,1,0,1
22625,1,0,1
22626,1,0,1
22627,1,0,1
22629,1,0,1
22630,1,0,1
22631,1,0,1
22632,1,0,1
22633,1,0,1
22634,1,0,1
22635,1,0,1
22636,1,0,1
22637,1,0,1
22638,1,0,1
22639,1,0,1
22641,1,0,1
22642,1,0,1
22643,1,0,1
22644,1,0,1
22645,1,0,1
22646,1,0,1
22647,1,0,1
22648,1,0,1
22649,1,0,1
22650,1,0,1
22651,1,0,1
22652,1,0,1
22653,1,0,1
22654,1,0,1
22655,1,0,1
22656,1,0,1
22657,1,0,1
22658,1,0,1
22659,1,0,1
22660,1,0,1
22661,1,0,1
22662,1,0,1
22663,1,0,1
22664,1,0,1
22665,1,0,1
22666,1,0,1
22667,1,0,1
22668,1,0,1
22669,1,0,1
22670,1,0,1
22671,1,0,1
22672,1,0,1
22673,1,0,1
22674,1,0,1
22675,1,0,1
22676,1,0,1
22678,1,0,1
22679,1,0,1
22680,1,0,1
22681,1,0,1
22682,1,0,1
22683,1,0,1
22684,1,0,1
22685,1,0,1
22687,1,0,1
22688,1,0,1
22689,1,0,1
22690,1,0,1
22691,1,0,1
22692,1,0,1
22693,1,0,1
22694,1,0,1
22697,1,0,1
22698,1,0,1
22699,1,0,1
22700,1,0,1
22701,1,0,1
22702,1,0,1
22704,1,0,1
22706,1,0,1
22707,1,0,1
22709,1,0,1
22710,1,0,1
22712,1,0,1
22713,1,0,1
22714,1,0,1
22715,1,0,1
22716,1,0,1
22718,1,0,1
22719,1,0,1
22720,1,0,1
22721,1,0,1
22722,1,0,1
22723,1,0,1
22724,1,0,1
22725,1,0,1
22726,1,0,1
22727,1,0,1
22728,1,0,1
22729,1,0,1
22730,1,0,1
22733,1,0,1
22734,1,0,1
22735,1,0,1
22736,1,0,1
22737,1,0,1
22739,1,0,1
22740,1,0,1
22741,1,0,1
22744,1,0,1
22745,1,0,1
22746,1,0,1
22747,1,0,1
22748,1,0,1
22749,1,0,1
22750,1,0,1
22751,1,0,1
22752,1,0,1
22753,1,0,1
22754,1,0,1
22755,1,0,1
22756,1,0,1
22757,1,0,1
22758,1,0,1
22760,1,0,1
22761,1,0,1
22763,1,0,1
22764,1,0,1
22765,1,0,1
22766,1,0,1
22767,1,0,1
22768,1,0,1
22769,1,0,1
22771,1,0,1
22772,1,0,1
22773,1,0,1
22774,1,0,1
22775,1,0,1
22776,1,0,1
22777,1,0,1
22778,1,0,1
22779,1,0,1
22780,1,0,1
22781,1,0,1
22782,1,0,1
22783,1,0,1
22784,1,0,1
22785,1,0,1
22786,1,0,1
22788,1,0,1
22789,1,0,1
22790,1,0,1
22791,1,0,1
22792,1,0,1
22794,1,0,1
22795,1,0,1
22796,1,0,1
22797,1,0,1
22798,1,0,1
22799,1,0,1
22800,1,0,1
22802,1,0,1
22804,1,0,1
22805,1,0,1
22806,1,0,1
22808,1,0,1
22809,1,0,1
22810,1,0,1
22811,1,0,1
22812,1,0,1
22813,1,0,1
22814,1,0,1
22816,1,0,1
22817,1,0,1
22818,1,0,1
22819,1,0,1
22820,1,0,1
22821,1,0,1
22822,1,0,1
22823,1,0,1
22824,1,0,1
22825,1,0,1
22826,1,0,1
22831,1,0,1
22834,1,0,1
22835,1,0,1
22836,1,0,1
22837,1,0,1
22838,1,0,1
22839,1,0,1
22840,1,0,1
22841,1,0,1
22843,1,0,1
22844,1,0,1
22845,1,0,1
22846,1,0,1
22847,1,0,1
22848,1,0,1
22849,1,0,1
22850,1,0,1
22851,1,0,1
22852,1,0,1
22853,1,0,1
22855,1,0,1
22856,1,0,1
22857,1,0,1
22858,1,0,1
22859,1,0,1
22860,1,0,1
22861,1,0,1
22862,1,0,1
22863,1,0,1
22864,1,0,1
22865,1,0,1
22867,1,0,1
22869,1,0,1
22870,1,0,1
22872,1,0,1
22873,1,0,1
22874,1,0,1
22875,1,0,1
22876,1,0,1
22877,1,0,1
22878,1,0,1
22879,1,0,1
22880,1,0,1
22882,1,0,1
22883,1,0,1
22884,1,0,1
22885,1,0,1
22886,1,0,1
22887,1,0,1
22888,1,0,1
22889,1,0,1
22890,1,0,1
22891,1,0,1
22892,1,0,1
22893,1,0,1
22894,1,0,1
22895,1,0,1
22896,1,0,1
22897,1,0,1
22898,1,0,1
22899,1,0,1
22900,1,0,1
22901,1,0,1
22902,1,0,1
22905,1,0,1
22906,1,0,1
22907,1,0,1
22908,1,0,1
22909,1,0,1
22910,1,0,1
22911,1,0,1
22912,1,0,1
22913,1,0,1
22914,1,0,1
22915,1,0,1
22916,1,0,1
22917,1,0,1
22918,1,0,1
22919,1,0,1
22920,1,0,1
22921,1,0,1
22922,1,0,1
22923,1,0,1
22924,1,0,1
22925,1,0,1
22926,1,0,1
22927,1,0,1
22929,1,0,1
22930,1,0,1
22931,1,0,1
22932,1,0,1
22933,1,0,1
22934,1,0,1
22935,1,0,1
22936,1,0,1
22937,1,0,1
22938,1,0,1
22939,1,0,1
22940,1,0,1
22942,1,0,1
22943,1,0,1
22944,1,0,1
22945,1,0,1
22946,1,0,1
22947,1,0,1
22948,1,0,1
22949,1,0,1
22950,1,0,1
22951,1,0,1
22952,1,0,1
22953,1,0,1
22954,1,0,1
22955,1,0,1
22956,1,0,1
22957,1,0,1
22958,1,0,1
22960,1,0,1
22961,1,0,1
22962,1,0,1
22963,1,0,1
22964,1,0,1
22965,1,0,1
22966,1,0,1
22967,1,0,1
22970,1,0,1
22972,1,0,1
22973,1,0,1
22974,1,0,1
22975,1,0,1
22976,1,0,1
22977,1,0,1
22978,1,0,1
22979,1,0,1
22980,1,0,1
22981,1,0,1
22982,1,0,1
22983,1,0,1
22984,1,0,1
22985,1,0,1
22986,1,0,1
22987,1,0,1
22988,1,0,1
22989,1,0,1
22990,1,0,1
22991,1,0,1
22992,1,0,1
22993,1,0,1
22994,1,0,1
22995,1,0,1
22997,1,0,1
22998,1,0,1
22999,1,0,1
23001,1,0,1
23002,1,0,1
23003,1,0,1
23004,1,0,1
23005,1,0,1
23006,1,0,1
23007,1,0,1
23008,1,0,1
23009,1,0,1
23011,1,0,1
23012,1,0,1
23013,1,0,1
23014,1,0,1
23015,1,0,1
23016,1,0,1
23017,1,0,1
23018,1,0,1
23019,1,0,1
23020,1,0,1
23021,1,0,1
23022,1,0,1
23024,1,0,1
23026,1,0,1
23027,1,0,1
23028,1,0,1
23029,1,0,1
23030,1,0,1
23032,1,0,1
23033,1,0,1
23034,1,0,1
23035,1,0,1
23037,1,0,1
23038,1,0,1
23039,1,0,1
23040,1,0,1
23041,1,0,1
23042,1,0,1
23043,1,0,1
23044,1,0,1
23046,1,0,1
23047,1,0,1
23048,1,0,1
23050,1,0,1
23051,1,0,1
23052,1,0,1
23054,1,0,1
23055,1,0,1
23056,1,0,1
23058,1,0,1
23059,1,0,1
23060,1,0,1
23061,1,0,1
23062,1,0,1
23063,1,0,1
23066,1,0,1
23067,1,0,1
23068,1,0,1
23069,1,0,1
23070,1,0,1
23071,1,0,1
23072,1,0,1
23073,1,0,1
23074,1,0,1
23077,1,0,1
23078,1,0,1
23079,1,0,1
23080,1,0,1
23081,1,0,1
23082,1,0,1
23083,1,0,1
23084,1,0,1
23085,1,0,1
23086,1,0,1
23087,1,0,1
23088,1,0,1
23090,1,0,1
23095,1,0,1
23096,1,0,1
23097,1,0,1
23098,1,0,1
23099,1,0,1
23100,1,0,1
23101,1,0,1
23102,1,0,1
23103,1,0,1
23104,1,0,1
23105,1,0,1
23106,1,0,1
23107,1,0,1
23108,1,0,1
23109,1,0,1
23110,1,0,1
23111,1,0,1
23112,1,0,1
23114,1,0,1
23115,1,0,1
23116,1,0,1
23117,1,0,1
23118,1,0,1
23119,1,0,1
23120,1,0,1
23121,1,0,1
23122,1,0,1
23123,1,0,1
23125,1,0,1
23126,1,0,1
23127,1,0,1
23128,1,0,1
23129,1,0,1
23130,1,0,1
23131,1,0,1
23132,1,0,1
23135,1,0,1
23137,1,0,1
23138,1,0,1
23139,1,0,1
23140,1,0,1
23141,1,0,1
23142,1,0,1
23143,1,0,1
23144,1,0,1
23145,1,0,1
23146,1,0,1
23147,1,0,1
23148,1,0,1
23149,1,0,1
23150,1,0,1
23151,1,0,1
23152,1,0,1
23153,1,0,1
23154,1,0,1
23156,1,0,1
23158,1,0,1
23159,1,0,1
23160,1,0,1
23161,1,0,1
23162,1,0,1
23164,1,0,1
23165,1,0,1
23166,1,0,1
23168,1,0,1
23169,1,0,1
23170,1,0,1
23171,1,0,1
23172,1,0,1
23173,1,0,1
23174,1,0,1
23175,1,0,1
23176,1,0,1
23179,1,0,1
23180,1,0,1
23181,1,0,1
23183,1,0,1
23184,1,0,1
23185,1,0,1
23186,1,0,1
23188,1,0,1
23189,1,0,1
23190,1,0,1
23191,1,0,1
23192,1,0,1
23193,1,0,1
23195,1,0,1
23196,1,0,1
23197,1,0,1
23198,1,0,1
23199,1,0,1
23200,1,0,1
23202,1,0,1
23203,1,0,1
23204,1,0,1
23205,1,0,1
23206,1,0,1
23207,1,0,1
23208,1,0,1
23210,1,0,1
23211,1,0,1
23212,1,0,1
23215,1,0,1
23216,1,0,1
23217,1,0,1
23218,1,0,1
23219,1,0,1
23220,1,0,1
23221,1,0,1
23222,1,0,1
23223,1,0,1
23224,1,0,1
23225,1,0,1
23226,1,0,1
23227,1,0,1
23228,1,0,1
23229,1,0,1
23230,1,0,1
23231,1,0,1
23232,1,0,1
23233,1,0,1
23234,1,0,1
23236,1,0,1
23237,1,0,1
23238,1,0,1
23239,1,0,1
23240,1,0,1
23241,1,0,1
23242,1,0,1
23244,1,0,1
23245,1,0,1
23246,1,0,1
23247,1,0,1
23248,1,0,1
23249,1,0,1
23250,1,0,1
23251,1,0,1
23252,1,0,1
23253,1,0,1
23254,1,0,1
23255,1,0,1
23256,1,0,1
23257,1,0,1
23258,1,0,1
23259,1,0,1
23260,1,0,1
23261,1,0,1
23262,1,0,1
23263,1,0,1
23264,1,0,1
23265,1,0,1
23266,1,0,1
23268,1,0,1
23269,1,0,1
23270,1,0,1
23271,1,0,1
23273,1,0,1
23274,1,0,1
23275,1,0,1
23276,1,0,1
23277,1,0,1
23278,1,0,1
23279,1,0,1
23280,1,0,1
23281,1,0,1
23282,1,0,1
23283,1,0,1
23284,1,0,1
23285,1,0,1
23286,1,0,1
23287,1,0,1
23288,1,0,1
23289,1,0,1
23290,1,0,1
23291,1,0,1
23292,1,0,1
23293,1,0,1
23294,1,0,1
23295,1,0,1
23296,1,0,1
23297,1,0,1
23298,1,0,1
23299,1,0,1
23300,1,0,1
23301,1,0,1
23302,1,0,1
23303,1,0,1
23304,1,0,1
23305,1,0,1
23306,1,0,1
23307,1,0,1
23308,1,0,1
23309,1,0,1
23311,1,0,1
23312,1,0,1
23313,1,0,1
23314,1,0,1
23315,1,0,1
23316,1,0,1
23317,1,0,1
23318,1,0,1
23319,1,0,1
23321,1,0,1
23322,1,0,1
23323,1,0,1
23324,1,0,1
23325,1,0,1
23326,1,0,1
23327,1,0,1
23328,1,0,1
23329,1,0,1
23330,1,0,1
23331,1,0,1
23332,1,0,1
23333,1,0,1
23334,1,0,1
23335,1,0,1
23336,1,0,1
23337,1,0,1
23338,1,0,1
23339,1,0,1
23340,1,0,1
23342,1,0,1
23343,1,0,1
23345,1,0,1
23346,1,0,1
23347,1,0,1
23348,1,0,1
23350,1,0,1
23351,1,0,1
23352,1,0,1
23353,1,0,1
23354,1,0,1
23355,1,0,1
23356,1,0,1
23358,1,0,1
23359,1,0,1
23360,1,0,1
23362,1,0,1
23363,1,0,1
23364,1,0,1
23366,1,0,1
23368,1,0,1
23370,1,0,1
23371,1,0,1
23372,1,0,1
23373,1,0,1
23374,1,0,1
23375,1,0,1
23376,1,0,1
23380,1,0,1
23381,1,0,1
23382,1,0,1
23383,1,0,1
23384,1,0,1
23385,1,0,1
23386,1,0,1
23387,1,0,1
23388,1,0,1
23389,1,0,1
23390,1,0,1
23391,1,0,1
23392,1,0,1
23393,1,0,1
23394,1,0,1
23395,1,0,1
23396,1,0,1
23397,1,0,1
23398,1,0,1
23399,1,0,1
23401,1,0,1
23402,1,0,1
23403,1,0,1
23404,1,0,1
23405,1,0,1
23406,1,0,1
23407,1,0,1
23408,1,0,1
23409,1,0,1
23410,1,0,1
23411,1,0,1
23412,1,0,1
23413,1,0,1
23415,1,0,1
23416,1,0,1
23418,1,0,1
23419,1,0,1
23420,1,0,1
23421,1,0,1
23422,1,0,1
23426,1,0,1
23427,1,0,1
23428,1,0,1
23429,1,0,1
23430,1,0,1
23431,1,0,1
23432,1,0,1
23433,1,0,1
23435,1,0,1
23436,1,0,1
23437,1,0,1
23438,1,0,1
23439,1,0,1
23440,1,0,1
23441,1,0,1
23442,1,0,1
23443,1,0,1
23444,1,0,1
23445,1,0,1
23446,1,0,1
23447,1,0,1
23449,1,0,1
23450,1,0,1
23451,1,0,1
23452,1,0,1
23455,1,0,1
23456,1,0,1
23457,1,0,1
23458,1,0,1
23459,1,0,1
23460,1,0,1
23461,1,0,1
23462,1,0,1
23464,1,0,1
23465,1,0,1
23466,1,0,1
23467,1,0,1
23468,1,0,1
23469,1,0,1
23470,1,0,1
23472,1,0,1
23473,1,0,1
23474,1,0,1
23475,1,0,1
23476,1,0,1
23477,1,0,1
23478,1,0,1
23479,1,0,1
23480,1,0,1
23481,1,0,1
23483,1,0,1
23484,1,0,1
23485,1,0,1
23486,1,0,1
23487,1,0,1
23488,1,0,1
23489,1,0,1
23490,1,0,1
23491,1,0,1
23492,1,0,1
23493,1,0,1
23494,1,0,1
23495,1,0,1
23496,1,0,1
23497,1,0,1
23498,1,0,1
23499,1,0,1
23500,1,0,1
23501,1,0,1
23502,1,0,1
23503,1,0,1
23504,1,0,1
23505,1,0,1
23506,1,0,1
23507,1,0,1
23509,1,0,1
23510,1,0,1
23511,1,0,1
23512,1,0,1
23514,1,0,1
23515,1,0,1
23516,1,0,1
23517,1,0,1
23518,1,0,1
23519,1,0,1
23520,1,0,1
23521,1,0,1
23522,1,0,1
23523,1,0,1
23526,1,0,1
23527,1,0,1
23528,1,0,1
23529,1,0,1
23530,1,0,1
23531,1,0,1
23532,1,0,1
23533,1,0,1
23534,1,0,1
23535,1,0,1
23536,1,0,1
23537,1,0,1
23538,1,0,1
23539,1,0,1
23540,1,0,1
23542,1,0,1
23543,1,0,1
23544,1,0,1
23545,1,0,1
23546,1,0,1
23547,1,0,1
23548,1,0,1
23549,1,0,1
23550,1,0,1
23551,1,0,1
23552,1,0,1
23553,1,0,1
23554,1,0,1
23555,1,0,1
23556,1,0,1
23557,1,0,1
23558,1,0,1
23559,1,0,1
23560,1,0,1
23561,1,0,1
23562,1,0,1
23563,1,0,1
23565,1,0,1
23566,1,0,1
23567,1,0,1
23568,1,0,1
23569,1,0,1
23572,1,0,1
23573,1,0,1
23575,1,0,1
23576,1,0,1
23578,1,0,1
23580,1,0,1
23581,1,0,1
23582,1,0,1
23583,1,0,1
23584,1,0,1
23585,1,0,1
23586,1,0,1
23587,1,0,1
23588,1,0,1
23590,1,0,1
23591,1,0,1
23592,1,0,1
23593,1,0,1
23594,1,0,1
23595,1,0,1
23597,1,0,1
23598,1,0,1
23599,1,0,1
23600,1,0,1
23601,1,0,1
23602,1,0,1
23603,1,0,1
23604,1,0,1
23605,1,0,1
23606,1,0,1
23608,1,0,1
23609,1,0,1
23610,1,0,1
23611,1,0,1
23612,1,0,1
23613,1,0,1
23614,1,0,1
23615,1,0,1
23616,1,0,1
23617,1,0,1
23618,1,0,1
23619,1,0,1
23620,1,0,1
23621,1,0,1
23623,1,0,1
23625,1,0,1
23626,1,0,1
23627,1,0,1
23628,1,0,1
23629,1,0,1
23630,1,0,1
23631,1,0,1
23632,1,0,1
23633,1,0,1
23634,1,0,1
23635,1,0,1
23636,1,0,1
23637,1,0,1
23638,1,0,1
23639,1,0,1
23640,1,0,1
23641,1,0,1
23642,1,0,1
23643,1,0,1
23644,1,0,1
23645,1,0,1
23646,1,0,1
23647,1,0,1
23648,1,0,1
23650,1,0,1
23651,1,0,1
23652,1,0,1
23653,1,0,1
23654,1,0,1
23655,1,0,1
23656,1,0,1
23657,1,0,1
23658,1,0,1
23659,1,0,1
23661,1,0,1
23662,1,0,1
23663,1,0,1
23664,1,0,1
23666,1,0,1
23667,1,0,1
23669,1,0,1
23671,1,0,1
23672,1,0,1
23673,1,0,1
23674,1,0,1
23675,1,0,1
23676,1,0,1
23677,1,0,1
23678,1,0,1
23680,1,0,1
23681,1,0,1
23682,1,0,1
23683,1,0,1
23684,1,0,1
23685,1,0,1
23686,1,0,1
23687,1,0,1
23688,1,0,1
23689,1,0,1
23690,1,0,1
23691,1,0,1
23694,1,0,1
23695,1,0,1
23696,1,0,1
23699,1,0,1
23700,1,0,1
23701,1,0,1
23702,1,0,1
23703,1,0,1
23704,1,0,1
23705,1,0,1
23706,1,0,1
23707,1,0,1
23708,1,0,1
23709,1,0,1
23710,1,0,1
23711,1,0,1
23712,1,0,1
23714,1,0,1
23715,1,0,1
23717,1,0,1
23718,1,0,1
23719,1,0,1
23720,1,0,1
23721,1,0,1
23722,1,0,1
23723,1,0,1
23724,1,0,1
23725,1,0,1
23726,1,0,1
23727,1,0,1
23728,1,0,1
23729,1,0,1
23730,1,0,1
23731,1,0,1
23732,1,0,1
23733,1,0,1
23734,1,0,1
23735,1,0,1
23736,1,0,1
23737,1,0,1
23738,1,0,1
23739,1,0,1
23740,1,0,1
23741,1,0,1
23742,1,0,1
23743,1,0,1
23744,1,0,1
23746,1,0,1
23747,1,0,1
23749,1,0,1
23750,1,0,1
23751,1,0,1
23752,1,0,1
23753,1,0,1
23754,1,0,1
23755,1,0,1
23756,1,0,1
23757,1,0,1
23758,1,0,1
23759,1,0,1
23760,1,0,1
23761,1,0,1
23762,1,0,1
23763,1,0,1
23764,1,0,1
23765,1,0,1
23766,1,0,1
23767,1,0,1
23768,1,0,1
23769,1,0,1
23770,1,0,1
23771,1,0,1
23772,1,0,1
23773,1,0,1
23775,1,0,1
23776,1,0,1
23777,1,0,1
23778,1,0,1
23779,1,0,1
23780,1,0,1
23781,1,0,1
23783,1,0,1
23784,1,0,1
23785,1,0,1
23786,1,0,1
23787,1,0,1
23788,1,0,1
23789,1,0,1
23790,1,0,1
23791,1,0,1
23792,1,0,1
23793,1,0,1
23794,1,0,1
23795,1,0,1
23796,1,0,1
23797,1,0,1
23798,1,0,1
23799,1,0,1
23801,1,0,1
23802,1,0,1
23804,1,0,1
23805,1,0,1
23806,1,0,1
23807,1,0,1
23808,1,0,1
23809,1,0,1
23810,1,0,1
23811,1,0,1
23812,1,0,1
23813,1,0,1
23814,1,0,1
23815,1,0,1
23816,1,0,1
23817,1,0,1
23818,1,0,1
23819,1,0,1
23820,1,0,1
23821,1,0,1
23822,1,0,1
23823,1,0,1
23824,1,0,1
23826,1,0,1
23827,1,0,1
23828,1,0,1
23829,1,0,1
23830,1,0,1
23831,1,0,1
23832,1,0,1
23833,1,0,1
23834,1,0,1
23836,1,0,1
23837,1,0,1
23838,1,0,1
23839,1,0,1
23840,1,0,1
23841,1,0,1
23842,1,0,1
23843,1,0,1
23844,1,0,1
23845,1,0,1
23846,1,0,1
23847,1,0,1
23849,1,0,1
23850,1,0,1
23851,1,0,1
23852,1,0,1
23853,1,0,1
23854,1,0,1
23855,1,0,1
23856,1,0,1
23857,1,0,1
23858,1,0,1
23859,1,0,1
23860,1,0,1
23861,1,0,1
23862,1,0,1
23863,1,0,1
23864,1,0,1
23865,1,0,1
23867,1,0,1
23868,1,0,1
23869,1,0,1
23870,1,0,1
23871,1,0,1
23872,1,0,1
23873,1,0,1
23874,1,0,1
23876,1,0,1
23877,1,0,1
23878,1,0,1
23879,1,0,1
23880,1,0,1
23881,1,0,1
23882,1,0,1
23883,1,0,1
23884,1,0,1
23885,1,0,1
23886,1,0,1
23887,1,0,1
23889,1,0,1
23890,1,0,1
23891,1,0,1
23892,1,0,1
23894,1,0,1
23895,1,0,1
23896,1,0,1
23897,1,0,1
23898,1,0,1
23899,1,0,1
23901,1,0,1
23902,1,0,1
23903,1,0,1
23904,1,0,1
23905,1,0,1
23906,1,0,1
23907,1,0,1
23908,1,0,1
23909,1,0,1
23910,1,0,1
23911,1,0,1
23912,1,0,1
23913,1,0,1
23914,1,0,1
23915,1,0,1
23916,1,0,1
23917,1,0,1
23918,1,0,1
23920,1,0,1
23923,1,0,1
23924,1,0,1
23925,1,0,1
23926,1,0,1
23927,1,0,1
23928,1,0,1
23929,1,0,1
23930,1,0,1
23932,1,0,1
23933,1,0,1
23934,1,0,1
23935,1,0,1
23936,1,0,1
23937,1,0,1
23938,1,0,1
23939,1,0,1
23940,1,0,1
23941,1,0,1
23942,1,0,1
23943,1,0,1
23944,1,0,1
23945,1,0,1
23946,1,0,1
23947,1,0,1
23948,1,0,1
23949,1,0,1
23950,1,0,1
23951,1,0,1
23952,1,0,1
23953,1,0,1
23954,1,0,1
23955,1,0,1
23956,1,0,1
23957,1,0,1
23958,1,0,1
23959,1,0,1
23960,1,0,1
23961,1,0,1
23962,1,0,1
23963,1,0,1
23964,1,0,1
23966,1,0,1
23967,1,0,1
23968,1,0,1
23969,1,0,1
23970,1,0,1
23971,1,0,1
23972,1,0,1
23973,1,0,1
23974,1,0,1
23975,1,0,1
23976,1,0,1
23977,1,0,1
23978,1,0,1
23979,1,0,1
23981,1,0,1
23982,1,0,1
23983,1,0,1
23984,1,0,1
23985,1,0,1
23986,1,0,1
23987,1,0,1
23988,1,0,1
23989,1,0,1
23990,1,0,1
23991,1,0,1
23992,1,0,1
23995,1,0,1
23996,1,0,1
23997,1,0,1
23998,1,0,1
23999,1,0,1
24000,1,0,1
24001,1,0,1
24002,1,0,1
24003,1,0,1
24004,1,0,1
24005,1,0,1
24006,1,0,1
24007,1,0,1
24009,1,0,1
24010,1,0,1
24011,1,0,1
24012,1,0,1
24013,1,0,1
24014,1,0,1
24016,1,0,1
24018,1,0,1
24019,1,0,1
24020,1,0,1
24021,1,0,1
24022,1,0,1
24023,1,0,1
24024,1,0,1
24026,1,0,1
24027,1,0,1
24028,1,0,1
24030,1,0,1
24031,1,0,1
24032,1,0,1
24033,1,0,1
24034,1,0,1
24035,1,0,1
24036,1,0,1
24037,1,0,1
24038,1,0,1
24039,1,0,1
24040,1,0,1
24041,1,0,1
24042,1,0,1
24043,1,0,1
24044,1,0,1
24045,1,0,1
24046,1,0,1
24047,1,0,1
24048,1,0,1
24049,1,0,1
24050,1,0,1
24051,1,0,1
24052,1,0,1
24053,1,0,1
24054,1,0,1
24056,1,0,1
24059,1,0,1
24060,1,0,1
24061,1,0,1
24062,1,0,1
24063,1,0,1
24064,1,0,1
24065,1,0,1
24066,1,0,1
24067,1,0,1
24068,1,0,1
24069,1,0,1
24071,1,0,1
24072,1,0,1
24073,1,0,1
24075,1,0,1
24076,1,0,1
24077,1,0,1
24078,1,0,1
24079,1,0,1
24080,1,0,1
24082,1,0,1
24084,1,0,1
24085,1,0,1
24086,1,0,1
24087,1,0,1
24088,1,0,1
24089,1,0,1
24090,1,0,1
24091,1,0,1
24093,1,0,1
24094,1,0,1
24095,1,0,1
24096,1,0,1
24097,1,0,1
24098,1,0,1
24099,1,0,1
24100,1,0,1
24101,1,0,1
24102,1,0,1
24103,1,0,1
24104,1,0,1
24105,1,0,1
24106,1,0,1
24107,1,0,1
24108,1,0,1
24109,1,0,1
24110,1,0,1
24111,1,0,1
24112,1,0,1
24113,1,0,1
24114,1,0,1
24116,1,0,1
24117,1,0,1
24118,1,0,1
24119,1,0,1
24120,1,0,1
24121,1,0,1
24122,1,0,1
24123,1,0,1
24124,1,0,1
24125,1,0,1
24126,1,0,1
24127,1,0,1
24128,1,0,1
24129,1,0,1
24131,1,0,1
24132,1,0,1
24133,1,0,1
24136,1,0,1
24138,1,0,1
24140,1,0,1
24141,1,0,1
24142,1,0,1
24144,1,0,1
24145,1,0,1
24146,1,0,1
24147,1,0,1
24148,1,0,1
24149,1,0,1
24150,1,0,1
24151,1,0,1
24152,1,0,1
24153,1,0,1
24155,1,0,1
24156,1,0,1
24158,1,0,1
24159,1,0,1
24160,1,0,1
24161,1,0,1
24162,1,0,1
24163,1,0,1
24164,1,0,1
24165,1,0,1
24166,1,0,1
24167,1,0,1
24168,1,0,1
24169,1,0,1
24170,1,0,1
24172,1,0,1
24173,1,0,1
24174,1,0,1
24175,1,0,1
24176,1,0,1
24177,1,0,1
24178,1,0,1
24179,1,0,1
24181,1,0,1
24182,1,0,1
24183,1,0,1
24184,1,0,1
24185,1,0,1
24186,1,0,1
24187,1,0,1
24188,1,0,1
24189,1,0,1
24190,1,0,1
24191,1,0,1
24192,1,0,1
24193,1,0,1
24194,1,0,1
24196,1,0,1
24197,1,0,1
24198,1,0,1
24199,1,0,1
24201,1,0,1
24202,1,0,1
24203,1,0,1
24204,1,0,1
24205,1,0,1
24206,1,0,1
24207,1,0,1
24209,1,0,1
24210,1,0,1
24211,1,0,1
24212,1,0,1
24213,1,0,1
24214,1,0,1
24215,1,0,1
24216,1,0,1
24217,1,0,1
24218,1,0,1
24219,1,0,1
24220,1,0,1
24221,1,0,1
24224,1,0,1
24225,1,0,1
24226,1,0,1
24227,1,0,1
24228,1,0,1
24229,1,0,1
24230,1,0,1
24231,1,0,1
24232,1,0,1
24233,1,0,1
24234,1,0,1
24235,1,0,1
24236,1,0,1
24238,1,0,1
24239,1,0,1
24240,1,0,1
24241,1,0,1
24242,1,0,1
24243,1,0,1
24244,1,0,1
24245,1,0,1
24246,1,0,1
24247,1,0,1
24248,1,0,1
24249,1,0,1
24250,1,0,1
24253,1,0,1
24254,1,0,1
24255,1,0,1
24256,1,0,1
24257,1,0,1
24258,1,0,1
24259,1,0,1
24260,1,0,1
24261,1,0,1
24262,1,0,1
24263,1,0,1
24264,1,0,1
24265,1,0,1
24266,1,0,1
24267,1,0,1
24268,1,0,1
24269,1,0,1
24270,1,0,1
24271,1,0,1
24272,1,0,1
24273,1,0,1
24274,1,0,1
24275,1,0,1
24276,1,0,1
24278,1,0,1
24279,1,0,1
24280,1,0,1
24281,1,0,1
24282,1,0,1
24283,1,0,1
24284,1,0,1
24286,1,0,1
24287,1,0,1
24289,1,0,1
24290,1,0,1
24292,1,0,1
24293,1,0,1
24294,1,0,1
24295,1,0,1
24296,1,0,1
24297,1,0,1
24298,1,0,1
24299,1,0,1
24300,1,0,1
24301,1,0,1
24302,1,0,1
24303,1,0,1
24304,1,0,1
24305,1,0,1
24306,1,0,1
24307,1,0,1
24308,1,0,1
24309,1,0,1
24310,1,0,1
24311,1,0,1
24312,1,0,1
24313,1,0,1
24314,1,0,1
24316,1,0,1
24317,1,0,1
24318,1,0,1
24319,1,0,1
24320,1,0,1
24321,1,0,1
24322,1,0,1
24323,1,0,1
24325,1,0,1
24327,1,0,1
24328,1,0,1
24329,1,0,1
24331,1,0,1
24332,1,0,1
24333,1,0,1
24334,1,0,1
24335,1,0,1
24336,1,0,1
24337,1,0,1
24338,1,0,1
24340,1,0,1
24341,1,0,1
24342,1,0,1
24343,1,0,1
24344,1,0,1
24345,1,0,1
24347,1,0,1
24348,1,0,1
24349,1,0,1
24350,1,0,1
24351,1,0,1
24352,1,0,1
24353,1,0,1
24354,1,0,1
24355,1,0,1
24356,1,0,1
24357,1,0,1
24358,1,0,1
24359,1,0,1
24360,1,0,1
24362,1,0,1
24363,1,0,1
24364,1,0,1
24365,1,0,1
24366,1,0,1
24367,1,0,1
24368,1,0,1
24369,1,0,1
24370,1,0,1
24371,1,0,1
24372,1,0,1
24373,1,0,1
24374,1,0,1
24375,1,0,1
24376,1,0,1
24377,1,0,1
24378,1,0,1
24379,1,0,1
24380,1,0,1
24381,1,0,1
24382,1,0,1
24383,1,0,1
24384,1,0,1
24385,1,0,1
24387,1,0,1
24388,1,0,1
24389,1,0,1
24390,1,0,1
24391,1,0,1
24392,1,0,1
24393,1,0,1
24394,1,0,1
24395,1,0,1
24396,1,0,1
24398,1,0,1
24400,1,0,1
24401,1,0,1
24402,1,0,1
24404,1,0,1
24405,1,0,1
24406,1,0,1
24407,1,0,1
24408,1,0,1
24409,1,0,1
24410,1,0,1
24413,1,0,1
24414,1,0,1
24415,1,0,1
24416,1,0,1
24419,1,0,1
24420,1,0,1
24421,1,0,1
24422,1,0,1
24423,1,0,1
24425,1,0,1
24426,1,0,1
24427,1,0,1
24428,1,0,1
24429,1,0,1
24431,1,0,1
24432,1,0,1
24433,1,0,1
24434,1,0,1
24435,1,0,1
24436,1,0,1
24437,1,0,1
24438,1,0,1
24439,1,0,1
24440,1,0,1
24442,1,0,1
24444,1,0,1
24445,1,0,1
24446,1,0,1
24447,1,0,1
24448,1,0,1
24449,1,0,1
24450,1,0,1
24451,1,0,1
24452,1,0,1
24453,1,0,1
24454,1,0,1
24456,1,0,1
24457,1,0,1
24458,1,0,1
24459,1,0,1
24460,1,0,1
24461,1,0,1
24462,1,0,1
24464,1,0,1
24465,1,0,1
24466,1,0,1
24467,1,0,1
24468,1,0,1
24469,1,0,1
24470,1,0,1
24471,1,0,1
24472,1,0,1
24473,1,0,1
24474,1,0,1
24475,1,0,1
24477,1,0,1
24478,1,0,1
24479,1,0,1
24481,1,0,1
24482,1,0,1
24483,1,0,1
24484,1,0,1
24485,1,0,1
24486,1,0,1
24487,1,0,1
24488,1,0,1
24489,1,0,1
24490,1,0,1
24491,1,0,1
24492,1,0,1
24493,1,0,1
24494,1,0,1
24495,1,0,1
24496,1,0,1
24497,1,0,1
24498,1,0,1
24499,1,0,1
24500,1,0,1
24501,1,0,1
24502,1,0,1
24503,1,0,1
24504,1,0,1
24505,1,0,1
24507,1,0,1
24508,1,0,1
24509,1,0,1
24510,1,0,1
24511,1,0,1
24512,1,0,1
24513,1,0,1
24514,1,0,1
24515,1,0,1
24516,1,0,1
24517,1,0,1
24518,1,0,1
24519,1,0,1
24520,1,0,1
24521,1,0,1
24522,1,0,1
24523,1,0,1
24524,1,0,1
24525,1,0,1
24526,1,0,1
24527,1,0,1
24528,1,0,1
24529,1,0,1
24530,1,0,1
24531,1,0,1
24532,1,0,1
24533,1,0,1
24534,1,0,1
24535,1,0,1
24536,1,0,1
24537,1,0,1
24538,1,0,1
24539,1,0,1
24540,1,0,1
24541,1,0,1
24542,1,0,1
24543,1,0,1
24544,1,0,1
24545,1,0,1
24546,1,0,1
24547,1,0,1
24548,1,0,1
24549,1,0,1
24550,1,0,1
24553,1,0,1
24554,1,0,1
24555,1,0,1
24556,1,0,1
24557,1,0,1
24558,1,0,1
24559,1,0,1
24561,1,0,1
24562,1,0,1
24563,1,0,1
24564,1,0,1
24565,1,0,1
24566,1,0,1
24567,1,0,1
24568,1,0,1
24569,1,0,1
24570,1,0,1
24571,1,0,1
24573,1,0,1
24574,1,0,1
24575,1,0,1
24576,1,0,1
24577,1,0,1
24578,1,0,1
24580,1,0,1
24581,1,0,1
24582,1,0,1
24583,1,0,1
24584,1,0,1
24585,1,0,1
24586,1,0,1
24587,1,0,1
24589,1,0,1
24590,1,0,1
24592,1,0,1
24593,1,0,1
24594,1,0,1
24595,1,0,1
24596,1,0,1
24597,1,0,1
24598,1,0,1
24599,1,0,1
24600,1,0,1
24601,1,0,1
24602,1,0,1
24603,1,0,1
24604,1,0,1
24605,1,0,1
24606,1,0,1
24607,1,0,1
24608,1,0,1
24609,1,0,1
24610,1,0,1
24611,1,0,1
24612,1,0,1
24613,1,0,1
24614,1,0,1
24616,1,0,1
24617,1,0,1
24618,1,0,1
24619,1,0,1
24620,1,0,1
24621,1,0,1
24622,1,0,1
24623,1,0,1
24624,1,0,1
24626,1,0,1
24627,1,0,1
24628,1,0,1
24629,1,0,1
24630,1,0,1
24631,1,0,1
24632,1,0,1
24633,1,0,1
24636,1,0,1
24638,1,0,1
24639,1,0,1
24641,1,0,1
24642,1,0,1
24643,1,0,1
24644,1,0,1
24645,1,0,1
24646,1,0,1
24647,1,0,1
24648,1,0,1
24649,1,0,1
24650,1,0,1
24651,1,0,1
24652,1,0,1
24653,1,0,1
24654,1,0,1
24656,1,0,1
24657,1,0,1
24658,1,0,1
24659,1,0,1
24660,1,0,1
24661,1,0,1
24662,1,0,1
24663,1,0,1
24664,1,0,1
24665,1,0,1
24666,1,0,1
24667,1,0,1
24668,1,0,1
24669,1,0,1
24670,1,0,1
24671,1,0,1
24672,1,0,1
24673,1,0,1
24674,1,0,1
24675,1,0,1
24676,1,0,1
24677,1,0,1
24678,1,0,1
24679,1,0,1
24680,1,0,1
24681,1,0,1
24682,1,0,1
24683,1,0,1
24684,1,0,1
24685,1,0,1
24686,1,0,1
24687,1,0,1
24689,1,0,1
24690,1,0,1
24692,1,0,1
24693,1,0,1
24694,1,0,1
24695,1,0,1
24696,1,0,1
24697,1,0,1
24698,1,0,1
24700,1,0,1
24701,1,0,1
24702,1,0,1
24703,1,0,1
24704,1,0,1
24705,1,0,1
24706,1,0,1
24707,1,0,1
24708,1,0,1
24709,1,0,1
24710,1,0,1
24712,1,0,1
24713,1,0,1
24714,1,0,1
24715,1,0,1
24716,1,0,1
24717,1,0,1
24719,1,0,1
24720,1,0,1
24721,1,0,1
24722,1,0,1
24723,1,0,1
24724,1,0,1
24725,1,0,1
24726,1,0,1
24728,1,0,1
24729,1,0,1
24731,1,0,1
24732,1,0,1
24734,1,0,1
24735,1,0,1
24736,1,0,1
24737,1,0,1
24738,1,0,1
24740,1,0,1
24741,1,0,1
24742,1,0,1
24743,1,0,1
24744,1,0,1
24745,1,0,1
24746,1,0,1
24747,1,0,1
24748,1,0,1
24749,1,0,1
24750,1,0,1
24752,1,0,1
24753,1,0,1
24754,1,0,1
24755,1,0,1
24756,1,0,1
24757,1,0,1
24758,1,0,1
24759,1,0,1
24760,1,0,1
24762,1,0,1
24763,1,0,1
24764,1,0,1
24765,1,0,1
24766,1,0,1
24767,1,0,1
24768,1,0,1
24769,1,0,1
24770,1,0,1
24771,1,0,1
24772,1,0,1
24773,1,0,1
24774,1,0,1
24775,1,0,1
24776,1,0,1
24777,1,0,1
24778,1,0,1
24779,1,0,1
24780,1,0,1
24781,1,0,1
24782,1,0,1
24783,1,0,1
24784,1,0,1
24785,1,0,1
24787,1,0,1
24788,1,0,1
24789,1,0,1
24791,1,0,1
24792,1,0,1
24793,1,0,1
24794,1,0,1
24795,1,0,1
24796,1,0,1
24797,1,0,1
24798,1,0,1
24799,1,0,1
24800,1,0,1
24801,1,0,1
24802,1,0,1
24803,1,0,1
24804,1,0,1
24805,1,0,1
24806,1,0,1
24807,1,0,1
24808,1,0,1
24809,1,0,1
24810,1,0,1
24811,1,0,1
24812,1,0,1
24813,1,0,1
24815,1,0,1
24816,1,0,1
24818,1,0,1
24820,1,0,1
24821,1,0,1
24823,1,0,1
24824,1,0,1
24825,1,0,1
24826,1,0,1
24827,1,0,1
24828,1,0,1
24829,1,0,1
24830,1,0,1
24831,1,0,1
24833,1,0,1
24834,1,0,1
24836,1,0,1
24837,1,0,1
24838,1,0,1
24839,1,0,1
24840,1,0,1
24841,1,0,1
24842,1,0,1
24843,1,0,1
24844,1,0,1
24846,1,0,1
24847,1,0,1
24848,1,0,1
24850,1,0,1
24851,1,0,1
24852,1,0,1
24853,1,0,1
24854,1,0,1
24855,1,0,1
24856,1,0,1
24857,1,0,1
24858,1,0,1
24859,1,0,1
24860,1,0,1
24861,1,0,1
24862,1,0,1
24863,1,0,1
24864,1,0,1
24865,1,0,1
24866,1,0,1
24867,1,0,1
24868,1,0,1
24869,1,0,1
24870,1,0,1
24871,1,0,1
24872,1,0,1
24873,1,0,1
24874,1,0,1
24875,1,0,1
24876,1,0,1
24877,1,0,1
24878,1,0,1
24879,1,0,1
24880,1,0,1
24881,1,0,1
24882,1,0,1
24885,1,0,1
24886,1,0,1
24887,1,0,1
24889,1,0,1
24890,1,0,1
24891,1,0,1
24892,1,0,1
24893,1,0,1
24894,1,0,1
24895,1,0,1
24896,1,0,1
24897,1,0,1
24898,1,0,1
24899,1,0,1
24900,1,0,1
24901,1,0,1
24902,1,0,1
24903,1,0,1
24904,1,0,1
24905,1,0,1
24906,1,0,1
24907,1,0,1
24908,1,0,1
24909,1,0,1
24910,1,0,1
24911,1,0,1
24912,1,0,1
24913,1,0,1
24914,1,0,1
24916,1,0,1
24918,1,0,1
24921,1,0,1
24922,1,0,1
24923,1,0,1
24924,1,0,1
24926,1,0,1
24928,1,0,1
24929,1,0,1
24930,1,0,1
24931,1,0,1
24932,1,0,1
24935,1,0,1
24936,1,0,1
24937,1,0,1
24938,1,0,1
24939,1,0,1
24940,1,0,1
24941,1,0,1
24942,1,0,1
24943,1,0,1
24944,1,0,1
24945,1,0,1
24946,1,0,1
24947,1,0,1
24948,1,0,1
24950,1,0,1
24951,1,0,1
24952,1,0,1
24953,1,0,1
24954,1,0,1
24955,1,0,1
24956,1,0,1
24957,1,0,1
24958,1,0,1
24959,1,0,1
24960,1,0,1
24961,1,0,1
24962,1,0,1
24963,1,0,1
24964,1,0,1
24965,1,0,1
24966,1,0,1
24968,1,0,1
24969,1,0,1
24970,1,0,1
24971,1,0,1
24972,1,0,1
24973,1,0,1
24974,1,0,1
24975,1,0,1
24976,1,0,1
24977,1,0,1
24979,1,0,1
24980,1,0,1
24981,1,0,1
24983,1,0,1
24984,1,0,1
24985,1,0,1
24986,1,0,1
24987,1,0,1
24988,1,0,1
24989,1,0,1
24990,1,0,1
24991,1,0,1
24992,1,0,1
24993,1,0,1
24994,1,0,1
24995,1,0,1
24996,1,0,1
24998,1,0,1
24999,1,0,1
25000,1,0,1
25001,1,0,1
25003,1,0,1
25004,1,0,1
25005,1,0,1
25006,1,0,1
25007,1,0,1
25008,1,0,1
25009,1,0,1
25010,1,0,1
25011,1,0,1
25012,1,0,1
25013,1,0,1
25014,1,0,1
25015,1,0,1
25016,1,0,1
25017,1,0,1
25018,1,0,1
25019,1,0,1
25020,1,0,1
25021,1,0,1
25022,1,0,1
25023,1,0,1
25025,1,0,1
25026,1,0,1
25028,1,0,1
25029,1,0,1
25030,1,0,1
25031,1,0,1
25033,1,0,1
25034,1,0,1
25035,1,0,1
25036,1,0,1
25037,1,0,1
25038,1,0,1
25039,1,0,1
25040,1,0,1
25041,1,0,1
25042,1,0,1
25043,1,0,1
25044,1,0,1
25045,1,0,1
25046,1,0,1
25047,1,0,1
25048,1,0,1
25051,1,0,1
25052,1,0,1
25053,1,0,1
25054,1,0,1
25055,1,0,1
25056,1,0,1
25057,1,0,1
25058,1,0,1
25059,1,0,1
25060,1,0,1
25061,1,0,1
25063,1,0,1
25064,1,0,1
25065,1,0,1
25066,1,0,1
25068,1,0,1
25069,1,0,1
25070,1,0,1
25071,1,0,1
25072,1,0,1
25073,1,0,1
25074,1,0,1
25075,1,0,1
25077,1,0,1
25078,1,0,1
25079,1,0,1
25080,1,0,1
25081,1,0,1
25082,1,0,1
25083,1,0,1
25084,1,0,1
25085,1,0,1
25086,1,0,1
25088,1,0,1
25090,1,0,1
25091,1,0,1
25092,1,0,1
25093,1,0,1
25094,1,0,1
25095,1,0,1
25096,1,0,1
25097,1,0,1
25098,1,0,1
25099,1,0,1
25100,1,0,1
25101,1,0,1
25102,1,0,1
25103,1,0,1
25104,1,0,1
25105,1,0,1
25106,1,0,1
25107,1,0,1
25108,1,0,1
25109,1,0,1
25110,1,0,1
25111,1,0,1
25112,1,0,1
25113,1,0,1
25114,1,0,1
25116,1,0,1
25117,1,0,1
25118,1,0,1
25119,1,0,1
25120,1,0,1
25121,1,0,1
25122,1,0,1
25123,1,0,1
25124,1,0,1
25125,1,0,1
25126,1,0,1
25127,1,0,1
25128,1,0,1
25129,1,0,1
25130,1,0,1
25131,1,0,1
25132,1,0,1
25133,1,0,1
25135,1,0,1
25136,1,0,1
25137,1,0,1
25138,1,0,1
25139,1,0,1
25141,1,0,1
25142,1,0,1
25143,1,0,1
25144,1,0,1
25145,1,0,1
25146,1,0,1
25147,1,0,1
25148,1,0,1
25149,1,0,1
25150,1,0,1
25151,1,0,1
25152,1,0,1
25153,1,0,1
25154,1,0,1
25155,1,0,1
25156,1,0,1
25158,1,0,1
25159,1,0,1
25160,1,0,1
25164,1,0,1
25165,1,0,1
25166,1,0,1
25168,1,0,1
25169,1,0,1
25170,1,0,1
25171,1,0,1
25172,1,0,1
25173,1,0,1
25174,1,0,1
25175,1,0,1
25176,1,0,1
25177,1,0,1
25178,1,0,1
25179,1,0,1
25180,1,0,1
25181,1,0,1
25182,1,0,1
25183,1,0,1
25184,1,0,1
25185,1,0,1
25186,1,0,1
25187,1,0,1
25190,1,0,1
25191,1,0,1
25192,1,0,1
25193,1,0,1
25194,1,0,1
25195,1,0,1
25196,1,0,1
25197,1,0,1
25198,1,0,1
25199,1,0,1
25201,1,0,1
25202,1,0,1
25203,1,0,1
25204,1,0,1
25205,1,0,1
25206,1,0,1
25207,1,0,1
25208,1,0,1
25210,1,0,1
25211,1,0,1
25212,1,0,1
25213,1,0,1
25214,1,0,1
25215,1,0,1
25216,1,0,1
25217,1,0,1
25218,1,0,1
25219,1,0,1
25222,1,0,1
25223,1,0,1
25224,1,0,1
25225,1,0,1
25226,1,0,1
25227,1,0,1
25228,1,0,1
25229,1,0,1
25230,1,0,1
25231,1,0,1
25233,1,0,1
25234,1,0,1
25235,1,0,1
25236,1,0,1
25238,1,0,1
25239,1,0,1
25240,1,0,1
25241,1,0,1
25242,1,0,1
25243,1,0,1
25244,1,0,1
25245,1,0,1
25246,1,0,1
25247,1,0,1
25248,1,0,1
25249,1,0,1
25251,1,0,1
25252,1,0,1
25253,1,0,1
25254,1,0,1
25256,1,0,1
25257,1,0,1
25258,1,0,1
25259,1,0,1
25260,1,0,1
25261,1,0,1
25262,1,0,1
25263,1,0,1
25264,1,0,1
25265,1,0,1
25267,1,0,1
25268,1,0,1
25269,1,0,1
25270,1,0,1
25271,1,0,1
25272,1,0,1
25274,1,0,1
25275,1,0,1
25276,1,0,1
25277,1,0,1
25278,1,0,1
25279,1,0,1
25280,1,0,1
25282,1,0,1
25283,1,0,1
25284,1,0,1
25285,1,0,1
25286,1,0,1
25287,1,0,1
25288,1,0,1
25289,1,0,1
25290,1,0,1
25291,1,0,1
25292,1,0,1
25293,1,0,1
25294,1,0,1
25295,1,0,1
25296,1,0,1
25298,1,0,1
25299,1,0,1
25300,1,0,1
25301,1,0,1
25302,1,0,1
25303,1,0,1
25304,1,0,1
25305,1,0,1
25306,1,0,1
25307,1,0,1
25308,1,0,1
25309,1,0,1
25311,1,0,1
25312,1,0,1
25313,1,0,1
25314,1,0,1
25315,1,0,1
25316,1,0,1
25317,1,0,1
25319,1,0,1
25320,1,0,1
25322,1,0,1
25323,1,0,1
25324,1,0,1
25326,1,0,1
25327,1,0,1
25329,1,0,1
25332,1,0,1
25334,1,0,1
25336,1,0,1
25337,1,0,1
25338,1,0,1
25339,1,0,1
25340,1,0,1
25341,1,0,1
25342,1,0,1
25344,1,0,1
25345,1,0,1
25346,1,0,1
25347,1,0,1
25349,1,0,1
25350,1,0,1
25351,1,0,1
25352,1,0,1
25353,1,0,1
25354,1,0,1
25355,1,0,1
25356,1,0,1
25357,1,0,1
25358,1,0,1
25359,1,0,1
25360,1,0,1
25362,1,0,1
25363,1,0,1
25364,1,0,1
25367,1,0,1
25368,1,0,1
25369,1,0,1
25370,1,0,1
25371,1,0,1
25372,1,0,1
25373,1,0,1
25374,1,0,1
25375,1,0,1
25376,1,0,1
25378,1,0,1
25379,1,0,1
25380,1,0,1
25381,1,0,1
25382,1,0,1
25383,1,0,1
25384,1,0,1
25385,1,0,1
25386,1,0,1
25387,1,0,1
25388,1,0,1
25389,1,0,1
25390,1,0,1
25391,1,0,1
25396,1,0,1
25397,1,0,1
25398,1,0,1
25399,1,0,1
25400,1,0,1
25401,1,0,1
25402,1,0,1
25403,1,0,1
25404,1,0,1
25405,1,0,1
25406,1,0,1
25407,1,0,1
25408,1,0,1
25409,1,0,1
25411,1,0,1
25412,1,0,1
25413,1,0,1
25414,1,0,1
25416,1,0,1
25417,1,0,1
25418,1,0,1
25419,1,0,1
25420,1,0,1
25421,1,0,1
25422,1,0,1
25423,1,0,1
25424,1,0,1
25425,1,0,1
25426,1,0,1
25427,1,0,1
25428,1,0,1
25429,1,0,1
25430,1,0,1
25431,1,0,1
25433,1,0,1
25434,1,0,1
25435,1,0,1
25436,1,0,1
25437,1,0,1
25438,1,0,1
25439,1,0,1
25440,1,0,1
25441,1,0,1
25443,1,0,1
25445,1,0,1
25447,1,0,1
25448,1,0,1
25449,1,0,1
25450,1,0,1
25452,1,0,1
25453,1,0,1
25454,1,0,1
25457,1,0,1
25458,1,0,1
25459,1,0,1
25460,1,0,1
25461,1,0,1
25462,1,0,1
25463,1,0,1
25464,1,0,1
25465,1,0,1
25466,1,0,1
25467,1,0,1
25468,1,0,1
25469,1,0,1
25470,1,0,1
25471,1,0,1
25472,1,0,1
25474,1,0,1
25475,1,0,1
25477,1,0,1
25478,1,0,1
25479,1,0,1
25480,1,0,1
25481,1,0,1
25482,1,0,1
25483,1,0,1
25484,1,0,1
25485,1,0,1
25486,1,0,1
25487,1,0,1
25488,1,0,1
25489,1,0,1
25490,1,0,1
25491,1,0,1
25492,1,0,1
25494,1,0,1
25495,1,0,1
25496,1,0,1
25497,1,0,1
25498,1,0,1
25499,1,0,1
25500,1,0,1
25501,1,0,1
25502,1,0,1
25503,1,0,1
25504,1,0,1
25506,1,0,1
25507,1,0,1
25508,1,0,1
25509,1,0,1
25511,1,0,1
25513,1,0,1
25514,1,0,1
25515,1,0,1
25516,1,0,1
25517,1,0,1
25518,1,0,1
25519,1,0,1
25520,1,0,1
25521,1,0,1
25522,1,0,1
25523,1,0,1
25524,1,0,1
25525,1,0,1
25526,1,0,1
25527,1,0,1
25528,1,0,1
25529,1,0,1
25530,1,0,1
25531,1,0,1
25532,1,0,1
25533,1,0,1
25534,1,0,1
25535,1,0,1
25536,1,0,1
25537,1,0,1
25538,1,0,1
25539,1,0,1
25542,1,0,1
25543,1,0,1
25544,1,0,1
25545,1,0,1
25546,1,0,1
25547,1,0,1
25549,1,0,1
25550,1,0,1
25551,1,0,1
25553,1,0,1
25554,1,0,1
25555,1,0,1
25556,1,0,1
25559,1,0,1
25560,1,0,1
25562,1,0,1
25563,1,0,1
25564,1,0,1
25565,1,0,1
25566,1,0,1
25567,1,0,1
25568,1,0,1
25569,1,0,1
25570,1,0,1
25571,1,0,1
25572,1,0,1
25573,1,0,1
25574,1,0,1
25576,1,0,1
25577,1,0,1
25578,1,0,1
25579,1,0,1
25580,1,0,1
25581,1,0,1
25582,1,0,1
25583,1,0,1
25584,1,0,1
25585,1,0,1
25588,1,0,1
25589,1,0,1
25590,1,0,1
25591,1,0,1
25592,1,0,1
25593,1,0,1
25594,1,0,1
25595,1,0,1
25596,1,0,1
25597,1,0,1
25598,1,0,1
25600,1,0,1
25601,1,0,1
25602,1,0,1
25603,1,0,1
25604,1,0,1
25607,1,0,1
25608,1,0,1
25609,1,0,1
25610,1,0,1
25611,1,0,1
25612,1,0,1
25613,1,0,1
25614,1,0,1
25615,1,0,1
25616,1,0,1
25617,1,0,1
25618,1,0,1
25619,1,0,1
25620,1,0,1
25621,1,0,1
25622,1,0,1
25623,1,0,1
25624,1,0,1
25625,1,0,1
25626,1,0,1
25627,1,0,1
25628,1,0,1
25629,1,0,1
25630,1,0,1
25632,1,0,1
25633,1,0,1
25634,1,0,1
25635,1,0,1
25637,1,0,1
25638,1,0,1
25639,1,0,1
25640,1,0,1
25641,1,0,1
25643,1,0,1
25644,1,0,1
25645,1,0,1
25646,1,0,1
25647,1,0,1
25649,1,0,1
25650,1,0,1
25651,1,0,1
25652,1,0,1
25654,1,0,1
25656,1,0,1
25657,1,0,1
25658,1,0,1
25659,1,0,1
25660,1,0,1
25661,1,0,1
25662,1,0,1
25663,1,0,1
25664,1,0,1
25666,1,0,1
25667,1,0,1